Temperature (C)	Pressure (MPa)	Density (kg/m3)	Volume (m3/kg)	Internal Energy (kJ/mol)	Enthalpy (kJ/mol)	Entropy (J/mol*K)	Cv (J/mol*K)	Cp (J/mol*K)	Sound Spd. (m/s)	Joule-Thomson (K/MPa)	Viscosity (uPa*s)	Therm. Cond. (W/m*K)	Phase
100.00	10.000	188.56	0.0053032	19.853	22.187	84.948	36.920	66.972	268.40	5.3423	21.919	0.031802	supercritical
100.00	10.033	189.40	0.0052797	19.844	22.175	84.895	36.938	67.124	268.36	5.3353	21.944	0.031858	supercritical
100.00	10.067	190.25	0.0052563	19.834	22.163	84.842	36.956	67.277	268.32	5.3283	21.969	0.031915	supercritical
100.00	10.100	191.09	0.0052331	19.825	22.151	84.789	36.973	67.430	268.29	5.3212	21.993	0.031972	supercritical
100.00	10.133	191.94	0.0052101	19.816	22.139	84.737	36.991	67.583	268.25	5.3141	22.018	0.032030	supercritical
100.00	10.167	192.78	0.0051872	19.806	22.127	84.684	37.008	67.737	268.21	5.3070	22.043	0.032087	supercritical
100.00	10.200	193.63	0.0051644	19.797	22.115	84.632	37.026	67.892	268.18	5.2998	22.069	0.032145	supercritical
100.00	10.233	194.48	0.0051419	19.788	22.103	84.579	37.044	68.047	268.14	5.2926	22.094	0.032203	supercritical
100.00	10.267	195.33	0.0051194	19.778	22.091	84.527	37.061	68.202	268.11	5.2854	22.120	0.032262	supercritical
100.00	10.300	196.19	0.0050971	19.769	22.079	84.475	37.079	68.358	268.08	5.2781	22.145	0.032320	supercritical
100.00	10.333	197.05	0.0050750	19.759	22.067	84.422	37.096	68.515	268.04	5.2708	22.171	0.032379	supercritical
100.00	10.367	197.90	0.0050530	19.750	22.055	84.370	37.114	68.672	268.01	5.2635	22.197	0.032438	supercritical
100.00	10.400	198.76	0.0050311	19.740	22.043	84.318	37.131	68.830	267.98	5.2561	22.223	0.032498	supercritical
100.00	10.433	199.62	0.0050094	19.731	22.031	84.266	37.149	68.988	267.95	5.2487	22.249	0.032557	supercritical
100.00	10.467	200.49	0.0049879	19.721	22.019	84.214	37.166	69.146	267.92	5.2413	22.276	0.032617	supercritical
100.00	10.500	201.35	0.0049664	19.712	22.007	84.162	37.184	69.305	267.89	5.2338	22.302	0.032677	supercritical
100.00	10.533	202.22	0.0049452	19.702	21.995	84.110	37.201	69.464	267.87	5.2263	22.329	0.032738	supercritical
100.00	10.567	203.09	0.0049240	19.693	21.983	84.058	37.219	69.624	267.84	5.2188	22.356	0.032798	supercritical
100.00	10.600	203.96	0.0049030	19.683	21.971	84.007	37.236	69.785	267.81	5.2112	22.383	0.032859	supercritical
100.00	10.633	204.83	0.0048821	19.674	21.958	83.955	37.253	69.946	267.79	5.2036	22.410	0.032920	supercritical
100.00	10.667	205.70	0.0048614	19.664	21.946	83.903	37.271	70.107	267.77	5.1960	22.438	0.032981	supercritical
100.00	10.700	206.58	0.0048408	19.655	21.934	83.852	37.288	70.269	267.74	5.1883	22.465	0.033043	supercritical
100.00	10.733	207.45	0.0048203	19.645	21.922	83.800	37.305	70.431	267.72	5.1806	22.493	0.033105	supercritical
100.00	10.767	208.33	0.0048000	19.635	21.910	83.748	37.323	70.594	267.70	5.1729	22.520	0.033167	supercritical
100.00	10.800	209.21	0.0047798	19.626	21.898	83.697	37.340	70.757	267.68	5.1651	22.548	0.033229	supercritical
100.00	10.833	210.10	0.0047597	19.616	21.885	83.646	37.357	70.920	267.66	5.1573	22.577	0.033292	supercritical
100.00	10.867	210.98	0.0047398	19.607	21.873	83.594	37.374	71.084	267.64	5.1495	22.605	0.033355	supercritical
100.00	10.900	211.87	0.0047199	19.597	21.861	83.543	37.392	71.249	267.62	5.1416	22.633	0.033418	supercritical
100.00	10.933	212.75	0.0047003	19.587	21.849	83.492	37.409	71.414	267.61	5.1337	22.662	0.033481	supercritical
100.00	10.967	213.64	0.0046807	19.578	21.837	83.440	37.426	71.579	267.59	5.1258	22.691	0.033545	supercritical
100.00	11.000	214.53	0.0046612	19.568	21.824	83.389	37.443	71.745	267.58	5.1178	22.719	0.033608	supercritical
100.00	11.033	215.43	0.0046419	19.558	21.812	83.338	37.460	71.911	267.56	5.1098	22.748	0.033672	supercritical
100.00	11.067	216.32	0.0046227	19.548	21.800	83.287	37.477	72.078	267.55	5.1018	22.778	0.033737	supercritical
100.00	11.100	217.22	0.0046036	19.539	21.788	83.236	37.494	72.245	267.54	5.0937	22.807	0.033801	supercritical
100.00	11.133	218.12	0.0045847	19.529	21.775	83.185	37.512	72.413	267.53	5.0856	22.837	0.033866	supercritical
100.00	11.167	219.02	0.0045659	19.519	21.763	83.134	37.529	72.581	267.52	5.0774	22.866	0.033931	supercritical
100.00	11.200	219.92	0.0045471	19.509	21.751	83.083	37.546	72.749	267.51	5.0693	22.896	0.033997	supercritical
100.00	11.233	220.82	0.0045285	19.500	21.739	83.033	37.562	72.918	267.50	5.0611	22.926	0.034062	supercritical
100.00	11.267	221.73	0.0045100	19.490	21.726	82.982	37.579	73.087	267.50	5.0528	22.956	0.034128	supercritical
100.00	11.300	222.63	0.0044917	19.480	21.714	82.931	37.596	73.257	267.49	5.0446	22.987	0.034194	supercritical
100.00	11.333	223.54	0.0044734	19.470	21.702	82.881	37.613	73.427	267.49	5.0363	23.017	0.034260	supercritical
100.00	11.367	224.45	0.0044553	19.461	21.689	82.830	37.630	73.597	267.48	5.0279	23.048	0.034327	supercritical
100.00	11.400	225.37	0.0044372	19.451	21.677	82.779	37.647	73.768	267.48	5.0196	23.079	0.034394	supercritical
100.00	11.433	226.28	0.0044193	19.441	21.665	82.729	37.664	73.939	267.48	5.0112	23.110	0.034461	supercritical
100.00	11.467	227.19	0.0044015	19.431	21.652	82.679	37.680	74.110	267.48	5.0028	23.141	0.034528	supercritical
100.00	11.500	228.11	0.0043838	19.421	21.640	82.628	37.697	74.282	267.48	4.9943	23.173	0.034596	supercritical
100.00	11.533	229.03	0.0043662	19.411	21.627	82.578	37.714	74.454	267.48	4.9858	23.204	0.034663	supercritical
100.00	11.567	229.95	0.0043487	19.401	21.615	82.527	37.731	74.627	267.48	4.9773	23.236	0.034731	supercritical
100.00	11.600	230.87	0.0043314	19.391	21.603	82.477	37.747	74.800	267.49	4.9687	23.268	0.034800	supercritical
100.00	11.633	231.80	0.0043141	19.382	21.590	82.427	37.764	74.973	267.49	4.9601	23.300	0.034868	supercritical
100.00	11.667	232.72	0.0042969	19.372	21.578	82.377	37.780	75.146	267.50	4.9515	23.332	0.034937	supercritical
100.00	11.700	233.65	0.0042799	19.362	21.566	82.327	37.797	75.320	267.51	4.9428	23.365	0.035006	supercritical
100.00	11.733	234.58	0.0042629	19.352	21.553	82.277	37.813	75.495	267.52	4.9342	23.397	0.035075	supercritical
100.00	11.767	235.51	0.0042461	19.342	21.541	82.227	37.830	75.669	267.52	4.9254	23.430	0.035145	supercritical
100.00	11.800	236.44	0.0042293	19.332	21.528	82.177	37.846	75.844	267.54	4.9167	23.463	0.035214	supercritical
100.00	11.833	237.38	0.0042127	19.322	21.516	82.127	37.863	76.019	267.55	4.9079	23.496	0.035284	supercritical
100.00	11.867	238.31	0.0041962	19.312	21.503	82.077	37.879	76.195	267.56	4.8991	23.529	0.035354	supercritical
100.00	11.900	239.25	0.0041797	19.302	21.491	82.027	37.895	76.370	267.57	4.8902	23.563	0.035425	supercritical
100.00	11.933	240.19	0.0041634	19.292	21.478	81.977	37.912	76.546	267.59	4.8814	23.597	0.035495	supercritical
100.00	11.967	241.13	0.0041471	19.282	21.466	81.928	37.928	76.723	267.60	4.8724	23.630	0.035566	supercritical
100.00	12.000	242.07	0.0041310	19.272	21.454	81.878	37.944	76.899	267.62	4.8635	23.664	0.035637	supercritical
100.00	12.033	243.02	0.0041149	19.262	21.441	81.828	37.960	77.076	267.64	4.8545	23.699	0.035709	supercritical
100.00	12.067	243.96	0.0040990	19.252	21.429	81.779	37.976	77.253	267.66	4.8455	23.733	0.035780	supercritical
100.00	12.100	244.91	0.0040831	19.242	21.416	81.729	37.992	77.431	267.68	4.8365	23.768	0.035852	supercritical
100.00	12.133	245.86	0.0040674	19.232	21.404	81.680	38.008	77.608	267.70	4.8274	23.802	0.035924	supercritical
100.00	12.167	246.81	0.0040517	19.222	21.391	81.630	38.024	77.786	267.73	4.8183	23.837	0.035997	supercritical
100.00	12.200	247.76	0.0040361	19.212	21.379	81.581	38.040	77.964	267.75	4.8092	23.872	0.036069	supercritical
100.00	12.233	248.71	0.0040207	19.201	21.366	81.532	38.056	78.142	267.78	4.8001	23.908	0.036142	supercritical
100.00	12.267	249.67	0.0040053	19.191	21.354	81.482	38.072	78.321	267.80	4.7909	23.943	0.036215	supercritical
100.00	12.300	250.63	0.0039900	19.181	21.341	81.433	38.088	78.499	267.83	4.7817	23.979	0.036288	supercritical
100.00	12.333	251.59	0.0039748	19.171	21.329	81.384	38.104	78.678	267.86	4.7724	24.015	0.036362	supercritical
100.00	12.367	252.55	0.0039597	19.161	21.316	81.335	38.119	78.857	267.89	4.7631	24.051	0.036435	supercritical
100.00	12.400	253.51	0.0039447	19.151	21.304	81.286	38.135	79.037	267.93	4.7538	24.087	0.036509	supercritical
100.00	12.433	254.47	0.0039297	19.141	21.291	81.237	38.151	79.216	267.96	4.7445	24.124	0.036583	supercritical
100.00	12.467	255.44	0.0039149	19.131	21.279	81.188	38.166	79.395	267.99	4.7351	24.160	0.036657	supercritical
100.00	12.500	256.40	0.0039001	19.120	21.266	81.139	38.182	79.575	268.03	4.7257	24.197	0.036732	supercritical
100.00	12.533	257.37	0.0038855	19.110	21.253	81.090	38.197	79.755	268.07	4.7163	24.234	0.036807	supercritical
100.00	12.567	258.34	0.0038709	19.100	21.241	81.041	38.213	79.935	268.10	4.7069	24.271	0.036882	supercritical
100.00	12.600	259.31	0.0038564	19.090	21.228	80.992	38.228	80.115	268.14	4.6974	24.309	0.036957	supercritical
100.00	12.633	260.28	0.0038420	19.080	21.216	80.943	38.243	80.295	268.18	4.6879	24.346	0.037032	supercritical
100.00	12.667	261.26	0.0038277	19.070	21.203	80.895	38.259	80.475	268.23	4.6784	24.384	0.037108	supercritical
100.00	12.700	262.23	0.0038134	19.059	21.191	80.846	38.274	80.655	268.27	4.6688	24.422	0.037184	supercritical
100.00	12.733	263.21	0.0037993	19.049	21.178	80.797	38.289	80.836	268.32	4.6592	24.460	0.037260	supercritical
100.00	12.767	264.19	0.0037852	19.039	21.166	80.749	38.304	81.016	268.36	4.6496	24.498	0.037336	supercritical
100.00	12.800	265.17	0.0037712	19.029	21.153	80.700	38.319	81.196	268.41	4.6399	24.537	0.037412	supercritical
100.00	12.833	266.15	0.0037573	19.018	21.141	80.652	38.334	81.377	268.46	4.6303	24.576	0.037489	supercritical
100.00	12.867	267.13	0.0037435	19.008	21.128	80.603	38.349	81.558	268.51	4.6206	24.615	0.037566	supercritical
100.00	12.900	268.11	0.0037298	18.998	21.115	80.555	38.364	81.738	268.56	4.6108	24.654	0.037643	supercritical
100.00	12.933	269.10	0.0037161	18.988	21.103	80.507	38.379	81.919	268.61	4.6011	24.693	0.037720	supercritical
100.00	12.967	270.09	0.0037025	18.977	21.090	80.458	38.394	82.099	268.67	4.5913	24.732	0.037797	supercritical
100.00	13.000	271.07	0.0036890	18.967	21.078	80.410	38.409	82.280	268.72	4.5815	24.772	0.037875	supercritical
100.00	13.033	272.06	0.0036756	18.957	21.065	80.362	38.423	82.460	268.78	4.5716	24.812	0.037953	supercritical
100.00	13.067	273.05	0.0036623	18.947	21.053	80.314	38.438	82.641	268.84	4.5618	24.852	0.038031	supercritical
100.00	13.100	274.05	0.0036490	18.936	21.040	80.266	38.453	82.821	268.90	4.5519	24.892	0.038109	supercritical
100.00	13.133	275.04	0.0036358	18.926	21.027	80.218	38.467	83.002	268.96	4.5420	24.933	0.038187	supercritical
100.00	13.167	276.03	0.0036227	18.916	21.015	80.170	38.482	83.182	269.02	4.5320	24.974	0.038266	supercritical
100.00	13.200	277.03	0.0036097	18.905	21.002	80.122	38.496	83.362	269.09	4.5221	25.014	0.038345	supercritical
100.00	13.233	278.03	0.0035968	18.895	20.990	80.074	38.510	83.542	269.15	4.5121	25.056	0.038424	supercritical
100.00	13.267	279.03	0.0035839	18.885	20.977	80.027	38.525	83.722	269.22	4.5021	25.097	0.038503	supercritical
100.00	13.300	280.03	0.0035711	18.874	20.965	79.979	38.539	83.902	269.29	4.4920	25.138	0.038582	supercritical
100.00	13.333	281.03	0.0035584	18.864	20.952	79.931	38.553	84.082	269.36	4.4820	25.180	0.038662	supercritical
100.00	13.367	282.03	0.0035457	18.854	20.939	79.883	38.567	84.261	269.43	4.4719	25.222	0.038741	supercritical
100.00	13.400	283.03	0.0035331	18.843	20.927	79.836	38.581	84.441	269.50	4.4618	25.264	0.038821	supercritical
100.00	13.433	284.04	0.0035206	18.833	20.914	79.788	38.595	84.620	269.58	4.4516	25.306	0.038901	supercritical
100.00	13.467	285.05	0.0035082	18.823	20.902	79.741	38.609	84.799	269.65	4.4415	25.349	0.038981	supercritical
100.00	13.500	286.05	0.0034958	18.812	20.889	79.694	38.623	84.978	269.73	4.4313	25.391	0.039062	supercritical
100.00	13.533	287.06	0.0034836	18.802	20.877	79.646	38.637	85.157	269.81	4.4211	25.434	0.039142	supercritical
100.00	13.567	288.07	0.0034714	18.792	20.864	79.599	38.650	85.335	269.89	4.4109	25.477	0.039223	supercritical
100.00	13.600	289.08	0.0034592	18.781	20.852	79.552	38.664	85.513	269.97	4.4006	25.520	0.039303	supercritical
100.00	13.633	290.10	0.0034471	18.771	20.839	79.504	38.678	85.691	270.06	4.3904	25.564	0.039384	supercritical
100.00	13.667	291.11	0.0034351	18.760	20.827	79.457	38.691	85.869	270.14	4.3801	25.608	0.039465	supercritical
100.00	13.700	292.12	0.0034232	18.750	20.814	79.410	38.705	86.046	270.23	4.3698	25.651	0.039547	supercritical
100.00	13.733	293.14	0.0034114	18.740	20.801	79.363	38.718	86.223	270.32	4.3594	25.695	0.039628	supercritical
100.00	13.767	294.15	0.0033996	18.729	20.789	79.316	38.731	86.400	270.40	4.3491	25.740	0.039710	supercritical
100.00	13.800	295.17	0.0033879	18.719	20.776	79.269	38.744	86.576	270.50	4.3387	25.784	0.039791	supercritical
100.00	13.833	296.19	0.0033762	18.708	20.764	79.223	38.758	86.752	270.59	4.3283	25.829	0.039873	supercritical
100.00	13.867	297.21	0.0033646	18.698	20.751	79.176	38.771	86.928	270.68	4.3179	25.874	0.039955	supercritical
100.00	13.900	298.23	0.0033531	18.688	20.739	79.129	38.784	87.104	270.78	4.3075	25.919	0.040037	supercritical
100.00	13.933	299.25	0.0033417	18.677	20.726	79.082	38.797	87.279	270.88	4.2970	25.964	0.040120	supercritical
100.00	13.967	300.27	0.0033303	18.667	20.714	79.036	38.810	87.453	270.97	4.2865	26.009	0.040202	supercritical
100.00	14.000	301.30	0.0033190	18.656	20.701	78.989	38.822	87.628	271.07	4.2760	26.055	0.040285	supercritical
100.00	14.033	302.32	0.0033077	18.646	20.689	78.943	38.835	87.801	271.18	4.2655	26.101	0.040367	supercritical
100.00	14.067	303.35	0.0032965	18.636	20.676	78.896	38.848	87.975	271.28	4.2550	26.147	0.040450	supercritical
100.00	14.100	304.37	0.0032854	18.625	20.664	78.850	38.861	88.148	271.38	4.2445	26.193	0.040533	supercritical
100.00	14.133	305.40	0.0032744	18.615	20.651	78.804	38.873	88.320	271.49	4.2339	26.240	0.040616	supercritical
100.00	14.167	306.43	0.0032634	18.604	20.639	78.757	38.885	88.492	271.60	4.2233	26.286	0.040699	supercritical
100.00	14.200	307.46	0.0032525	18.594	20.627	78.711	38.898	88.664	271.71	4.2127	26.333	0.040782	supercritical
100.00	14.233	308.49	0.0032416	18.584	20.614	78.665	38.910	88.835	271.82	4.2021	26.380	0.040866	supercritical
100.00	14.267	309.52	0.0032308	18.573	20.602	78.619	38.922	89.005	271.93	4.1915	26.427	0.040949	supercritical
100.00	14.300	310.55	0.0032201	18.563	20.589	78.573	38.935	89.175	272.05	4.1808	26.475	0.041033	supercritical
100.00	14.333	311.58	0.0032094	18.552	20.577	78.527	38.947	89.344	272.17	4.1702	26.522	0.041116	supercritical
100.00	14.367	312.61	0.0031988	18.542	20.564	78.481	38.959	89.513	272.28	4.1595	26.570	0.041200	supercritical
100.00	14.400	313.65	0.0031883	18.531	20.552	78.435	38.971	89.682	272.40	4.1488	26.618	0.041284	supercritical
100.00	14.433	314.68	0.0031778	18.521	20.540	78.390	38.982	89.849	272.52	4.1381	26.667	0.041368	supercritical
100.00	14.467	315.72	0.0031674	18.511	20.527	78.344	38.994	90.016	272.65	4.1274	26.715	0.041452	supercritical
100.00	14.500	316.75	0.0031571	18.500	20.515	78.298	39.006	90.183	272.77	4.1166	26.764	0.041536	supercritical
100.00	14.533	317.79	0.0031468	18.490	20.502	78.253	39.018	90.349	272.90	4.1059	26.812	0.041621	supercritical
100.00	14.567	318.82	0.0031365	18.479	20.490	78.207	39.029	90.514	273.02	4.0951	26.861	0.041705	supercritical
100.00	14.600	319.86	0.0031264	18.469	20.478	78.162	39.041	90.678	273.15	4.0844	26.911	0.041789	supercritical
100.00	14.633	320.90	0.0031162	18.458	20.465	78.117	39.052	90.842	273.29	4.0736	26.960	0.041874	supercritical
100.00	14.667	321.94	0.0031062	18.448	20.453	78.071	39.063	91.005	273.42	4.0628	27.010	0.041958	supercritical
100.00	14.700	322.98	0.0030962	18.438	20.441	78.026	39.074	91.168	273.55	4.0520	27.059	0.042043	supercritical
100.00	14.733	324.02	0.0030863	18.427	20.428	77.981	39.086	91.329	273.69	4.0412	27.109	0.042128	supercritical
100.00	14.767	325.06	0.0030764	18.417	20.416	77.936	39.097	91.490	273.83	4.0303	27.159	0.042213	supercritical
100.00	14.800	326.10	0.0030666	18.406	20.404	77.891	39.108	91.651	273.96	4.0195	27.210	0.042298	supercritical
100.00	14.833	327.14	0.0030568	18.396	20.392	77.846	39.119	91.810	274.11	4.0086	27.260	0.042383	supercritical
100.00	14.867	328.18	0.0030471	18.386	20.379	77.801	39.129	91.969	274.25	3.9978	27.311	0.042468	supercritical
100.00	14.900	329.22	0.0030375	18.375	20.367	77.756	39.140	92.127	274.39	3.9869	27.362	0.042553	supercritical
100.00	14.933	330.26	0.0030279	18.365	20.355	77.712	39.151	92.284	274.54	3.9760	27.413	0.042638	supercritical
100.00	14.967	331.31	0.0030184	18.354	20.343	77.667	39.161	92.440	274.69	3.9652	27.464	0.042723	supercritical
100.00	15.000	332.35	0.0030089	18.344	20.330	77.622	39.172	92.596	274.84	3.9543	27.516	0.042808	supercritical
100.00	15.033	333.39	0.0029995	18.334	20.318	77.578	39.182	92.750	274.99	3.9434	27.568	0.042894	supercritical
100.00	15.067	334.44	0.0029901	18.323	20.306	77.533	39.193	92.904	275.14	3.9324	27.620	0.042979	supercritical
100.00	15.100	335.48	0.0029808	18.313	20.294	77.489	39.203	93.057	275.29	3.9215	27.672	0.043064	supercritical
100.00	15.133	336.52	0.0029716	18.303	20.282	77.445	39.213	93.209	275.45	3.9106	27.724	0.043150	supercritical
100.00	15.167	337.57	0.0029624	18.292	20.270	77.401	39.223	93.360	275.61	3.8997	27.776	0.043235	supercritical
100.00	15.200	338.61	0.0029532	18.282	20.257	77.356	39.233	93.511	275.77	3.8887	27.829	0.043321	supercritical
100.00	15.233	339.66	0.0029441	18.272	20.245	77.312	39.243	93.660	275.93	3.8778	27.882	0.043406	supercritical
100.00	15.267	340.70	0.0029351	18.261	20.233	77.268	39.253	93.809	276.09	3.8669	27.935	0.043492	supercritical
100.00	15.300	341.75	0.0029261	18.251	20.221	77.225	39.263	93.956	276.26	3.8559	27.988	0.043577	supercritical
100.00	15.333	342.79	0.0029172	18.240	20.209	77.181	39.273	94.103	276.42	3.8449	28.041	0.043663	supercritical
100.00	15.367	343.84	0.0029083	18.230	20.197	77.137	39.282	94.248	276.59	3.8340	28.095	0.043749	supercritical
100.00	15.400	344.88	0.0028995	18.220	20.185	77.093	39.292	94.393	276.76	3.8230	28.148	0.043834	supercritical
100.00	15.433	345.93	0.0028908	18.209	20.173	77.050	39.301	94.536	276.93	3.8121	28.202	0.043920	supercritical
100.00	15.467	346.98	0.0028821	18.199	20.161	77.006	39.310	94.679	277.10	3.8011	28.256	0.044006	supercritical
100.00	15.500	348.02	0.0028734	18.189	20.149	76.963	39.320	94.821	277.28	3.7901	28.311	0.044091	supercritical
100.00	15.533	349.07	0.0028648	18.179	20.137	76.919	39.329	94.961	277.45	3.7792	28.365	0.044177	supercritical
100.00	15.567	350.11	0.0028562	18.168	20.125	76.876	39.338	95.101	277.63	3.7682	28.420	0.044263	supercritical
100.00	15.600	351.16	0.0028477	18.158	20.113	76.833	39.347	95.239	277.81	3.7572	28.474	0.044349	supercritical
100.00	15.633	352.20	0.0028393	18.148	20.101	76.790	39.356	95.377	277.99	3.7462	28.529	0.044434	supercritical
100.00	15.667	353.25	0.0028309	18.137	20.089	76.747	39.365	95.513	278.18	3.7353	28.584	0.044520	supercritical
100.00	15.700	354.29	0.0028225	18.127	20.077	76.704	39.374	95.649	278.36	3.7243	28.640	0.044606	supercritical
100.00	15.733	355.34	0.0028142	18.117	20.066	76.661	39.382	95.783	278.55	3.7133	28.695	0.044692	supercritical
100.00	15.767	356.38	0.0028060	18.107	20.054	76.618	39.391	95.916	278.74	3.7023	28.751	0.044777	supercritical
100.00	15.800	357.43	0.0027978	18.096	20.042	76.575	39.399	96.048	278.92	3.6914	28.806	0.044863	supercritical
100.00	15.833	358.47	0.0027896	18.086	20.030	76.533	39.408	96.179	279.12	3.6804	28.862	0.044949	supercritical
100.00	15.867	359.52	0.0027815	18.076	20.018	76.490	39.416	96.309	279.31	3.6694	28.918	0.045035	supercritical
100.00	15.900	360.56	0.0027735	18.066	20.006	76.448	39.425	96.438	279.50	3.6585	28.975	0.045120	supercritical
100.00	15.933	361.60	0.0027655	18.056	19.995	76.405	39.433	96.565	279.70	3.6475	29.031	0.045206	supercritical
100.00	15.967	362.65	0.0027575	18.045	19.983	76.363	39.441	96.692	279.90	3.6366	29.088	0.045292	supercritical
100.00	16.000	363.69	0.0027496	18.035	19.971	76.321	39.449	96.817	280.10	3.6256	29.144	0.045377	supercritical
100.00	16.033	364.73	0.0027417	18.025	19.960	76.279	39.457	96.941	280.30	3.6147	29.201	0.045463	supercritical
100.00	16.067	365.77	0.0027339	18.015	19.948	76.237	39.465	97.064	280.50	3.6037	29.258	0.045548	supercritical
100.00	16.100	366.82	0.0027262	18.005	19.936	76.195	39.472	97.186	280.71	3.5928	29.316	0.045634	supercritical
100.00	16.133	367.86	0.0027184	17.994	19.925	76.153	39.480	97.307	280.91	3.5818	29.373	0.045719	supercritical
100.00	16.167	368.90	0.0027108	17.984	19.913	76.111	39.488	97.426	281.12	3.5709	29.431	0.045805	supercritical
100.00	16.200	369.94	0.0027032	17.974	19.901	76.069	39.495	97.544	281.33	3.5600	29.488	0.045890	supercritical
100.00	16.233	370.98	0.0026956	17.964	19.890	76.028	39.503	97.661	281.54	3.5491	29.546	0.045976	supercritical
100.00	16.267	372.02	0.0026880	17.954	19.878	75.986	39.510	97.777	281.76	3.5382	29.604	0.046061	supercritical
100.00	16.300	373.06	0.0026806	17.944	19.867	75.945	39.517	97.892	281.97	3.5273	29.662	0.046147	supercritical
100.00	16.333	374.09	0.0026731	17.934	19.855	75.904	39.525	98.005	282.19	3.5164	29.721	0.046232	supercritical
100.00	16.367	375.13	0.0026657	17.924	19.844	75.862	39.532	98.117	282.41	3.5055	29.779	0.046317	supercritical
100.00	16.400	376.17	0.0026584	17.914	19.832	75.821	39.539	98.228	282.63	3.4946	29.838	0.046402	supercritical
100.00	16.433	377.21	0.0026511	17.904	19.821	75.780	39.546	98.338	282.85	3.4837	29.896	0.046488	supercritical
100.00	16.467	378.24	0.0026438	17.894	19.810	75.739	39.553	98.446	283.07	3.4729	29.955	0.046573	supercritical
100.00	16.500	379.28	0.0026366	17.884	19.798	75.698	39.560	98.553	283.29	3.4620	30.014	0.046658	supercritical
100.00	16.533	380.31	0.0026294	17.874	19.787	75.657	39.566	98.659	283.52	3.4512	30.073	0.046743	supercritical
100.00	16.567	381.34	0.0026223	17.864	19.775	75.617	39.573	98.764	283.75	3.4404	30.133	0.046828	supercritical
100.00	16.600	382.38	0.0026152	17.854	19.764	75.576	39.579	98.867	283.98	3.4296	30.192	0.046913	supercritical
100.00	16.633	383.41	0.0026082	17.844	19.753	75.536	39.586	98.969	284.21	3.4187	30.252	0.046997	supercritical
100.00	16.667	384.44	0.0026012	17.834	19.742	75.495	39.592	99.070	284.44	3.4079	30.311	0.047082	supercritical
100.00	16.700	385.47	0.0025942	17.824	19.730	75.455	39.599	99.170	284.67	3.3972	30.371	0.047167	supercritical
100.00	16.733	386.50	0.0025873	17.814	19.719	75.415	39.605	99.268	284.91	3.3864	30.431	0.047251	supercritical
100.00	16.767	387.53	0.0025804	17.804	19.708	75.374	39.611	99.365	285.15	3.3756	30.491	0.047336	supercritical
100.00	16.800	388.56	0.0025736	17.794	19.697	75.334	39.617	99.461	285.39	3.3649	30.552	0.047421	supercritical
100.00	16.833	389.59	0.0025668	17.784	19.686	75.294	39.623	99.555	285.63	3.3542	30.612	0.047505	supercritical
100.00	16.867	390.61	0.0025601	17.774	19.675	75.254	39.629	99.648	285.87	3.3434	30.672	0.047589	supercritical
100.00	16.900	391.64	0.0025534	17.764	19.663	75.215	39.635	99.740	286.11	3.3327	30.733	0.047674	supercritical
100.00	16.933	392.66	0.0025467	17.754	19.652	75.175	39.641	99.831	286.36	3.3220	30.794	0.047758	supercritical
100.00	16.967	393.68	0.0025401	17.745	19.641	75.135	39.647	99.920	286.60	3.3114	30.855	0.047842	supercritical
100.00	17.000	394.71	0.0025335	17.735	19.630	75.096	39.652	100.01	286.85	3.3007	30.916	0.047926	supercritical
100.00	17.033	395.73	0.0025270	17.725	19.619	75.057	39.658	100.09	287.10	3.2901	30.977	0.048010	supercritical
100.00	17.067	396.75	0.0025205	17.715	19.608	75.017	39.663	100.18	287.35	3.2794	31.038	0.048094	supercritical
100.00	17.100	397.77	0.0025140	17.705	19.597	74.978	39.669	100.26	287.60	3.2688	31.099	0.048178	supercritical
100.00	17.133	398.78	0.0025076	17.696	19.586	74.939	39.674	100.35	287.86	3.2582	31.161	0.048261	supercritical
100.00	17.167	399.80	0.0025012	17.686	19.576	74.900	39.680	100.43	288.11	3.2476	31.222	0.048345	supercritical
100.00	17.200	400.82	0.0024949	17.676	19.565	74.861	39.685	100.51	288.37	3.2371	31.284	0.048429	supercritical
100.00	17.233	401.83	0.0024886	17.666	19.554	74.822	39.690	100.59	288.63	3.2265	31.346	0.048512	supercritical
100.00	17.267	402.85	0.0024823	17.657	19.543	74.783	39.695	100.66	288.89	3.2160	31.408	0.048596	supercritical
100.00	17.300	403.86	0.0024761	17.647	19.532	74.745	39.700	100.74	289.15	3.2055	31.470	0.048679	supercritical
100.00	17.333	404.87	0.0024699	17.637	19.522	74.706	39.705	100.82	289.42	3.1950	31.532	0.048762	supercritical
100.00	17.367	405.88	0.0024638	17.628	19.511	74.668	39.710	100.89	289.68	3.1845	31.594	0.048845	supercritical
100.00	17.400	406.89	0.0024577	17.618	19.500	74.629	39.715	100.96	289.95	3.1740	31.656	0.048928	supercritical
100.00	17.433	407.89	0.0024516	17.609	19.489	74.591	39.719	101.03	290.21	3.1636	31.719	0.049011	supercritical
100.00	17.467	408.90	0.0024456	17.599	19.479	74.553	39.724	101.10	290.48	3.1532	31.781	0.049094	supercritical
100.00	17.500	409.91	0.0024396	17.589	19.468	74.515	39.729	101.17	290.75	3.1428	31.844	0.049177	supercritical
100.00	17.533	410.91	0.0024336	17.580	19.458	74.477	39.733	101.24	291.02	3.1324	31.907	0.049259	supercritical
100.00	17.567	411.91	0.0024277	17.570	19.447	74.439	39.738	101.30	291.30	3.1220	31.969	0.049342	supercritical
100.00	17.600	412.91	0.0024218	17.561	19.437	74.402	39.742	101.37	291.57	3.1117	32.032	0.049424	supercritical
100.00	17.633	413.91	0.0024160	17.551	19.426	74.364	39.746	101.43	291.85	3.1014	32.095	0.049506	supercritical
100.00	17.667	414.91	0.0024102	17.542	19.416	74.326	39.750	101.49	292.13	3.0911	32.158	0.049589	supercritical
100.00	17.700	415.91	0.0024044	17.532	19.405	74.289	39.755	101.56	292.41	3.0808	32.221	0.049671	supercritical
100.00	17.733	416.90	0.0023987	17.523	19.395	74.252	39.759	101.62	292.69	3.0705	32.285	0.049753	supercritical
100.00	17.767	417.89	0.0023929	17.513	19.384	74.214	39.763	101.67	292.97	3.0603	32.348	0.049835	supercritical
100.00	17.800	418.89	0.0023873	17.504	19.374	74.177	39.767	101.73	293.25	3.0501	32.411	0.049917	supercritical
100.00	17.833	419.88	0.0023816	17.494	19.364	74.140	39.771	101.79	293.53	3.0399	32.475	0.049998	supercritical
100.00	17.867	420.87	0.0023760	17.485	19.353	74.103	39.775	101.84	293.82	3.0297	32.539	0.050080	supercritical
100.00	17.900	421.85	0.0023705	17.476	19.343	74.066	39.778	101.89	294.11	3.0196	32.602	0.050161	supercritical
100.00	17.933	422.84	0.0023650	17.466	19.333	74.029	39.782	101.95	294.40	3.0094	32.666	0.050243	supercritical
100.00	17.967	423.83	0.0023595	17.457	19.323	73.993	39.786	102.00	294.68	2.9993	32.730	0.050324	supercritical
100.00	18.000	424.81	0.0023540	17.448	19.312	73.956	39.789	102.05	294.98	2.9893	32.794	0.050405	supercritical
100.00	18.033	425.79	0.0023486	17.438	19.302	73.920	39.793	102.09	295.27	2.9792	32.858	0.050486	supercritical
100.00	18.067	426.77	0.0023432	17.429	19.292	73.883	39.797	102.14	295.56	2.9692	32.922	0.050567	supercritical
100.00	18.100	427.75	0.0023378	17.420	19.282	73.847	39.800	102.19	295.86	2.9592	32.986	0.050648	supercritical
100.00	18.133	428.73	0.0023325	17.411	19.272	73.811	39.803	102.23	296.15	2.9492	33.050	0.050728	supercritical
100.00	18.167	429.70	0.0023272	17.401	19.262	73.775	39.807	102.28	296.45	2.9392	33.114	0.050809	supercritical
100.00	18.200	430.68	0.0023219	17.392	19.252	73.739	39.810	102.32	296.75	2.9293	33.178	0.050890	supercritical
100.00	18.233	431.65	0.0023167	17.383	19.242	73.703	39.813	102.36	297.05	2.9194	33.243	0.050970	supercritical
100.00	18.267	432.62	0.0023115	17.374	19.232	73.667	39.816	102.40	297.35	2.9095	33.307	0.051050	supercritical
100.00	18.300	433.59	0.0023063	17.365	19.222	73.632	39.819	102.44	297.65	2.8996	33.372	0.051130	supercritical
100.00	18.333	434.55	0.0023012	17.356	19.212	73.596	39.822	102.47	297.96	2.8898	33.436	0.051210	supercritical
100.00	18.367	435.52	0.0022961	17.346	19.202	73.561	39.825	102.51	298.26	2.8800	33.501	0.051290	supercritical
100.00	18.400	436.48	0.0022910	17.337	19.193	73.525	39.828	102.55	298.57	2.8702	33.566	0.051370	supercritical
100.00	18.433	437.44	0.0022860	17.328	19.183	73.490	39.831	102.58	298.87	2.8604	33.630	0.051449	supercritical
100.00	18.467	438.41	0.0022810	17.319	19.173	73.455	39.834	102.61	299.18	2.8507	33.695	0.051529	supercritical
100.00	18.500	439.36	0.0022760	17.310	19.163	73.420	39.837	102.64	299.49	2.8410	33.760	0.051608	supercritical
100.00	18.533	440.32	0.0022711	17.301	19.154	73.385	39.839	102.67	299.80	2.8313	33.825	0.051688	supercritical
100.00	18.567	441.28	0.0022662	17.292	19.144	73.350	39.842	102.70	300.12	2.8216	33.890	0.051767	supercritical
100.00	18.600	442.23	0.0022613	17.283	19.134	73.315	39.845	102.73	300.43	2.8120	33.955	0.051846	supercritical
100.00	18.633	443.18	0.0022564	17.274	19.125	73.281	39.847	102.76	300.74	2.8024	34.020	0.051925	supercritical
100.00	18.667	444.13	0.0022516	17.265	19.115	73.246	39.850	102.78	301.06	2.7928	34.085	0.052003	supercritical
100.00	18.700	445.08	0.0022468	17.256	19.106	73.212	39.852	102.81	301.38	2.7832	34.150	0.052082	supercritical
100.00	18.733	446.02	0.0022420	17.248	19.096	73.178	39.855	102.83	301.69	2.7737	34.215	0.052161	supercritical
100.00	18.767	446.97	0.0022373	17.239	19.086	73.143	39.857	102.86	302.01	2.7642	34.280	0.052239	supercritical
100.00	18.800	447.91	0.0022326	17.230	19.077	73.109	39.859	102.88	302.33	2.7547	34.346	0.052317	supercritical
100.00	18.833	448.85	0.0022279	17.221	19.068	73.075	39.861	102.90	302.65	2.7453	34.411	0.052395	supercritical
100.00	18.867	449.79	0.0022233	17.212	19.058	73.041	39.864	102.92	302.98	2.7359	34.476	0.052473	supercritical
100.00	18.900	450.72	0.0022187	17.203	19.049	73.007	39.866	102.94	303.30	2.7265	34.542	0.052551	supercritical
100.00	18.933	451.66	0.0022141	17.195	19.039	72.974	39.868	102.95	303.62	2.7171	34.607	0.052629	supercritical
100.00	18.967	452.59	0.0022095	17.186	19.030	72.940	39.870	102.97	303.95	2.7078	34.672	0.052707	supercritical
100.00	19.000	453.52	0.0022050	17.177	19.021	72.906	39.872	102.98	304.27	2.6985	34.738	0.052784	supercritical
100.00	19.033	454.45	0.0022005	17.168	19.012	72.873	39.874	103.00	304.60	2.6892	34.803	0.052862	supercritical
100.00	19.067	455.38	0.0021960	17.160	19.002	72.840	39.876	103.01	304.93	2.6799	34.869	0.052939	supercritical
100.00	19.100	456.30	0.0021915	17.151	18.993	72.806	39.878	103.02	305.26	2.6707	34.934	0.053016	supercritical
100.00	19.133	457.23	0.0021871	17.142	18.984	72.773	39.880	103.04	305.59	2.6615	35.000	0.053093	supercritical
100.00	19.167	458.15	0.0021827	17.134	18.975	72.740	39.881	103.05	305.92	2.6523	35.065	0.053170	supercritical
100.00	19.200	459.07	0.0021783	17.125	18.966	72.707	39.883	103.05	306.25	2.6432	35.131	0.053247	supercritical
100.00	19.233	459.98	0.0021740	17.117	18.957	72.674	39.885	103.06	306.59	2.6341	35.197	0.053323	supercritical
100.00	19.267	460.90	0.0021697	17.108	18.948	72.642	39.886	103.07	306.92	2.6250	35.262	0.053400	supercritical
100.00	19.300	461.81	0.0021654	17.100	18.939	72.609	39.888	103.08	307.26	2.6160	35.328	0.053476	supercritical
100.00	19.333	462.72	0.0021611	17.091	18.930	72.576	39.890	103.08	307.59	2.6069	35.394	0.053553	supercritical
100.00	19.367	463.63	0.0021569	17.083	18.921	72.544	39.891	103.09	307.93	2.5979	35.459	0.053629	supercritical
100.00	19.400	464.54	0.0021527	17.074	18.912	72.512	39.893	103.09	308.27	2.5890	35.525	0.053705	supercritical
100.00	19.433	465.45	0.0021485	17.066	18.903	72.479	39.894	103.09	308.61	2.5800	35.591	0.053781	supercritical
100.00	19.467	466.35	0.0021443	17.057	18.894	72.447	39.896	103.09	308.95	2.5711	35.656	0.053856	supercritical
100.00	19.500	467.25	0.0021402	17.049	18.885	72.415	39.897	103.09	309.29	2.5622	35.722	0.053932	supercritical
100.00	19.533	468.15	0.0021361	17.040	18.877	72.383	39.898	103.09	309.63	2.5534	35.788	0.054007	supercritical
100.00	19.567	469.05	0.0021320	17.032	18.868	72.351	39.900	103.09	309.98	2.5446	35.854	0.054083	supercritical
100.00	19.600	469.94	0.0021279	17.024	18.859	72.320	39.901	103.09	310.32	2.5358	35.920	0.054158	supercritical
100.00	19.633	470.84	0.0021239	17.015	18.850	72.288	39.902	103.09	310.66	2.5270	35.985	0.054233	supercritical
100.00	19.667	471.73	0.0021199	17.007	18.842	72.256	39.903	103.08	311.01	2.5183	36.051	0.054308	supercritical
100.00	19.700	472.62	0.0021159	16.999	18.833	72.225	39.904	103.08	311.36	2.5095	36.117	0.054383	supercritical
100.00	19.733	473.51	0.0021119	16.990	18.825	72.193	39.905	103.07	311.70	2.5009	36.183	0.054458	supercritical
100.00	19.767	474.39	0.0021080	16.982	18.816	72.162	39.907	103.07	312.05	2.4922	36.248	0.054532	supercritical
100.00	19.800	475.27	0.0021041	16.974	18.807	72.131	39.908	103.06	312.40	2.4836	36.314	0.054607	supercritical
100.00	19.833	476.15	0.0021002	16.966	18.799	72.100	39.909	103.05	312.75	2.4750	36.380	0.054681	supercritical
100.00	19.867	477.03	0.0020963	16.958	18.790	72.069	39.910	103.04	313.10	2.4665	36.446	0.054755	supercritical
100.00	19.900	477.91	0.0020924	16.949	18.782	72.038	39.911	103.03	313.45	2.4579	36.512	0.054829	supercritical
100.00	19.933	478.78	0.0020886	16.941	18.773	72.007	39.911	103.02	313.80	2.4494	36.577	0.054903	supercritical
100.00	19.967	479.66	0.0020848	16.933	18.765	71.976	39.912	103.01	314.16	2.4409	36.643	0.054977	supercritical
100.00	20.000	480.53	0.0020810	16.925	18.757	71.946	39.913	103.00	314.51	2.4325	36.709	0.055051	supercritical
100.00	20.033	481.40	0.0020773	16.917	18.748	71.915	39.914	102.99	314.86	2.4241	36.775	0.055124	supercritical
100.00	20.067	482.26	0.0020736	16.909	18.740	71.885	39.915	102.98	315.22	2.4157	36.840	0.055198	supercritical
100.00	20.100	483.13	0.0020698	16.901	18.732	71.855	39.916	102.96	315.58	2.4074	36.906	0.055271	supercritical
100.00	20.133	483.99	0.0020662	16.893	18.724	71.824	39.916	102.95	315.93	2.3990	36.972	0.055344	supercritical
100.00	20.167	484.85	0.0020625	16.885	18.715	71.794	39.917	102.93	316.29	2.3907	37.038	0.055417	supercritical
100.00	20.200	485.71	0.0020588	16.877	18.707	71.764	39.918	102.92	316.65	2.3825	37.103	0.055490	supercritical
100.00	20.233	486.56	0.0020552	16.869	18.699	71.734	39.918	102.90	317.01	2.3742	37.169	0.055563	supercritical
100.00	20.267	487.42	0.0020516	16.861	18.691	71.704	39.919	102.88	317.37	2.3660	37.235	0.055636	supercritical
100.00	20.300	488.27	0.0020480	16.853	18.683	71.675	39.919	102.86	317.73	2.3579	37.300	0.055708	supercritical
100.00	20.333	489.12	0.0020445	16.845	18.675	71.645	39.920	102.84	318.09	2.3497	37.366	0.055781	supercritical
100.00	20.367	489.97	0.0020409	16.837	18.667	71.615	39.920	102.82	318.45	2.3416	37.432	0.055853	supercritical
100.00	20.400	490.81	0.0020374	16.829	18.659	71.586	39.921	102.80	318.81	2.3335	37.497	0.055925	supercritical
100.00	20.433	491.66	0.0020339	16.822	18.651	71.556	39.921	102.78	319.17	2.3254	37.563	0.055997	supercritical
100.00	20.467	492.50	0.0020305	16.814	18.643	71.527	39.922	102.76	319.54	2.3174	37.629	0.056069	supercritical
100.00	20.500	493.34	0.0020270	16.806	18.635	71.498	39.922	102.74	319.90	2.3094	37.694	0.056141	supercritical
100.00	20.533	494.17	0.0020236	16.798	18.627	71.469	39.923	102.72	320.27	2.3015	37.760	0.056213	supercritical
100.00	20.567	495.01	0.0020202	16.791	18.619	71.440	39.923	102.69	320.63	2.2935	37.825	0.056284	supercritical
100.00	20.600	495.84	0.0020168	16.783	18.611	71.411	39.923	102.67	321.00	2.2856	37.891	0.056355	supercritical
100.00	20.633	496.67	0.0020134	16.775	18.603	71.382	39.924	102.64	321.37	2.2777	37.956	0.056427	supercritical
100.00	20.667	497.50	0.0020100	16.767	18.596	71.353	39.924	102.62	321.73	2.2699	38.022	0.056498	supercritical
100.00	20.700	498.33	0.0020067	16.760	18.588	71.325	39.924	102.59	322.10	2.2621	38.087	0.056569	supercritical
100.00	20.733	499.15	0.0020034	16.752	18.580	71.296	39.924	102.57	322.47	2.2543	38.152	0.056640	supercritical
100.00	20.767	499.98	0.0020001	16.744	18.572	71.268	39.925	102.54	322.84	2.2465	38.218	0.056711	supercritical
100.00	20.800	500.80	0.0019968	16.737	18.565	71.239	39.925	102.51	323.21	2.2388	38.283	0.056781	supercritical
100.00	20.833	501.61	0.0019936	16.729	18.557	71.211	39.925	102.48	323.58	2.2311	38.348	0.056852	supercritical
100.00	20.867	502.43	0.0019903	16.722	18.550	71.183	39.925	102.45	323.95	2.2234	38.414	0.056922	supercritical
100.00	20.900	503.25	0.0019871	16.714	18.542	71.155	39.925	102.43	324.32	2.2157	38.479	0.056993	supercritical
100.00	20.933	504.06	0.0019839	16.707	18.534	71.126	39.925	102.40	324.69	2.2081	38.544	0.057063	supercritical
100.00	20.967	504.87	0.0019807	16.699	18.527	71.099	39.925	102.37	325.07	2.2005	38.609	0.057133	supercritical
100.00	21.000	505.67	0.0019776	16.692	18.519	71.071	39.925	102.34	325.44	2.1930	38.675	0.057203	supercritical
100.00	21.033	506.48	0.0019744	16.684	18.512	71.043	39.925	102.30	325.81	2.1855	38.740	0.057273	supercritical
100.00	21.067	507.28	0.0019713	16.677	18.504	71.015	39.925	102.27	326.19	2.1780	38.805	0.057342	supercritical
100.00	21.100	508.09	0.0019682	16.669	18.497	70.988	39.925	102.24	326.56	2.1705	38.870	0.057412	supercritical
100.00	21.133	508.88	0.0019651	16.662	18.490	70.960	39.925	102.21	326.94	2.1630	38.935	0.057481	supercritical
100.00	21.167	509.68	0.0019620	16.655	18.482	70.933	39.925	102.17	327.31	2.1556	39.000	0.057551	supercritical
100.00	21.200	510.48	0.0019590	16.647	18.475	70.905	39.925	102.14	327.69	2.1482	39.065	0.057620	supercritical
100.00	21.233	511.27	0.0019559	16.640	18.468	70.878	39.925	102.11	328.06	2.1409	39.130	0.057689	supercritical
100.00	21.267	512.06	0.0019529	16.633	18.460	70.851	39.925	102.07	328.44	2.1336	39.194	0.057758	supercritical
100.00	21.300	512.85	0.0019499	16.625	18.453	70.824	39.925	102.04	328.82	2.1263	39.259	0.057827	supercritical
100.00	21.333	513.64	0.0019469	16.618	18.446	70.797	39.925	102.00	329.20	2.1190	39.324	0.057896	supercritical
100.00	21.367	514.42	0.0019439	16.611	18.439	70.770	39.925	101.97	329.57	2.1118	39.389	0.057964	supercritical
100.00	21.400	515.20	0.0019410	16.604	18.432	70.743	39.924	101.93	329.95	2.1045	39.453	0.058033	supercritical
100.00	21.433	515.99	0.0019380	16.596	18.424	70.716	39.924	101.89	330.33	2.0974	39.518	0.058101	supercritical
100.00	21.467	516.76	0.0019351	16.589	18.417	70.690	39.924	101.86	330.71	2.0902	39.583	0.058169	supercritical
100.00	21.500	517.54	0.0019322	16.582	18.410	70.663	39.924	101.82	331.09	2.0831	39.647	0.058237	supercritical
100.00	21.533	518.32	0.0019293	16.575	18.403	70.637	39.924	101.78	331.47	2.0760	39.712	0.058305	supercritical
100.00	21.567	519.09	0.0019265	16.568	18.396	70.610	39.923	101.74	331.85	2.0689	39.776	0.058373	supercritical
100.00	21.600	519.86	0.0019236	16.561	18.389	70.584	39.923	101.71	332.23	2.0619	39.841	0.058441	supercritical
100.00	21.633	520.63	0.0019208	16.553	18.382	70.558	39.923	101.67	332.62	2.0549	39.905	0.058509	supercritical
100.00	21.667	521.39	0.0019179	16.546	18.375	70.531	39.922	101.63	333.00	2.0479	39.969	0.058576	supercritical
100.00	21.700	522.16	0.0019151	16.539	18.368	70.505	39.922	101.59	333.38	2.0409	40.034	0.058644	supercritical
100.00	21.733	522.92	0.0019123	16.532	18.361	70.479	39.922	101.55	333.76	2.0340	40.098	0.058711	supercritical
100.00	21.767	523.68	0.0019096	16.525	18.355	70.453	39.921	101.51	334.15	2.0271	40.162	0.058778	supercritical
100.00	21.800	524.44	0.0019068	16.518	18.348	70.427	39.921	101.47	334.53	2.0202	40.226	0.058845	supercritical
100.00	21.833	525.19	0.0019041	16.511	18.341	70.402	39.921	101.43	334.91	2.0134	40.291	0.058912	supercritical
100.00	21.867	525.95	0.0019013	16.504	18.334	70.376	39.920	101.39	335.30	2.0065	40.355	0.058979	supercritical
100.00	21.900	526.70	0.0018986	16.497	18.327	70.350	39.920	101.34	335.68	1.9998	40.419	0.059046	supercritical
100.00	21.933	527.45	0.0018959	16.491	18.321	70.325	39.919	101.30	336.07	1.9930	40.483	0.059112	supercritical
100.00	21.967	528.20	0.0018932	16.484	18.314	70.299	39.919	101.26	336.45	1.9863	40.546	0.059179	supercritical
100.00	22.000	528.94	0.0018906	16.477	18.307	70.274	39.919	101.22	336.84	1.9795	40.610	0.059245	supercritical
100.00	22.033	529.69	0.0018879	16.470	18.301	70.249	39.918	101.18	337.22	1.9729	40.674	0.059312	supercritical
100.00	22.067	530.43	0.0018853	16.463	18.294	70.224	39.918	101.13	337.61	1.9662	40.738	0.059378	supercritical
100.00	22.100	531.17	0.0018826	16.456	18.287	70.198	39.917	101.09	337.99	1.9596	40.802	0.059444	supercritical
100.00	22.133	531.91	0.0018800	16.449	18.281	70.173	39.917	101.05	338.38	1.9530	40.865	0.059510	supercritical
100.00	22.167	532.64	0.0018774	16.443	18.274	70.148	39.916	101.00	338.77	1.9464	40.929	0.059576	supercritical
100.00	22.200	533.38	0.0018748	16.436	18.268	70.123	39.916	100.96	339.15	1.9399	40.992	0.059641	supercritical
100.00	22.233	534.11	0.0018723	16.429	18.261	70.099	39.915	100.91	339.54	1.9333	41.056	0.059707	supercritical
100.00	22.267	534.84	0.0018697	16.422	18.255	70.074	39.915	100.87	339.93	1.9269	41.119	0.059772	supercritical
100.00	22.300	535.57	0.0018672	16.416	18.248	70.049	39.914	100.83	340.32	1.9204	41.183	0.059838	supercritical
100.00	22.333	536.29	0.0018647	16.409	18.242	70.025	39.913	100.78	340.71	1.9139	41.246	0.059903	supercritical
100.00	22.367	537.02	0.0018621	16.402	18.235	70.000	39.913	100.74	341.09	1.9075	41.309	0.059968	supercritical
100.00	22.400	537.74	0.0018596	16.396	18.229	69.976	39.912	100.69	341.48	1.9011	41.372	0.060033	supercritical
100.00	22.433	538.46	0.0018572	16.389	18.222	69.951	39.912	100.64	341.87	1.8948	41.436	0.060098	supercritical
100.00	22.467	539.18	0.0018547	16.382	18.216	69.927	39.911	100.60	342.26	1.8884	41.499	0.060163	supercritical
100.00	22.500	539.89	0.0018522	16.376	18.210	69.903	39.910	100.55	342.65	1.8821	41.562	0.060228	supercritical
100.00	22.533	540.61	0.0018498	16.369	18.204	69.879	39.910	100.51	343.04	1.8759	41.625	0.060292	supercritical
100.00	22.567	541.32	0.0018473	16.363	18.197	69.855	39.909	100.46	343.43	1.8696	41.688	0.060357	supercritical
100.00	22.600	542.03	0.0018449	16.356	18.191	69.831	39.909	100.41	343.82	1.8634	41.750	0.060421	supercritical
100.00	22.633	542.74	0.0018425	16.349	18.185	69.807	39.908	100.37	344.21	1.8572	41.813	0.060486	supercritical
100.00	22.667	543.45	0.0018401	16.343	18.179	69.783	39.907	100.32	344.60	1.8510	41.876	0.060550	supercritical
100.00	22.700	544.15	0.0018377	16.336	18.172	69.759	39.907	100.27	344.99	1.8448	41.939	0.060614	supercritical
100.00	22.733	544.85	0.0018354	16.330	18.166	69.735	39.906	100.23	345.38	1.8387	42.001	0.060678	supercritical
100.00	22.767	545.55	0.0018330	16.324	18.160	69.712	39.905	100.18	345.77	1.8326	42.064	0.060742	supercritical
100.00	22.800	546.25	0.0018307	16.317	18.154	69.688	39.905	100.13	346.16	1.8265	42.126	0.060805	supercritical
100.00	22.833	546.95	0.0018283	16.311	18.148	69.665	39.904	100.08	346.55	1.8205	42.189	0.060869	supercritical
100.00	22.867	547.65	0.0018260	16.304	18.142	69.641	39.903	100.04	346.94	1.8144	42.251	0.060933	supercritical
100.00	22.900	548.34	0.0018237	16.298	18.136	69.618	39.902	99.988	347.34	1.8084	42.314	0.060996	supercritical
100.00	22.933	549.03	0.0018214	16.291	18.130	69.594	39.902	99.939	347.73	1.8024	42.376	0.061059	supercritical
100.00	22.967	549.72	0.0018191	16.285	18.124	69.571	39.901	99.891	348.12	1.7965	42.438	0.061122	supercritical
100.00	23.000	550.41	0.0018168	16.279	18.118	69.548	39.900	99.843	348.51	1.7906	42.500	0.061186	supercritical
100.00	23.033	551.09	0.0018146	16.272	18.112	69.525	39.900	99.794	348.90	1.7847	42.562	0.061249	supercritical
100.00	23.067	551.78	0.0018123	16.266	18.106	69.502	39.899	99.745	349.30	1.7788	42.624	0.061312	supercritical
100.00	23.100	552.46	0.0018101	16.260	18.100	69.479	39.898	99.696	349.69	1.7729	42.686	0.061374	supercritical
100.00	23.133	553.14	0.0018079	16.254	18.094	69.456	39.897	99.647	350.08	1.7671	42.748	0.061437	supercritical
100.00	23.167	553.82	0.0018056	16.247	18.088	69.433	39.897	99.598	350.47	1.7613	42.810	0.061500	supercritical
100.00	23.200	554.49	0.0018034	16.241	18.082	69.411	39.896	99.549	350.87	1.7555	42.872	0.061562	supercritical
100.00	23.233	555.17	0.0018013	16.235	18.077	69.388	39.895	99.500	351.26	1.7497	42.933	0.061624	supercritical
100.00	23.267	555.84	0.0017991	16.229	18.071	69.365	39.894	99.451	351.65	1.7440	42.995	0.061687	supercritical
100.00	23.300	556.51	0.0017969	16.223	18.065	69.343	39.893	99.401	352.04	1.7383	43.057	0.061749	supercritical
100.00	23.333	557.18	0.0017947	16.216	18.059	69.320	39.893	99.351	352.44	1.7326	43.118	0.061811	supercritical
100.00	23.367	557.85	0.0017926	16.210	18.054	69.298	39.892	99.302	352.83	1.7269	43.180	0.061873	supercritical
100.00	23.400	558.52	0.0017905	16.204	18.048	69.276	39.891	99.252	353.22	1.7213	43.241	0.061935	supercritical
100.00	23.433	559.18	0.0017883	16.198	18.042	69.253	39.890	99.202	353.62	1.7157	43.302	0.061997	supercritical
100.00	23.467	559.84	0.0017862	16.192	18.037	69.231	39.889	99.152	354.01	1.7101	43.364	0.062058	supercritical
100.00	23.500	560.50	0.0017841	16.186	18.031	69.209	39.889	99.102	354.40	1.7045	43.425	0.062120	supercritical
100.00	23.533	561.16	0.0017820	16.180	18.025	69.187	39.888	99.052	354.80	1.6990	43.486	0.062181	supercritical
100.00	23.567	561.82	0.0017799	16.174	18.020	69.165	39.887	99.002	355.19	1.6934	43.547	0.062243	supercritical
100.00	23.600	562.47	0.0017779	16.168	18.014	69.143	39.886	98.952	355.58	1.6879	43.608	0.062304	supercritical
100.00	23.633	563.12	0.0017758	16.162	18.009	69.121	39.885	98.901	355.98	1.6825	43.669	0.062365	supercritical
100.00	23.667	563.78	0.0017738	16.156	18.003	69.099	39.885	98.851	356.37	1.6770	43.730	0.062426	supercritical
100.00	23.700	564.43	0.0017717	16.150	17.998	69.078	39.884	98.801	356.76	1.6716	43.791	0.062487	supercritical
100.00	23.733	565.07	0.0017697	16.144	17.992	69.056	39.883	98.750	357.16	1.6662	43.851	0.062548	supercritical
100.00	23.767	565.72	0.0017677	16.138	17.987	69.034	39.882	98.700	357.55	1.6608	43.912	0.062609	supercritical
100.00	23.800	566.36	0.0017656	16.132	17.981	69.013	39.881	98.649	357.95	1.6554	43.973	0.062670	supercritical
100.00	23.833	567.01	0.0017636	16.126	17.976	68.991	39.880	98.598	358.34	1.6501	44.033	0.062730	supercritical
100.00	23.867	567.65	0.0017617	16.120	17.970	68.970	39.879	98.548	358.73	1.6447	44.094	0.062791	supercritical
100.00	23.900	568.29	0.0017597	16.114	17.965	68.948	39.879	98.497	359.13	1.6395	44.154	0.062851	supercritical
100.00	23.933	568.92	0.0017577	16.108	17.959	68.927	39.878	98.446	359.52	1.6342	44.214	0.062911	supercritical
100.00	23.967	569.56	0.0017557	16.102	17.954	68.906	39.877	98.395	359.91	1.6289	44.275	0.062971	supercritical
100.00	24.000	570.19	0.0017538	16.096	17.949	68.885	39.876	98.345	360.31	1.6237	44.335	0.063032	supercritical
100.00	24.033	570.83	0.0017518	16.091	17.943	68.864	39.875	98.294	360.70	1.6185	44.395	0.063092	supercritical
100.00	24.067	571.46	0.0017499	16.085	17.938	68.842	39.874	98.243	361.10	1.6133	44.455	0.063151	supercritical
100.00	24.100	572.09	0.0017480	16.079	17.933	68.821	39.873	98.192	361.49	1.6081	44.515	0.063211	supercritical
100.00	24.133	572.71	0.0017461	16.073	17.928	68.800	39.873	98.141	361.88	1.6030	44.575	0.063271	supercritical
100.00	24.167	573.34	0.0017442	16.067	17.922	68.780	39.872	98.090	362.28	1.5978	44.635	0.063331	supercritical
100.00	24.200	573.96	0.0017423	16.062	17.917	68.759	39.871	98.039	362.67	1.5927	44.695	0.063390	supercritical
100.00	24.233	574.59	0.0017404	16.056	17.912	68.738	39.870	97.988	363.06	1.5877	44.755	0.063450	supercritical
100.00	24.267	575.21	0.0017385	16.050	17.907	68.717	39.869	97.937	363.46	1.5826	44.814	0.063509	supercritical
100.00	24.300	575.83	0.0017366	16.044	17.902	68.697	39.868	97.886	363.85	1.5776	44.874	0.063568	supercritical
100.00	24.333	576.44	0.0017348	16.039	17.897	68.676	39.867	97.835	364.25	1.5725	44.933	0.063627	supercritical
100.00	24.367	577.06	0.0017329	16.033	17.891	68.656	39.866	97.784	364.64	1.5675	44.993	0.063686	supercritical
100.00	24.400	577.67	0.0017311	16.027	17.886	68.635	39.866	97.733	365.03	1.5626	45.052	0.063745	supercritical
100.00	24.433	578.28	0.0017293	16.022	17.881	68.615	39.865	97.682	365.43	1.5576	45.112	0.063804	supercritical
100.00	24.467	578.90	0.0017274	16.016	17.876	68.594	39.864	97.631	365.82	1.5527	45.171	0.063863	supercritical
100.00	24.500	579.50	0.0017256	16.011	17.871	68.574	39.863	97.579	366.21	1.5477	45.230	0.063922	supercritical
100.00	24.533	580.11	0.0017238	16.005	17.866	68.554	39.862	97.528	366.61	1.5428	45.289	0.063980	supercritical
100.00	24.567	580.72	0.0017220	15.999	17.861	68.534	39.861	97.477	367.00	1.5380	45.348	0.064039	supercritical
100.00	24.600	581.32	0.0017202	15.994	17.856	68.513	39.860	97.426	367.39	1.5331	45.407	0.064097	supercritical
100.00	24.633	581.93	0.0017184	15.988	17.851	68.493	39.859	97.375	367.79	1.5283	45.466	0.064155	supercritical
100.00	24.667	582.53	0.0017167	15.983	17.846	68.473	39.858	97.324	368.18	1.5235	45.525	0.064214	supercritical
100.00	24.700	583.13	0.0017149	15.977	17.841	68.453	39.858	97.273	368.57	1.5187	45.584	0.064272	supercritical
100.00	24.733	583.72	0.0017131	15.972	17.836	68.433	39.857	97.222	368.96	1.5139	45.643	0.064330	supercritical
100.00	24.767	584.32	0.0017114	15.966	17.831	68.414	39.856	97.171	369.36	1.5091	45.701	0.064388	supercritical
100.00	24.800	584.92	0.0017096	15.961	17.827	68.394	39.855	97.120	369.75	1.5044	45.760	0.064446	supercritical
100.00	24.833	585.51	0.0017079	15.955	17.822	68.374	39.854	97.069	370.14	1.4997	45.819	0.064503	supercritical
100.00	24.867	586.10	0.0017062	15.950	17.817	68.354	39.853	97.018	370.53	1.4950	45.877	0.064561	supercritical
100.00	24.900	586.69	0.0017045	15.944	17.812	68.335	39.852	96.967	370.93	1.4903	45.936	0.064619	supercritical
100.00	24.933	587.28	0.0017028	15.939	17.807	68.315	39.851	96.917	371.32	1.4856	45.994	0.064676	supercritical
100.00	24.967	587.87	0.0017011	15.933	17.802	68.296	39.850	96.866	371.71	1.4810	46.052	0.064734	supercritical
100.00	25.000	588.45	0.0016994	15.928	17.798	68.276	39.849	96.815	372.10	1.4764	46.110	0.064791	supercritical
100.00	25.033	589.04	0.0016977	15.923	17.793	68.257	39.849	96.764	372.50	1.4718	46.168	0.064848	supercritical
100.00	25.067	589.62	0.0016960	15.917	17.788	68.237	39.848	96.713	372.89	1.4672	46.227	0.064905	supercritical
100.00	25.100	590.20	0.0016943	15.912	17.783	68.218	39.847	96.663	373.28	1.4626	46.285	0.064963	supercritical
100.00	25.133	590.78	0.0016927	15.906	17.779	68.199	39.846	96.612	373.67	1.4581	46.342	0.065020	supercritical
100.00	25.167	591.36	0.0016910	15.901	17.774	68.180	39.845	96.561	374.06	1.4535	46.400	0.065076	supercritical
100.00	25.200	591.94	0.0016894	15.896	17.769	68.160	39.844	96.511	374.45	1.4490	46.458	0.065133	supercritical
100.00	25.233	592.51	0.0016877	15.891	17.765	68.141	39.843	96.460	374.85	1.4445	46.516	0.065190	supercritical
100.00	25.267	593.08	0.0016861	15.885	17.760	68.122	39.842	96.409	375.24	1.4401	46.574	0.065247	supercritical
100.00	25.300	593.66	0.0016845	15.880	17.756	68.103	39.841	96.359	375.63	1.4356	46.631	0.065303	supercritical
100.00	25.333	594.23	0.0016829	15.875	17.751	68.084	39.841	96.308	376.02	1.4312	46.689	0.065360	supercritical
100.00	25.367	594.80	0.0016812	15.869	17.746	68.065	39.840	96.258	376.41	1.4268	46.746	0.065416	supercritical
100.00	25.400	595.36	0.0016796	15.864	17.742	68.046	39.839	96.208	376.80	1.4224	46.804	0.065472	supercritical
100.00	25.433	595.93	0.0016781	15.859	17.737	68.028	39.838	96.157	377.19	1.4180	46.861	0.065529	supercritical
100.00	25.467	596.49	0.0016765	15.854	17.733	68.009	39.837	96.107	377.58	1.4136	46.918	0.065585	supercritical
100.00	25.500	597.06	0.0016749	15.848	17.728	67.990	39.836	96.057	377.97	1.4093	46.975	0.065641	supercritical
100.00	25.533	597.62	0.0016733	15.843	17.724	67.972	39.835	96.007	378.36	1.4049	47.032	0.065697	supercritical
100.00	25.567	598.18	0.0016717	15.838	17.719	67.953	39.834	95.956	378.75	1.4006	47.090	0.065753	supercritical
100.00	25.600	598.74	0.0016702	15.833	17.715	67.934	39.833	95.906	379.14	1.3963	47.147	0.065808	supercritical
100.00	25.633	599.30	0.0016686	15.828	17.710	67.916	39.833	95.856	379.53	1.3921	47.203	0.065864	supercritical
100.00	25.667	599.85	0.0016671	15.823	17.706	67.897	39.832	95.806	379.92	1.3878	47.260	0.065920	supercritical
100.00	25.700	600.41	0.0016655	15.818	17.701	67.879	39.831	95.756	380.31	1.3836	47.317	0.065975	supercritical
100.00	25.733	600.96	0.0016640	15.812	17.697	67.861	39.830	95.706	380.70	1.3793	47.374	0.066031	supercritical
100.00	25.767	601.51	0.0016625	15.807	17.693	67.842	39.829	95.657	381.09	1.3751	47.431	0.066086	supercritical
100.00	25.800	602.06	0.0016610	15.802	17.688	67.824	39.828	95.607	381.48	1.3709	47.487	0.066142	supercritical
100.00	25.833	602.61	0.0016594	15.797	17.684	67.806	39.827	95.557	381.87	1.3668	47.544	0.066197	supercritical
100.00	25.867	603.16	0.0016579	15.792	17.679	67.788	39.826	95.508	382.26	1.3626	47.600	0.066252	supercritical
100.00	25.900	603.71	0.0016564	15.787	17.675	67.770	39.826	95.458	382.64	1.3585	47.656	0.066307	supercritical
100.00	25.933	604.25	0.0016549	15.782	17.671	67.752	39.825	95.408	383.03	1.3543	47.713	0.066362	supercritical
100.00	25.967	604.80	0.0016535	15.777	17.667	67.734	39.824	95.359	383.42	1.3502	47.769	0.066417	supercritical
100.00	26.000	605.34	0.0016520	15.772	17.662	67.716	39.823	95.310	383.81	1.3461	47.825	0.066472	supercritical
100.00	26.033	605.88	0.0016505	15.767	17.658	67.698	39.822	95.260	384.20	1.3421	47.881	0.066526	supercritical
100.00	26.067	606.42	0.0016490	15.762	17.654	67.680	39.821	95.211	384.58	1.3380	47.938	0.066581	supercritical
100.00	26.100	606.96	0.0016476	15.757	17.649	67.662	39.820	95.162	384.97	1.3340	47.994	0.066636	supercritical
100.00	26.133	607.49	0.0016461	15.752	17.645	67.644	39.819	95.113	385.36	1.3299	48.049	0.066690	supercritical
100.00	26.167	608.03	0.0016447	15.747	17.641	67.626	39.819	95.064	385.75	1.3259	48.105	0.066745	supercritical
100.00	26.200	608.56	0.0016432	15.742	17.637	67.609	39.818	95.015	386.13	1.3219	48.161	0.066799	supercritical
100.00	26.233	609.10	0.0016418	15.737	17.633	67.591	39.817	94.966	386.52	1.3179	48.217	0.066853	supercritical
100.00	26.267	609.63	0.0016403	15.732	17.629	67.573	39.816	94.917	386.91	1.3140	48.273	0.066907	supercritical
100.00	26.300	610.16	0.0016389	15.727	17.624	67.556	39.815	94.868	387.29	1.3100	48.328	0.066962	supercritical
100.00	26.333	610.69	0.0016375	15.722	17.620	67.538	39.814	94.819	387.68	1.3061	48.384	0.067016	supercritical
100.00	26.367	611.21	0.0016361	15.718	17.616	67.521	39.813	94.771	388.06	1.3022	48.439	0.067070	supercritical
100.00	26.400	611.74	0.0016347	15.713	17.612	67.503	39.813	94.722	388.45	1.2983	48.495	0.067124	supercritical
100.00	26.433	612.26	0.0016333	15.708	17.608	67.486	39.812	94.674	388.83	1.2944	48.550	0.067177	supercritical
100.00	26.467	612.79	0.0016319	15.703	17.604	67.469	39.811	94.625	389.22	1.2905	48.605	0.067231	supercritical
100.00	26.500	613.31	0.0016305	15.698	17.600	67.451	39.810	94.577	389.60	1.2867	48.660	0.067285	supercritical
100.00	26.533	613.83	0.0016291	15.693	17.596	67.434	39.809	94.529	389.99	1.2829	48.716	0.067338	supercritical
100.00	26.567	614.35	0.0016277	15.689	17.592	67.417	39.808	94.481	390.37	1.2790	48.771	0.067392	supercritical
100.00	26.600	614.87	0.0016264	15.684	17.588	67.400	39.808	94.432	390.76	1.2752	48.826	0.067445	supercritical
100.00	26.633	615.39	0.0016250	15.679	17.584	67.383	39.807	94.384	391.14	1.2714	48.881	0.067499	supercritical
100.00	26.667	615.90	0.0016236	15.674	17.580	67.365	39.806	94.336	391.53	1.2677	48.936	0.067552	supercritical
100.00	26.700	616.42	0.0016223	15.669	17.576	67.348	39.805	94.289	391.91	1.2639	48.990	0.067605	supercritical
100.00	26.733	616.93	0.0016209	15.665	17.572	67.331	39.804	94.241	392.29	1.2601	49.045	0.067658	supercritical
100.00	26.767	617.44	0.0016196	15.660	17.568	67.314	39.803	94.193	392.68	1.2564	49.100	0.067711	supercritical
100.00	26.800	617.95	0.0016182	15.655	17.564	67.298	39.803	94.145	393.06	1.2527	49.155	0.067764	supercritical
100.00	26.833	618.46	0.0016169	15.650	17.560	67.281	39.802	94.098	393.44	1.2490	49.209	0.067817	supercritical
100.00	26.867	618.97	0.0016156	15.646	17.556	67.264	39.801	94.050	393.83	1.2453	49.264	0.067870	supercritical
100.00	26.900	619.48	0.0016143	15.641	17.552	67.247	39.800	94.003	394.21	1.2416	49.318	0.067923	supercritical
100.00	26.933	619.99	0.0016129	15.636	17.548	67.230	39.799	93.956	394.59	1.2380	49.373	0.067975	supercritical
100.00	26.967	620.49	0.0016116	15.632	17.544	67.214	39.799	93.908	394.97	1.2343	49.427	0.068028	supercritical
100.00	27.000	620.99	0.0016103	15.627	17.540	67.197	39.798	93.861	395.36	1.2307	49.481	0.068081	supercritical
100.00	27.033	621.50	0.0016090	15.622	17.537	67.180	39.797	93.814	395.74	1.2271	49.535	0.068133	supercritical
100.00	27.067	622.00	0.0016077	15.618	17.533	67.164	39.796	93.767	396.12	1.2235	49.589	0.068185	supercritical
100.00	27.100	622.50	0.0016064	15.613	17.529	67.147	39.795	93.720	396.50	1.2199	49.644	0.068238	supercritical
100.00	27.133	623.00	0.0016051	15.608	17.525	67.131	39.795	93.673	396.88	1.2163	49.698	0.068290	supercritical
100.00	27.167	623.49	0.0016039	15.604	17.521	67.114	39.794	93.627	397.26	1.2127	49.751	0.068342	supercritical
100.00	27.200	623.99	0.0016026	15.599	17.518	67.098	39.793	93.580	397.64	1.2092	49.805	0.068394	supercritical
100.00	27.233	624.49	0.0016013	15.595	17.514	67.081	39.792	93.533	398.02	1.2056	49.859	0.068446	supercritical
100.00	27.267	624.98	0.0016001	15.590	17.510	67.065	39.791	93.487	398.40	1.2021	49.913	0.068498	supercritical
100.00	27.300	625.47	0.0015988	15.585	17.506	67.049	39.791	93.441	398.78	1.1986	49.967	0.068550	supercritical
100.00	27.333	625.96	0.0015975	15.581	17.503	67.032	39.790	93.394	399.16	1.1951	50.020	0.068602	supercritical
100.00	27.367	626.45	0.0015963	15.576	17.499	67.016	39.789	93.348	399.54	1.1916	50.074	0.068654	supercritical
100.00	27.400	626.94	0.0015950	15.572	17.495	67.000	39.788	93.302	399.92	1.1882	50.127	0.068706	supercritical
100.00	27.433	627.43	0.0015938	15.567	17.492	66.984	39.787	93.256	400.30	1.1847	50.181	0.068757	supercritical
100.00	27.467	627.92	0.0015926	15.563	17.488	66.968	39.787	93.210	400.68	1.1813	50.234	0.068809	supercritical
100.00	27.500	628.40	0.0015913	15.558	17.484	66.952	39.786	93.164	401.06	1.1778	50.288	0.068860	supercritical
100.00	27.533	628.89	0.0015901	15.554	17.481	66.936	39.785	93.118	401.44	1.1744	50.341	0.068912	supercritical
100.00	27.567	629.37	0.0015889	15.549	17.477	66.920	39.784	93.072	401.82	1.1710	50.394	0.068963	supercritical
100.00	27.600	629.86	0.0015877	15.545	17.473	66.904	39.784	93.027	402.19	1.1676	50.447	0.069014	supercritical
100.00	27.633	630.34	0.0015865	15.540	17.470	66.888	39.783	92.981	402.57	1.1643	50.500	0.069065	supercritical
100.00	27.667	630.82	0.0015852	15.536	17.466	66.872	39.782	92.936	402.95	1.1609	50.553	0.069116	supercritical
100.00	27.700	631.30	0.0015840	15.531	17.462	66.856	39.781	92.890	403.33	1.1575	50.606	0.069168	supercritical
100.00	27.733	631.77	0.0015828	15.527	17.459	66.840	39.781	92.845	403.70	1.1542	50.659	0.069219	supercritical
100.00	27.767	632.25	0.0015817	15.523	17.455	66.824	39.780	92.800	404.08	1.1509	50.712	0.069269	supercritical
100.00	27.800	632.73	0.0015805	15.518	17.452	66.809	39.779	92.755	404.46	1.1476	50.765	0.069320	supercritical
100.00	27.833	633.20	0.0015793	15.514	17.448	66.793	39.778	92.710	404.83	1.1443	50.817	0.069371	supercritical
100.00	27.867	633.67	0.0015781	15.509	17.445	66.777	39.778	92.665	405.21	1.1410	50.870	0.069422	supercritical
100.00	27.900	634.15	0.0015769	15.505	17.441	66.762	39.777	92.620	405.58	1.1377	50.923	0.069473	supercritical
100.00	27.933	634.62	0.0015758	15.501	17.438	66.746	39.776	92.575	405.96	1.1344	50.975	0.069523	supercritical
100.00	27.967	635.09	0.0015746	15.496	17.434	66.730	39.775	92.531	406.33	1.1312	51.028	0.069574	supercritical
100.00	28.000	635.56	0.0015734	15.492	17.431	66.715	39.775	92.486	406.71	1.1280	51.080	0.069624	supercritical
100.00	28.033	636.03	0.0015723	15.487	17.427	66.699	39.774	92.441	407.08	1.1247	51.133	0.069674	supercritical
100.00	28.067	636.49	0.0015711	15.483	17.424	66.684	39.773	92.397	407.46	1.1215	51.185	0.069725	supercritical
100.00	28.100	636.96	0.0015700	15.479	17.420	66.669	39.773	92.353	407.83	1.1183	51.237	0.069775	supercritical
100.00	28.133	637.42	0.0015688	15.474	17.417	66.653	39.772	92.308	408.21	1.1151	51.289	0.069825	supercritical
100.00	28.167	637.89	0.0015677	15.470	17.413	66.638	39.771	92.264	408.58	1.1119	51.341	0.069875	supercritical
100.00	28.200	638.35	0.0015665	15.466	17.410	66.623	39.770	92.220	408.95	1.1088	51.393	0.069925	supercritical
100.00	28.233	638.81	0.0015654	15.462	17.407	66.607	39.770	92.176	409.33	1.1056	51.445	0.069975	supercritical
100.00	28.267	639.27	0.0015643	15.457	17.403	66.592	39.769	92.132	409.70	1.1025	51.497	0.070025	supercritical
100.00	28.300	639.73	0.0015632	15.453	17.400	66.577	39.768	92.089	410.07	1.0993	51.549	0.070075	supercritical
100.00	28.333	640.19	0.0015620	15.449	17.396	66.562	39.768	92.045	410.45	1.0962	51.601	0.070125	supercritical
100.00	28.367	640.65	0.0015609	15.444	17.393	66.547	39.767	92.001	410.82	1.0931	51.653	0.070175	supercritical
100.00	28.400	641.10	0.0015598	15.440	17.390	66.531	39.766	91.958	411.19	1.0900	51.705	0.070224	supercritical
100.00	28.433	641.56	0.0015587	15.436	17.386	66.516	39.765	91.914	411.56	1.0869	51.756	0.070274	supercritical
100.00	28.467	642.01	0.0015576	15.432	17.383	66.501	39.765	91.871	411.93	1.0839	51.808	0.070324	supercritical
100.00	28.500	642.47	0.0015565	15.428	17.380	66.486	39.764	91.828	412.30	1.0808	51.859	0.070373	supercritical
100.00	28.533	642.92	0.0015554	15.423	17.376	66.471	39.763	91.785	412.67	1.0777	51.911	0.070423	supercritical
100.00	28.567	643.37	0.0015543	15.419	17.373	66.456	39.763	91.742	413.05	1.0747	51.962	0.070472	supercritical
100.00	28.600	643.82	0.0015532	15.415	17.370	66.442	39.762	91.699	413.42	1.0717	52.014	0.070521	supercritical
100.00	28.633	644.27	0.0015521	15.411	17.367	66.427	39.761	91.656	413.79	1.0687	52.065	0.070570	supercritical
100.00	28.667	644.72	0.0015511	15.407	17.363	66.412	39.761	91.613	414.16	1.0656	52.116	0.070620	supercritical
100.00	28.700	645.17	0.0015500	15.402	17.360	66.397	39.760	91.570	414.53	1.0626	52.167	0.070669	supercritical
100.00	28.733	645.61	0.0015489	15.398	17.357	66.382	39.759	91.528	414.90	1.0597	52.219	0.070718	supercritical
100.00	28.767	646.06	0.0015479	15.394	17.354	66.368	39.759	91.485	415.26	1.0567	52.270	0.070767	supercritical
100.00	28.800	646.50	0.0015468	15.390	17.350	66.353	39.758	91.443	415.63	1.0537	52.321	0.070816	supercritical
100.00	28.833	646.94	0.0015457	15.386	17.347	66.338	39.757	91.400	416.00	1.0508	52.372	0.070865	supercritical
100.00	28.867	647.39	0.0015447	15.382	17.344	66.323	39.757	91.358	416.37	1.0478	52.422	0.070913	supercritical
100.00	28.900	647.83	0.0015436	15.378	17.341	66.309	39.756	91.316	416.74	1.0449	52.473	0.070962	supercritical
100.00	28.933	648.27	0.0015426	15.373	17.338	66.294	39.755	91.274	417.11	1.0420	52.524	0.071011	supercritical
100.00	28.967	648.71	0.0015415	15.369	17.335	66.280	39.755	91.232	417.48	1.0391	52.575	0.071059	supercritical
100.00	29.000	649.15	0.0015405	15.365	17.331	66.265	39.754	91.190	417.84	1.0362	52.626	0.071108	supercritical
100.00	29.033	649.58	0.0015394	15.361	17.328	66.251	39.754	91.148	418.21	1.0333	52.676	0.071156	supercritical
100.00	29.067	650.02	0.0015384	15.357	17.325	66.236	39.753	91.106	418.58	1.0304	52.727	0.071205	supercritical
100.00	29.100	650.46	0.0015374	15.353	17.322	66.222	39.752	91.065	418.94	1.0275	52.777	0.071253	supercritical
100.00	29.133	650.89	0.0015364	15.349	17.319	66.208	39.752	91.023	419.31	1.0247	52.828	0.071302	supercritical
100.00	29.167	651.32	0.0015353	15.345	17.316	66.193	39.751	90.982	419.68	1.0218	52.878	0.071350	supercritical
100.00	29.200	651.76	0.0015343	15.341	17.313	66.179	39.750	90.940	420.04	1.0190	52.928	0.071398	supercritical
100.00	29.233	652.19	0.0015333	15.337	17.310	66.165	39.750	90.899	420.41	1.0161	52.979	0.071446	supercritical
100.00	29.267	652.62	0.0015323	15.333	17.307	66.150	39.749	90.858	420.77	1.0133	53.029	0.071494	supercritical
100.00	29.300	653.05	0.0015313	15.329	17.303	66.136	39.749	90.817	421.14	1.0105	53.079	0.071542	supercritical
100.00	29.333	653.48	0.0015303	15.325	17.300	66.122	39.748	90.775	421.50	1.0077	53.129	0.071590	supercritical
100.00	29.367	653.91	0.0015293	15.321	17.297	66.108	39.747	90.735	421.87	1.0049	53.179	0.071638	supercritical
100.00	29.400	654.33	0.0015283	15.317	17.294	66.094	39.747	90.694	422.23	1.0022	53.229	0.071686	supercritical
100.00	29.433	654.76	0.0015273	15.313	17.291	66.079	39.746	90.653	422.60	0.99938	53.279	0.071734	supercritical
100.00	29.467	655.18	0.0015263	15.309	17.288	66.065	39.745	90.612	422.96	0.99662	53.329	0.071781	supercritical
100.00	29.500	655.61	0.0015253	15.305	17.285	66.051	39.745	90.572	423.32	0.99387	53.379	0.071829	supercritical
100.00	29.533	656.03	0.0015243	15.301	17.282	66.037	39.744	90.531	423.69	0.99113	53.429	0.071877	supercritical
100.00	29.567	656.45	0.0015233	15.297	17.279	66.023	39.744	90.491	424.05	0.98840	53.479	0.071924	supercritical
100.00	29.600	656.88	0.0015224	15.293	17.276	66.009	39.743	90.450	424.41	0.98568	53.528	0.071972	supercritical
100.00	29.633	657.30	0.0015214	15.289	17.273	65.995	39.743	90.410	424.78	0.98297	53.578	0.072019	supercritical
100.00	29.667	657.72	0.0015204	15.285	17.270	65.981	39.742	90.370	425.14	0.98027	53.628	0.072067	supercritical
100.00	29.700	658.14	0.0015194	15.281	17.267	65.968	39.741	90.330	425.50	0.97757	53.677	0.072114	supercritical
100.00	29.733	658.55	0.0015185	15.277	17.264	65.954	39.741	90.290	425.86	0.97489	53.727	0.072161	supercritical
100.00	29.767	658.97	0.0015175	15.274	17.262	65.940	39.740	90.250	426.22	0.97222	53.776	0.072208	supercritical
100.00	29.800	659.39	0.0015166	15.270	17.259	65.926	39.740	90.210	426.59	0.96955	53.825	0.072255	supercritical
100.00	29.833	659.80	0.0015156	15.266	17.256	65.912	39.739	90.170	426.95	0.96690	53.875	0.072303	supercritical
100.00	29.867	660.22	0.0015147	15.262	17.253	65.899	39.739	90.131	427.31	0.96425	53.924	0.072350	supercritical
100.00	29.900	660.63	0.0015137	15.258	17.250	65.885	39.738	90.091	427.67	0.96161	53.973	0.072397	supercritical
100.00	29.933	661.04	0.0015128	15.254	17.247	65.871	39.737	90.052	428.03	0.95898	54.022	0.072443	supercritical
100.00	29.967	661.46	0.0015118	15.250	17.244	65.858	39.737	90.012	428.39	0.95637	54.071	0.072490	supercritical
100.00	30.000	661.87	0.0015109	15.247	17.241	65.844	39.736	89.973	428.75	0.95376	54.120	0.072537	supercritical
