Temperature (C)	Pressure (MPa)	Density (kg/m3)	Volume (m3/kg)	Internal Energy (kJ/mol)	Enthalpy (kJ/mol)	Entropy (J/mol*K)	Cv (J/mol*K)	Cp (J/mol*K)	Sound Spd. (m/s)	Joule-Thomson (K/MPa)	Viscosity (uPa*s)	Therm. Cond. (W/m*K)	Phase
110.00	10.000	176.97	0.0056506	20.349	22.836	86.664	36.663	63.022	275.71	5.0430	22.080	0.031655	supercritical
110.00	10.033	177.73	0.0056267	20.341	22.825	86.614	36.678	63.139	275.67	5.0372	22.101	0.031703	supercritical
110.00	10.067	178.48	0.0056028	20.332	22.815	86.565	36.693	63.257	275.64	5.0313	22.122	0.031750	supercritical
110.00	10.100	179.24	0.0055792	20.324	22.804	86.516	36.708	63.375	275.61	5.0255	22.143	0.031798	supercritical
110.00	10.133	180.00	0.0055557	20.316	22.793	86.467	36.723	63.493	275.58	5.0195	22.164	0.031846	supercritical
110.00	10.167	180.76	0.0055323	20.307	22.783	86.418	36.738	63.611	275.55	5.0136	22.186	0.031894	supercritical
110.00	10.200	181.52	0.0055091	20.299	22.772	86.369	36.753	63.730	275.52	5.0076	22.207	0.031942	supercritical
110.00	10.233	182.28	0.0054861	20.291	22.762	86.320	36.767	63.849	275.49	5.0017	22.229	0.031991	supercritical
110.00	10.267	183.04	0.0054632	20.282	22.751	86.272	36.782	63.969	275.46	4.9957	22.251	0.032039	supercritical
110.00	10.300	183.81	0.0054405	20.274	22.740	86.223	36.797	64.088	275.43	4.9896	22.273	0.032088	supercritical
110.00	10.333	184.57	0.0054179	20.266	22.730	86.174	36.812	64.209	275.41	4.9836	22.295	0.032137	supercritical
110.00	10.367	185.34	0.0053955	20.257	22.719	86.126	36.827	64.329	275.38	4.9775	22.317	0.032186	supercritical
110.00	10.400	186.11	0.0053732	20.249	22.708	86.077	36.842	64.449	275.35	4.9714	22.339	0.032236	supercritical
110.00	10.433	186.88	0.0053511	20.240	22.698	86.029	36.856	64.570	275.33	4.9652	22.361	0.032285	supercritical
110.00	10.467	187.65	0.0053291	20.232	22.687	85.981	36.871	64.692	275.30	4.9591	22.383	0.032335	supercritical
110.00	10.500	188.42	0.0053073	20.224	22.676	85.932	36.886	64.813	275.28	4.9529	22.406	0.032385	supercritical
110.00	10.533	189.19	0.0052856	20.215	22.665	85.884	36.901	64.935	275.26	4.9467	22.429	0.032435	supercritical
110.00	10.567	189.97	0.0052640	20.207	22.655	85.836	36.916	65.057	275.24	4.9405	22.451	0.032485	supercritical
110.00	10.600	190.75	0.0052426	20.198	22.644	85.788	36.930	65.180	275.21	4.9342	22.474	0.032536	supercritical
110.00	10.633	191.52	0.0052213	20.190	22.633	85.740	36.945	65.302	275.19	4.9279	22.497	0.032586	supercritical
110.00	10.667	192.30	0.0052002	20.181	22.623	85.692	36.960	65.425	275.17	4.9216	22.520	0.032637	supercritical
110.00	10.700	193.08	0.0051792	20.173	22.612	85.644	36.974	65.549	275.15	4.9153	22.543	0.032688	supercritical
110.00	10.733	193.86	0.0051583	20.164	22.601	85.596	36.989	65.672	275.13	4.9089	22.567	0.032739	supercritical
110.00	10.767	194.65	0.0051375	20.156	22.590	85.548	37.004	65.796	275.12	4.9026	22.590	0.032791	supercritical
110.00	10.800	195.43	0.0051169	20.147	22.580	85.501	37.018	65.920	275.10	4.8962	22.613	0.032842	supercritical
110.00	10.833	196.21	0.0050965	20.139	22.569	85.453	37.033	66.045	275.08	4.8897	22.637	0.032894	supercritical
110.00	10.867	197.00	0.0050761	20.130	22.558	85.405	37.048	66.169	275.07	4.8833	22.661	0.032946	supercritical
110.00	10.900	197.79	0.0050559	20.122	22.547	85.358	37.062	66.294	275.05	4.8768	22.685	0.032998	supercritical
110.00	10.933	198.58	0.0050358	20.113	22.537	85.310	37.077	66.419	275.04	4.8703	22.709	0.033050	supercritical
110.00	10.967	199.37	0.0050159	20.105	22.526	85.263	37.092	66.545	275.02	4.8638	22.733	0.033103	supercritical
110.00	11.000	200.16	0.0049961	20.096	22.515	85.216	37.106	66.671	275.01	4.8572	22.757	0.033155	supercritical
110.00	11.033	200.95	0.0049764	20.088	22.504	85.168	37.121	66.797	275.00	4.8507	22.781	0.033208	supercritical
110.00	11.067	201.74	0.0049568	20.079	22.493	85.121	37.135	66.923	274.99	4.8441	22.806	0.033261	supercritical
110.00	11.100	202.54	0.0049373	20.071	22.483	85.074	37.150	67.050	274.98	4.8375	22.830	0.033315	supercritical
110.00	11.133	203.34	0.0049180	20.062	22.472	85.027	37.164	67.177	274.97	4.8308	22.855	0.033368	supercritical
110.00	11.167	204.13	0.0048988	20.053	22.461	84.980	37.179	67.304	274.96	4.8242	22.880	0.033421	supercritical
110.00	11.200	204.93	0.0048797	20.045	22.450	84.933	37.193	67.431	274.95	4.8175	22.905	0.033475	supercritical
110.00	11.233	205.73	0.0048607	20.036	22.439	84.886	37.208	67.559	274.94	4.8107	22.930	0.033529	supercritical
110.00	11.267	206.53	0.0048418	20.028	22.428	84.839	37.222	67.687	274.94	4.8040	22.955	0.033583	supercritical
110.00	11.300	207.34	0.0048231	20.019	22.418	84.792	37.236	67.815	274.93	4.7972	22.980	0.033638	supercritical
110.00	11.333	208.14	0.0048045	20.010	22.407	84.746	37.251	67.943	274.92	4.7905	23.006	0.033692	supercritical
110.00	11.367	208.94	0.0047860	20.002	22.396	84.699	37.265	68.072	274.92	4.7837	23.031	0.033747	supercritical
110.00	11.400	209.75	0.0047676	19.993	22.385	84.652	37.279	68.200	274.92	4.7768	23.057	0.033802	supercritical
110.00	11.433	210.56	0.0047493	19.984	22.374	84.606	37.294	68.330	274.91	4.7700	23.083	0.033857	supercritical
110.00	11.467	211.37	0.0047311	19.976	22.363	84.559	37.308	68.459	274.91	4.7631	23.109	0.033912	supercritical
110.00	11.500	212.18	0.0047131	19.967	22.352	84.513	37.322	68.588	274.91	4.7562	23.135	0.033967	supercritical
110.00	11.533	212.99	0.0046951	19.958	22.342	84.466	37.337	68.718	274.91	4.7492	23.161	0.034023	supercritical
110.00	11.567	213.80	0.0046773	19.950	22.331	84.420	37.351	68.848	274.91	4.7423	23.187	0.034079	supercritical
110.00	11.600	214.61	0.0046595	19.941	22.320	84.374	37.365	68.978	274.91	4.7353	23.213	0.034134	supercritical
110.00	11.633	215.43	0.0046419	19.932	22.309	84.328	37.379	69.109	274.92	4.7283	23.240	0.034191	supercritical
110.00	11.667	216.24	0.0046244	19.924	22.298	84.281	37.393	69.240	274.92	4.7213	23.267	0.034247	supercritical
110.00	11.700	217.06	0.0046070	19.915	22.287	84.235	37.407	69.371	274.92	4.7143	23.293	0.034303	supercritical
110.00	11.733	217.88	0.0045897	19.906	22.276	84.189	37.422	69.502	274.93	4.7072	23.320	0.034360	supercritical
110.00	11.767	218.70	0.0045725	19.897	22.265	84.143	37.436	69.633	274.93	4.7001	23.347	0.034417	supercritical
110.00	11.800	219.52	0.0045554	19.889	22.254	84.097	37.450	69.764	274.94	4.6930	23.374	0.034474	supercritical
110.00	11.833	220.34	0.0045384	19.880	22.243	84.051	37.464	69.896	274.95	4.6858	23.402	0.034531	supercritical
110.00	11.867	221.17	0.0045215	19.871	22.233	84.006	37.478	70.028	274.96	4.6787	23.429	0.034589	supercritical
110.00	11.900	221.99	0.0045047	19.862	22.222	83.960	37.492	70.160	274.96	4.6715	23.457	0.034646	supercritical
110.00	11.933	222.82	0.0044880	19.854	22.211	83.914	37.506	70.293	274.97	4.6643	23.484	0.034704	supercritical
110.00	11.967	223.64	0.0044714	19.845	22.200	83.868	37.520	70.425	274.99	4.6571	23.512	0.034762	supercritical
110.00	12.000	224.47	0.0044549	19.836	22.189	83.823	37.534	70.558	275.00	4.6498	23.540	0.034820	supercritical
110.00	12.033	225.30	0.0044385	19.827	22.178	83.777	37.548	70.691	275.01	4.6425	23.568	0.034878	supercritical
110.00	12.067	226.13	0.0044222	19.818	22.167	83.732	37.561	70.824	275.02	4.6352	23.596	0.034937	supercritical
110.00	12.100	226.96	0.0044060	19.810	22.156	83.686	37.575	70.957	275.04	4.6279	23.625	0.034995	supercritical
110.00	12.133	227.80	0.0043899	19.801	22.145	83.641	37.589	71.090	275.05	4.6206	23.653	0.035054	supercritical
110.00	12.167	228.63	0.0043739	19.792	22.134	83.595	37.603	71.224	275.07	4.6132	23.682	0.035113	supercritical
110.00	12.200	229.46	0.0043580	19.783	22.123	83.550	37.617	71.357	275.09	4.6058	23.711	0.035172	supercritical
110.00	12.233	230.30	0.0043422	19.774	22.112	83.505	37.630	71.491	275.10	4.5984	23.739	0.035232	supercritical
110.00	12.267	231.14	0.0043264	19.766	22.101	83.460	37.644	71.625	275.12	4.5910	23.768	0.035291	supercritical
110.00	12.300	231.98	0.0043108	19.757	22.090	83.415	37.658	71.759	275.14	4.5835	23.798	0.035351	supercritical
110.00	12.333	232.82	0.0042952	19.748	22.079	83.369	37.671	71.894	275.16	4.5761	23.827	0.035411	supercritical
110.00	12.367	233.66	0.0042798	19.739	22.068	83.324	37.685	72.028	275.19	4.5686	23.856	0.035471	supercritical
110.00	12.400	234.50	0.0042644	19.730	22.057	83.279	37.699	72.163	275.21	4.5611	23.886	0.035531	supercritical
110.00	12.433	235.34	0.0042492	19.721	22.046	83.234	37.712	72.298	275.23	4.5535	23.915	0.035591	supercritical
110.00	12.467	236.19	0.0042340	19.712	22.035	83.190	37.726	72.432	275.26	4.5460	23.945	0.035652	supercritical
110.00	12.500	237.03	0.0042189	19.704	22.024	83.145	37.739	72.567	275.28	4.5384	23.975	0.035713	supercritical
110.00	12.533	237.88	0.0042039	19.695	22.013	83.100	37.753	72.702	275.31	4.5308	24.005	0.035774	supercritical
110.00	12.567	238.72	0.0041889	19.686	22.002	83.055	37.766	72.838	275.34	4.5231	24.035	0.035835	supercritical
110.00	12.600	239.57	0.0041741	19.677	21.991	83.011	37.779	72.973	275.37	4.5155	24.066	0.035896	supercritical
110.00	12.633	240.42	0.0041593	19.668	21.980	82.966	37.793	73.108	275.40	4.5078	24.096	0.035957	supercritical
110.00	12.667	241.27	0.0041447	19.659	21.970	82.921	37.806	73.244	275.43	4.5001	24.127	0.036019	supercritical
110.00	12.700	242.13	0.0041301	19.650	21.959	82.877	37.819	73.380	275.46	4.4924	24.158	0.036081	supercritical
110.00	12.733	242.98	0.0041156	19.641	21.948	82.832	37.833	73.515	275.49	4.4847	24.188	0.036143	supercritical
110.00	12.767	243.83	0.0041012	19.632	21.937	82.788	37.846	73.651	275.52	4.4769	24.220	0.036205	supercritical
110.00	12.800	244.69	0.0040869	19.623	21.926	82.744	37.859	73.787	275.56	4.4692	24.251	0.036267	supercritical
110.00	12.833	245.54	0.0040726	19.614	21.915	82.699	37.872	73.923	275.59	4.4614	24.282	0.036329	supercritical
110.00	12.867	246.40	0.0040584	19.605	21.904	82.655	37.886	74.059	275.63	4.4536	24.313	0.036392	supercritical
110.00	12.900	247.26	0.0040443	19.596	21.893	82.611	37.899	74.195	275.67	4.4457	24.345	0.036455	supercritical
110.00	12.933	248.12	0.0040303	19.588	21.882	82.567	37.912	74.331	275.71	4.4379	24.377	0.036518	supercritical
110.00	12.967	248.98	0.0040164	19.579	21.871	82.523	37.925	74.467	275.75	4.4300	24.409	0.036581	supercritical
110.00	13.000	249.84	0.0040026	19.570	21.860	82.479	37.938	74.604	275.79	4.4221	24.441	0.036644	supercritical
110.00	13.033	250.70	0.0039888	19.561	21.849	82.435	37.951	74.740	275.83	4.4142	24.473	0.036707	supercritical
110.00	13.067	251.57	0.0039751	19.552	21.838	82.391	37.964	74.876	275.87	4.4063	24.505	0.036771	supercritical
110.00	13.100	252.43	0.0039615	19.543	21.827	82.347	37.977	75.013	275.91	4.3983	24.537	0.036835	supercritical
110.00	13.133	253.29	0.0039480	19.534	21.816	82.303	37.989	75.149	275.96	4.3904	24.570	0.036898	supercritical
110.00	13.167	254.16	0.0039345	19.525	21.805	82.259	38.002	75.285	276.00	4.3824	24.603	0.036962	supercritical
110.00	13.200	255.03	0.0039211	19.516	21.794	82.215	38.015	75.422	276.05	4.3744	24.636	0.037027	supercritical
110.00	13.233	255.90	0.0039078	19.507	21.783	82.172	38.028	75.558	276.10	4.3663	24.669	0.037091	supercritical
110.00	13.267	256.77	0.0038946	19.498	21.772	82.128	38.040	75.695	276.15	4.3583	24.702	0.037156	supercritical
110.00	13.300	257.64	0.0038814	19.489	21.761	82.084	38.053	75.831	276.20	4.3502	24.735	0.037220	supercritical
110.00	13.333	258.51	0.0038684	19.480	21.750	82.041	38.066	75.968	276.25	4.3421	24.768	0.037285	supercritical
110.00	13.367	259.38	0.0038553	19.471	21.739	81.997	38.078	76.104	276.30	4.3340	24.802	0.037350	supercritical
110.00	13.400	260.25	0.0038424	19.462	21.728	81.954	38.091	76.241	276.35	4.3259	24.836	0.037415	supercritical
110.00	13.433	261.13	0.0038296	19.453	21.717	81.911	38.103	76.377	276.41	4.3178	24.870	0.037480	supercritical
110.00	13.467	262.00	0.0038168	19.444	21.706	81.867	38.116	76.513	276.46	4.3096	24.904	0.037546	supercritical
110.00	13.500	262.88	0.0038040	19.435	21.695	81.824	38.128	76.650	276.52	4.3014	24.938	0.037611	supercritical
110.00	13.533	263.75	0.0037914	19.425	21.684	81.781	38.141	76.786	276.58	4.2933	24.972	0.037677	supercritical
110.00	13.567	264.63	0.0037788	19.416	21.673	81.738	38.153	76.922	276.64	4.2850	25.006	0.037743	supercritical
110.00	13.600	265.51	0.0037663	19.407	21.662	81.694	38.165	77.058	276.69	4.2768	25.041	0.037809	supercritical
110.00	13.633	266.39	0.0037539	19.398	21.651	81.651	38.178	77.194	276.76	4.2686	25.076	0.037875	supercritical
110.00	13.667	267.27	0.0037415	19.389	21.640	81.608	38.190	77.330	276.82	4.2603	25.111	0.037941	supercritical
110.00	13.700	268.15	0.0037292	19.380	21.629	81.565	38.202	77.466	276.88	4.2520	25.146	0.038008	supercritical
110.00	13.733	269.03	0.0037170	19.371	21.618	81.522	38.214	77.602	276.94	4.2437	25.181	0.038074	supercritical
110.00	13.767	269.92	0.0037048	19.362	21.607	81.480	38.226	77.738	277.01	4.2354	25.216	0.038141	supercritical
110.00	13.800	270.80	0.0036927	19.353	21.596	81.437	38.238	77.874	277.08	4.2271	25.251	0.038208	supercritical
110.00	13.833	271.69	0.0036807	19.344	21.585	81.394	38.250	78.010	277.14	4.2187	25.287	0.038275	supercritical
110.00	13.867	272.57	0.0036688	19.335	21.574	81.351	38.262	78.145	277.21	4.2104	25.323	0.038342	supercritical
110.00	13.900	273.46	0.0036569	19.326	21.563	81.309	38.274	78.280	277.28	4.2020	25.359	0.038409	supercritical
110.00	13.933	274.34	0.0036450	19.317	21.552	81.266	38.286	78.416	277.35	4.1936	25.395	0.038477	supercritical
110.00	13.967	275.23	0.0036333	19.308	21.541	81.224	38.298	78.551	277.42	4.1852	25.431	0.038544	supercritical
110.00	14.000	276.12	0.0036216	19.299	21.530	81.181	38.310	78.686	277.50	4.1768	25.467	0.038612	supercritical
110.00	14.033	277.01	0.0036100	19.290	21.519	81.139	38.322	78.821	277.57	4.1683	25.504	0.038680	supercritical
110.00	14.067	277.90	0.0035984	19.280	21.508	81.096	38.333	78.955	277.65	4.1599	25.540	0.038747	supercritical
110.00	14.100	278.79	0.0035869	19.271	21.497	81.054	38.345	79.090	277.72	4.1514	25.577	0.038816	supercritical
110.00	14.133	279.68	0.0035755	19.262	21.486	81.012	38.357	79.224	277.80	4.1429	25.614	0.038884	supercritical
110.00	14.167	280.58	0.0035641	19.253	21.475	80.970	38.368	79.359	277.88	4.1344	25.651	0.038952	supercritical
110.00	14.200	281.47	0.0035528	19.244	21.464	80.927	38.380	79.493	277.96	4.1259	25.688	0.039020	supercritical
110.00	14.233	282.36	0.0035415	19.235	21.453	80.885	38.391	79.627	278.04	4.1174	25.725	0.039089	supercritical
110.00	14.267	283.26	0.0035303	19.226	21.442	80.843	38.403	79.760	278.12	4.1088	25.763	0.039158	supercritical
110.00	14.300	284.15	0.0035192	19.217	21.432	80.801	38.414	79.894	278.21	4.1002	25.800	0.039226	supercritical
110.00	14.333	285.05	0.0035082	19.208	21.421	80.759	38.425	80.027	278.29	4.0917	25.838	0.039295	supercritical
110.00	14.367	285.95	0.0034972	19.199	21.410	80.717	38.437	80.160	278.38	4.0831	25.876	0.039364	supercritical
110.00	14.400	286.84	0.0034862	19.189	21.399	80.676	38.448	80.293	278.47	4.0745	25.914	0.039433	supercritical
110.00	14.433	287.74	0.0034753	19.180	21.388	80.634	38.459	80.426	278.55	4.0659	25.952	0.039503	supercritical
110.00	14.467	288.64	0.0034645	19.171	21.377	80.592	38.470	80.558	278.64	4.0572	25.991	0.039572	supercritical
110.00	14.500	289.54	0.0034538	19.162	21.366	80.550	38.481	80.691	278.73	4.0486	26.029	0.039641	supercritical
110.00	14.533	290.44	0.0034431	19.153	21.355	80.509	38.493	80.822	278.83	4.0400	26.068	0.039711	supercritical
110.00	14.567	291.34	0.0034324	19.144	21.344	80.467	38.504	80.954	278.92	4.0313	26.107	0.039781	supercritical
110.00	14.600	292.24	0.0034218	19.135	21.333	80.426	38.515	81.086	279.01	4.0226	26.146	0.039851	supercritical
110.00	14.633	293.14	0.0034113	19.126	21.323	80.384	38.525	81.217	279.11	4.0139	26.185	0.039920	supercritical
110.00	14.667	294.05	0.0034008	19.117	21.312	80.343	38.536	81.348	279.21	4.0052	26.224	0.039990	supercritical
110.00	14.700	294.95	0.0033904	19.107	21.301	80.301	38.547	81.478	279.30	3.9965	26.263	0.040061	supercritical
110.00	14.733	295.85	0.0033801	19.098	21.290	80.260	38.558	81.609	279.40	3.9878	26.303	0.040131	supercritical
110.00	14.767	296.76	0.0033698	19.089	21.279	80.219	38.569	81.739	279.50	3.9790	26.342	0.040201	supercritical
110.00	14.800	297.66	0.0033595	19.080	21.268	80.178	38.579	81.868	279.61	3.9703	26.382	0.040271	supercritical
110.00	14.833	298.57	0.0033493	19.071	21.258	80.137	38.590	81.998	279.71	3.9615	26.422	0.040342	supercritical
110.00	14.867	299.47	0.0033392	19.062	21.247	80.096	38.600	82.127	279.81	3.9528	26.462	0.040413	supercritical
110.00	14.900	300.38	0.0033291	19.053	21.236	80.055	38.611	82.256	279.92	3.9440	26.502	0.040483	supercritical
110.00	14.933	301.28	0.0033191	19.044	21.225	80.014	38.621	82.384	280.02	3.9352	26.543	0.040554	supercritical
110.00	14.967	302.19	0.0033092	19.035	21.214	79.973	38.632	82.512	280.13	3.9264	26.583	0.040625	supercritical
110.00	15.000	303.10	0.0032993	19.025	21.203	79.932	38.642	82.640	280.24	3.9176	26.624	0.040696	supercritical
110.00	15.033	304.01	0.0032894	19.016	21.193	79.891	38.652	82.767	280.35	3.9088	26.665	0.040767	supercritical
110.00	15.067	304.91	0.0032796	19.007	21.182	79.850	38.663	82.894	280.46	3.8999	26.706	0.040838	supercritical
110.00	15.100	305.82	0.0032699	18.998	21.171	79.810	38.673	83.021	280.57	3.8911	26.747	0.040909	supercritical
110.00	15.133	306.73	0.0032602	18.989	21.160	79.769	38.683	83.147	280.69	3.8822	26.788	0.040981	supercritical
110.00	15.167	307.64	0.0032505	18.980	21.150	79.729	38.693	83.273	280.80	3.8734	26.830	0.041052	supercritical
110.00	15.200	308.55	0.0032409	18.971	21.139	79.688	38.703	83.399	280.92	3.8645	26.871	0.041124	supercritical
110.00	15.233	309.46	0.0032314	18.962	21.128	79.648	38.713	83.524	281.04	3.8556	26.913	0.041195	supercritical
110.00	15.267	310.37	0.0032219	18.953	21.117	79.607	38.723	83.649	281.16	3.8468	26.955	0.041267	supercritical
110.00	15.300	311.28	0.0032125	18.944	21.107	79.567	38.733	83.773	281.28	3.8379	26.996	0.041339	supercritical
110.00	15.333	312.20	0.0032031	18.934	21.096	79.527	38.743	83.897	281.40	3.8290	27.039	0.041410	supercritical
110.00	15.367	313.11	0.0031938	18.925	21.085	79.487	38.753	84.020	281.52	3.8201	27.081	0.041482	supercritical
110.00	15.400	314.02	0.0031845	18.916	21.075	79.447	38.762	84.144	281.64	3.8111	27.123	0.041554	supercritical
110.00	15.433	314.93	0.0031753	18.907	21.064	79.407	38.772	84.266	281.77	3.8022	27.166	0.041626	supercritical
110.00	15.467	315.84	0.0031661	18.898	21.053	79.367	38.782	84.388	281.90	3.7933	27.208	0.041698	supercritical
110.00	15.500	316.76	0.0031570	18.889	21.043	79.327	38.791	84.510	282.02	3.7844	27.251	0.041770	supercritical
110.00	15.533	317.67	0.0031479	18.880	21.032	79.287	38.801	84.631	282.15	3.7754	27.294	0.041843	supercritical
110.00	15.567	318.58	0.0031389	18.871	21.021	79.247	38.810	84.752	282.28	3.7665	27.337	0.041915	supercritical
110.00	15.600	319.50	0.0031299	18.862	21.011	79.207	38.820	84.872	282.41	3.7575	27.380	0.041987	supercritical
110.00	15.633	320.41	0.0031210	18.853	21.000	79.167	38.829	84.992	282.55	3.7486	27.424	0.042060	supercritical
110.00	15.667	321.33	0.0031121	18.844	20.989	79.128	38.838	85.112	282.68	3.7396	27.467	0.042132	supercritical
110.00	15.700	322.24	0.0031033	18.835	20.979	79.088	38.848	85.230	282.82	3.7306	27.511	0.042204	supercritical
110.00	15.733	323.15	0.0030945	18.825	20.968	79.049	38.857	85.349	282.95	3.7217	27.555	0.042277	supercritical
110.00	15.767	324.07	0.0030858	18.816	20.958	79.009	38.866	85.467	283.09	3.7127	27.599	0.042350	supercritical
110.00	15.800	324.98	0.0030771	18.807	20.947	78.970	38.875	85.584	283.23	3.7037	27.643	0.042422	supercritical
110.00	15.833	325.90	0.0030684	18.798	20.936	78.931	38.884	85.701	283.37	3.6947	27.687	0.042495	supercritical
110.00	15.867	326.81	0.0030599	18.789	20.926	78.891	38.893	85.817	283.51	3.6857	27.731	0.042568	supercritical
110.00	15.900	327.73	0.0030513	18.780	20.915	78.852	38.902	85.933	283.65	3.6767	27.775	0.042641	supercritical
110.00	15.933	328.64	0.0030428	18.771	20.905	78.813	38.911	86.048	283.80	3.6677	27.820	0.042714	supercritical
110.00	15.967	329.56	0.0030344	18.762	20.894	78.774	38.919	86.163	283.94	3.6587	27.865	0.042786	supercritical
110.00	16.000	330.47	0.0030260	18.753	20.884	78.735	38.928	86.277	284.09	3.6497	27.910	0.042859	supercritical
110.00	16.033	331.39	0.0030176	18.744	20.873	78.696	38.937	86.390	284.24	3.6407	27.955	0.042932	supercritical
110.00	16.067	332.30	0.0030093	18.735	20.863	78.657	38.946	86.503	284.39	3.6317	28.000	0.043005	supercritical
110.00	16.100	333.22	0.0030010	18.726	20.852	78.618	38.954	86.616	284.54	3.6227	28.045	0.043078	supercritical
110.00	16.133	334.14	0.0029928	18.717	20.842	78.579	38.963	86.728	284.69	3.6137	28.090	0.043152	supercritical
110.00	16.167	335.05	0.0029846	18.708	20.832	78.541	38.971	86.839	284.84	3.6046	28.136	0.043225	supercritical
110.00	16.200	335.97	0.0029765	18.699	20.821	78.502	38.980	86.950	285.00	3.5956	28.182	0.043298	supercritical
110.00	16.233	336.88	0.0029684	18.690	20.811	78.464	38.988	87.060	285.15	3.5866	28.227	0.043371	supercritical
110.00	16.267	337.80	0.0029604	18.681	20.800	78.425	38.996	87.169	285.31	3.5776	28.273	0.043444	supercritical
110.00	16.300	338.71	0.0029524	18.672	20.790	78.387	39.004	87.278	285.47	3.5686	28.319	0.043518	supercritical
110.00	16.333	339.63	0.0029444	18.663	20.780	78.348	39.013	87.386	285.63	3.5595	28.365	0.043591	supercritical
110.00	16.367	340.54	0.0029365	18.654	20.769	78.310	39.021	87.494	285.79	3.5505	28.412	0.043664	supercritical
110.00	16.400	341.46	0.0029286	18.645	20.759	78.272	39.029	87.601	285.95	3.5415	28.458	0.043738	supercritical
110.00	16.433	342.37	0.0029208	18.636	20.748	78.234	39.037	87.707	286.11	3.5325	28.505	0.043811	supercritical
110.00	16.467	343.29	0.0029130	18.627	20.738	78.195	39.045	87.813	286.28	3.5234	28.551	0.043884	supercritical
110.00	16.500	344.20	0.0029053	18.618	20.728	78.157	39.053	87.918	286.44	3.5144	28.598	0.043958	supercritical
110.00	16.533	345.12	0.0028976	18.609	20.718	78.119	39.061	88.023	286.61	3.5054	28.645	0.044031	supercritical
110.00	16.567	346.03	0.0028899	18.600	20.707	78.082	39.068	88.127	286.78	3.4964	28.692	0.044105	supercritical
110.00	16.600	346.95	0.0028823	18.591	20.697	78.044	39.076	88.230	286.95	3.4873	28.739	0.044178	supercritical
110.00	16.633	347.86	0.0028747	18.582	20.687	78.006	39.084	88.332	287.12	3.4783	28.787	0.044252	supercritical
110.00	16.667	348.77	0.0028672	18.573	20.677	77.968	39.091	88.434	287.29	3.4693	28.834	0.044325	supercritical
110.00	16.700	349.69	0.0028597	18.565	20.666	77.931	39.099	88.536	287.46	3.4603	28.882	0.044399	supercritical
110.00	16.733	350.60	0.0028523	18.556	20.656	77.893	39.106	88.636	287.64	3.4513	28.929	0.044472	supercritical
110.00	16.767	351.51	0.0028448	18.547	20.646	77.856	39.114	88.736	287.81	3.4423	28.977	0.044546	supercritical
110.00	16.800	352.43	0.0028375	18.538	20.636	77.818	39.121	88.835	287.99	3.4332	29.025	0.044619	supercritical
110.00	16.833	353.34	0.0028301	18.529	20.626	77.781	39.129	88.934	288.17	3.4242	29.073	0.044693	supercritical
110.00	16.867	354.25	0.0028229	18.520	20.615	77.743	39.136	89.031	288.35	3.4152	29.121	0.044766	supercritical
110.00	16.900	355.16	0.0028156	18.511	20.605	77.706	39.143	89.128	288.53	3.4062	29.170	0.044840	supercritical
110.00	16.933	356.07	0.0028084	18.502	20.595	77.669	39.150	89.225	288.71	3.3972	29.218	0.044914	supercritical
110.00	16.967	356.99	0.0028012	18.493	20.585	77.632	39.158	89.321	288.89	3.3882	29.266	0.044987	supercritical
110.00	17.000	357.90	0.0027941	18.485	20.575	77.595	39.165	89.416	289.08	3.3793	29.315	0.045061	supercritical
110.00	17.033	358.81	0.0027870	18.476	20.565	77.558	39.172	89.510	289.26	3.3703	29.364	0.045134	supercritical
110.00	17.067	359.72	0.0027800	18.467	20.555	77.521	39.179	89.603	289.45	3.3613	29.413	0.045208	supercritical
110.00	17.100	360.63	0.0027730	18.458	20.545	77.484	39.185	89.696	289.64	3.3523	29.462	0.045281	supercritical
110.00	17.133	361.54	0.0027660	18.449	20.535	77.448	39.192	89.788	289.83	3.3433	29.511	0.045355	supercritical
110.00	17.167	362.44	0.0027590	18.440	20.525	77.411	39.199	89.880	290.02	3.3344	29.560	0.045428	supercritical
110.00	17.200	363.35	0.0027521	18.432	20.515	77.374	39.206	89.970	290.21	3.3254	29.609	0.045502	supercritical
110.00	17.233	364.26	0.0027453	18.423	20.505	77.338	39.213	90.060	290.40	3.3165	29.659	0.045575	supercritical
110.00	17.267	365.17	0.0027385	18.414	20.495	77.301	39.219	90.150	290.60	3.3075	29.708	0.045649	supercritical
110.00	17.300	366.08	0.0027317	18.405	20.485	77.265	39.226	90.238	290.79	3.2986	29.758	0.045722	supercritical
110.00	17.333	366.98	0.0027249	18.396	20.475	77.229	39.232	90.326	290.99	3.2896	29.808	0.045796	supercritical
110.00	17.367	367.89	0.0027182	18.388	20.465	77.192	39.239	90.413	291.19	3.2807	29.857	0.045869	supercritical
110.00	17.400	368.79	0.0027115	18.379	20.455	77.156	39.245	90.499	291.39	3.2718	29.907	0.045943	supercritical
110.00	17.433	369.70	0.0027049	18.370	20.445	77.120	39.251	90.584	291.59	3.2629	29.957	0.046016	supercritical
110.00	17.467	370.60	0.0026983	18.361	20.436	77.084	39.258	90.669	291.79	3.2540	30.008	0.046090	supercritical
110.00	17.500	371.51	0.0026917	18.353	20.426	77.048	39.264	90.753	291.99	3.2451	30.058	0.046163	supercritical
110.00	17.533	372.41	0.0026852	18.344	20.416	77.012	39.270	90.836	292.20	3.2362	30.108	0.046236	supercritical
110.00	17.567	373.31	0.0026787	18.335	20.406	76.976	39.276	90.919	292.40	3.2273	30.159	0.046310	supercritical
110.00	17.600	374.22	0.0026723	18.327	20.396	76.941	39.282	91.001	292.61	3.2184	30.209	0.046383	supercritical
110.00	17.633	375.12	0.0026658	18.318	20.387	76.905	39.289	91.081	292.82	3.2095	30.260	0.046456	supercritical
110.00	17.667	376.02	0.0026594	18.309	20.377	76.869	39.294	91.162	293.02	3.2007	30.311	0.046530	supercritical
110.00	17.700	376.92	0.0026531	18.301	20.367	76.834	39.300	91.241	293.23	3.1918	30.362	0.046603	supercritical
110.00	17.733	377.82	0.0026468	18.292	20.358	76.798	39.306	91.320	293.45	3.1830	30.413	0.046676	supercritical
110.00	17.767	378.72	0.0026405	18.283	20.348	76.763	39.312	91.397	293.66	3.1741	30.464	0.046749	supercritical
110.00	17.800	379.62	0.0026342	18.275	20.338	76.728	39.318	91.475	293.87	3.1653	30.515	0.046822	supercritical
110.00	17.833	380.51	0.0026280	18.266	20.329	76.692	39.324	91.551	294.09	3.1565	30.566	0.046896	supercritical
110.00	17.867	381.41	0.0026218	18.257	20.319	76.657	39.329	91.626	294.30	3.1477	30.618	0.046969	supercritical
110.00	17.900	382.31	0.0026157	18.249	20.309	76.622	39.335	91.701	294.52	3.1389	30.669	0.047042	supercritical
110.00	17.933	383.20	0.0026096	18.240	20.300	76.587	39.340	91.775	294.74	3.1301	30.721	0.047115	supercritical
110.00	17.967	384.10	0.0026035	18.232	20.290	76.552	39.346	91.848	294.96	3.1213	30.772	0.047188	supercritical
110.00	18.000	384.99	0.0025975	18.223	20.281	76.517	39.351	91.921	295.18	3.1126	30.824	0.047261	supercritical
110.00	18.033	385.88	0.0025915	18.214	20.271	76.482	39.357	91.992	295.40	3.1038	30.876	0.047334	supercritical
110.00	18.067	386.78	0.0025855	18.206	20.262	76.448	39.362	92.063	295.62	3.0951	30.928	0.047406	supercritical
110.00	18.100	387.67	0.0025795	18.197	20.252	76.413	39.367	92.133	295.84	3.0863	30.980	0.047479	supercritical
110.00	18.133	388.56	0.0025736	18.189	20.243	76.379	39.373	92.203	296.07	3.0776	31.032	0.047552	supercritical
110.00	18.167	389.45	0.0025677	18.180	20.233	76.344	39.378	92.271	296.30	3.0689	31.084	0.047625	supercritical
110.00	18.200	390.34	0.0025619	18.172	20.224	76.310	39.383	92.339	296.52	3.0602	31.137	0.047698	supercritical
110.00	18.233	391.23	0.0025561	18.163	20.214	76.275	39.388	92.406	296.75	3.0515	31.189	0.047770	supercritical
110.00	18.267	392.11	0.0025503	18.155	20.205	76.241	39.393	92.472	296.98	3.0429	31.241	0.047843	supercritical
110.00	18.300	393.00	0.0025445	18.146	20.196	76.207	39.398	92.537	297.21	3.0342	31.294	0.047915	supercritical
110.00	18.333	393.89	0.0025388	18.138	20.186	76.173	39.403	92.602	297.44	3.0255	31.347	0.047988	supercritical
110.00	18.367	394.77	0.0025331	18.129	20.177	76.139	39.408	92.666	297.68	3.0169	31.399	0.048060	supercritical
110.00	18.400	395.66	0.0025274	18.121	20.168	76.105	39.413	92.729	297.91	3.0083	31.452	0.048133	supercritical
110.00	18.433	396.54	0.0025218	18.113	20.158	76.071	39.418	92.791	298.14	2.9997	31.505	0.048205	supercritical
110.00	18.467	397.42	0.0025162	18.104	20.149	76.037	39.423	92.852	298.38	2.9911	31.558	0.048277	supercritical
110.00	18.500	398.30	0.0025106	18.096	20.140	76.003	39.427	92.913	298.62	2.9825	31.611	0.048350	supercritical
110.00	18.533	399.18	0.0025051	18.087	20.131	75.969	39.432	92.973	298.86	2.9739	31.664	0.048422	supercritical
110.00	18.567	400.06	0.0024996	18.079	20.121	75.936	39.436	93.032	299.09	2.9654	31.717	0.048494	supercritical
110.00	18.600	400.94	0.0024941	18.071	20.112	75.902	39.441	93.090	299.33	2.9568	31.771	0.048566	supercritical
110.00	18.633	401.82	0.0024887	18.062	20.103	75.869	39.446	93.148	299.58	2.9483	31.824	0.048638	supercritical
110.00	18.667	402.70	0.0024833	18.054	20.094	75.835	39.450	93.204	299.82	2.9398	31.877	0.048710	supercritical
110.00	18.700	403.57	0.0024779	18.046	20.085	75.802	39.454	93.260	300.06	2.9313	31.931	0.048782	supercritical
110.00	18.733	404.45	0.0024725	18.037	20.076	75.769	39.459	93.316	300.31	2.9228	31.984	0.048854	supercritical
110.00	18.767	405.32	0.0024672	18.029	20.067	75.736	39.463	93.370	300.55	2.9143	32.038	0.048926	supercritical
110.00	18.800	406.19	0.0024619	18.021	20.058	75.703	39.467	93.424	300.80	2.9058	32.092	0.048998	supercritical
110.00	18.833	407.06	0.0024566	18.012	20.048	75.670	39.472	93.476	301.05	2.8974	32.146	0.049069	supercritical
110.00	18.867	407.93	0.0024514	18.004	20.039	75.637	39.476	93.529	301.30	2.8890	32.199	0.049141	supercritical
110.00	18.900	408.80	0.0024462	17.996	20.030	75.604	39.480	93.580	301.55	2.8806	32.253	0.049213	supercritical
110.00	18.933	409.67	0.0024410	17.988	20.021	75.571	39.484	93.630	301.80	2.8722	32.307	0.049284	supercritical
110.00	18.967	410.54	0.0024358	17.979	20.013	75.538	39.488	93.680	302.05	2.8638	32.361	0.049356	supercritical
110.00	19.000	411.41	0.0024307	17.971	20.004	75.506	39.492	93.729	302.30	2.8554	32.416	0.049427	supercritical
110.00	19.033	412.27	0.0024256	17.963	19.995	75.473	39.496	93.777	302.55	2.8471	32.470	0.049498	supercritical
110.00	19.067	413.14	0.0024205	17.955	19.986	75.441	39.500	93.825	302.81	2.8387	32.524	0.049570	supercritical
110.00	19.100	414.00	0.0024155	17.947	19.977	75.408	39.504	93.871	303.07	2.8304	32.578	0.049641	supercritical
110.00	19.133	414.86	0.0024105	17.938	19.968	75.376	39.508	93.917	303.32	2.8221	32.633	0.049712	supercritical
110.00	19.167	415.72	0.0024055	17.930	19.959	75.344	39.512	93.962	303.58	2.8138	32.687	0.049783	supercritical
110.00	19.200	416.58	0.0024005	17.922	19.950	75.312	39.515	94.007	303.84	2.8055	32.742	0.049854	supercritical
110.00	19.233	417.44	0.0023956	17.914	19.942	75.279	39.519	94.050	304.10	2.7973	32.796	0.049925	supercritical
110.00	19.267	418.30	0.0023907	17.906	19.933	75.247	39.523	94.093	304.36	2.7890	32.851	0.049996	supercritical
110.00	19.300	419.15	0.0023858	17.898	19.924	75.216	39.526	94.135	304.62	2.7808	32.905	0.050067	supercritical
110.00	19.333	420.01	0.0023809	17.890	19.915	75.184	39.530	94.177	304.88	2.7726	32.960	0.050138	supercritical
110.00	19.367	420.86	0.0023761	17.882	19.907	75.152	39.533	94.218	305.15	2.7644	33.015	0.050208	supercritical
110.00	19.400	421.71	0.0023713	17.874	19.898	75.120	39.537	94.257	305.41	2.7562	33.070	0.050279	supercritical
110.00	19.433	422.56	0.0023665	17.865	19.889	75.088	39.540	94.297	305.68	2.7481	33.125	0.050349	supercritical
110.00	19.467	423.41	0.0023618	17.857	19.881	75.057	39.544	94.335	305.94	2.7400	33.180	0.050420	supercritical
110.00	19.500	424.26	0.0023570	17.849	19.872	75.025	39.547	94.373	306.21	2.7318	33.235	0.050490	supercritical
110.00	19.533	425.11	0.0023523	17.841	19.864	74.994	39.550	94.410	306.48	2.7237	33.290	0.050560	supercritical
110.00	19.567	425.96	0.0023477	17.833	19.855	74.963	39.554	94.446	306.75	2.7156	33.345	0.050631	supercritical
110.00	19.600	426.80	0.0023430	17.825	19.847	74.931	39.557	94.481	307.02	2.7076	33.400	0.050701	supercritical
110.00	19.633	427.65	0.0023384	17.818	19.838	74.900	39.560	94.516	307.29	2.6995	33.455	0.050771	supercritical
110.00	19.667	428.49	0.0023338	17.810	19.830	74.869	39.563	94.550	307.56	2.6915	33.510	0.050841	supercritical
110.00	19.700	429.33	0.0023292	17.802	19.821	74.838	39.566	94.583	307.83	2.6835	33.566	0.050911	supercritical
110.00	19.733	430.17	0.0023247	17.794	19.813	74.807	39.570	94.616	308.11	2.6755	33.621	0.050981	supercritical
110.00	19.767	431.01	0.0023201	17.786	19.804	74.776	39.573	94.648	308.38	2.6675	33.676	0.051051	supercritical
110.00	19.800	431.85	0.0023156	17.778	19.796	74.745	39.576	94.679	308.66	2.6595	33.732	0.051120	supercritical
110.00	19.833	432.68	0.0023112	17.770	19.787	74.715	39.579	94.709	308.94	2.6516	33.787	0.051190	supercritical
110.00	19.867	433.52	0.0023067	17.762	19.779	74.684	39.581	94.739	309.21	2.6437	33.843	0.051260	supercritical
110.00	19.900	434.35	0.0023023	17.754	19.771	74.653	39.584	94.768	309.49	2.6358	33.898	0.051329	supercritical
110.00	19.933	435.19	0.0022979	17.747	19.762	74.623	39.587	94.797	309.77	2.6279	33.954	0.051398	supercritical
110.00	19.967	436.02	0.0022935	17.739	19.754	74.592	39.590	94.824	310.05	2.6200	34.009	0.051468	supercritical
110.00	20.000	436.85	0.0022891	17.731	19.746	74.562	39.593	94.851	310.33	2.6122	34.065	0.051537	supercritical
110.00	20.033	437.68	0.0022848	17.723	19.738	74.532	39.596	94.877	310.61	2.6043	34.121	0.051606	supercritical
110.00	20.067	438.50	0.0022805	17.715	19.729	74.502	39.598	94.903	310.89	2.5965	34.177	0.051675	supercritical
110.00	20.100	439.33	0.0022762	17.708	19.721	74.472	39.601	94.928	311.18	2.5887	34.232	0.051744	supercritical
110.00	20.133	440.15	0.0022719	17.700	19.713	74.441	39.604	94.952	311.46	2.5810	34.288	0.051813	supercritical
110.00	20.167	440.98	0.0022677	17.692	19.705	74.411	39.606	94.976	311.75	2.5732	34.344	0.051882	supercritical
110.00	20.200	441.80	0.0022635	17.684	19.697	74.382	39.609	94.999	312.03	2.5655	34.400	0.051951	supercritical
110.00	20.233	442.62	0.0022593	17.677	19.689	74.352	39.611	95.021	312.32	2.5578	34.456	0.052020	supercritical
110.00	20.267	443.44	0.0022551	17.669	19.680	74.322	39.614	95.042	312.61	2.5501	34.512	0.052088	supercritical
110.00	20.300	444.26	0.0022510	17.661	19.672	74.292	39.616	95.063	312.89	2.5424	34.568	0.052157	supercritical
110.00	20.333	445.07	0.0022468	17.654	19.664	74.263	39.619	95.083	313.18	2.5347	34.624	0.052225	supercritical
110.00	20.367	445.89	0.0022427	17.646	19.656	74.233	39.621	95.103	313.47	2.5271	34.680	0.052293	supercritical
110.00	20.400	446.70	0.0022386	17.638	19.648	74.204	39.623	95.122	313.76	2.5195	34.736	0.052362	supercritical
110.00	20.433	447.51	0.0022346	17.631	19.640	74.174	39.626	95.140	314.05	2.5119	34.792	0.052430	supercritical
110.00	20.467	448.32	0.0022305	17.623	19.632	74.145	39.628	95.158	314.35	2.5043	34.848	0.052498	supercritical
110.00	20.500	449.13	0.0022265	17.616	19.624	74.116	39.630	95.175	314.64	2.4967	34.904	0.052566	supercritical
110.00	20.533	449.94	0.0022225	17.608	19.617	74.087	39.633	95.191	314.93	2.4892	34.960	0.052634	supercritical
110.00	20.567	450.75	0.0022185	17.601	19.609	74.058	39.635	95.207	315.23	2.4817	35.017	0.052702	supercritical
110.00	20.600	451.55	0.0022146	17.593	19.601	74.029	39.637	95.222	315.52	2.4742	35.073	0.052770	supercritical
110.00	20.633	452.36	0.0022107	17.586	19.593	74.000	39.639	95.237	315.82	2.4667	35.129	0.052837	supercritical
110.00	20.667	453.16	0.0022067	17.578	19.585	73.971	39.641	95.251	316.11	2.4592	35.185	0.052905	supercritical
110.00	20.700	453.96	0.0022028	17.571	19.577	73.942	39.643	95.264	316.41	2.4518	35.242	0.052973	supercritical
110.00	20.733	454.76	0.0021990	17.563	19.570	73.913	39.645	95.277	316.71	2.4443	35.298	0.053040	supercritical
110.00	20.767	455.56	0.0021951	17.556	19.562	73.885	39.647	95.289	317.01	2.4369	35.354	0.053107	supercritical
110.00	20.800	456.35	0.0021913	17.548	19.554	73.856	39.649	95.300	317.31	2.4296	35.410	0.053175	supercritical
110.00	20.833	457.15	0.0021875	17.541	19.546	73.827	39.651	95.311	317.61	2.4222	35.467	0.053242	supercritical
110.00	20.867	457.94	0.0021837	17.533	19.539	73.799	39.653	95.321	317.91	2.4149	35.523	0.053309	supercritical
110.00	20.900	458.73	0.0021799	17.526	19.531	73.771	39.655	95.331	318.21	2.4075	35.580	0.053376	supercritical
110.00	20.933	459.52	0.0021762	17.519	19.523	73.742	39.657	95.340	318.51	2.4002	35.636	0.053443	supercritical
110.00	20.967	460.31	0.0021724	17.511	19.516	73.714	39.659	95.349	318.82	2.3930	35.692	0.053510	supercritical
110.00	21.000	461.10	0.0021687	17.504	19.508	73.686	39.661	95.357	319.12	2.3857	35.749	0.053576	supercritical
110.00	21.033	461.89	0.0021650	17.497	19.501	73.658	39.662	95.364	319.42	2.3785	35.805	0.053643	supercritical
110.00	21.067	462.67	0.0021614	17.489	19.493	73.630	39.664	95.371	319.73	2.3712	35.862	0.053710	supercritical
110.00	21.100	463.45	0.0021577	17.482	19.486	73.602	39.666	95.377	320.04	2.3640	35.918	0.053776	supercritical
110.00	21.133	464.24	0.0021541	17.475	19.478	73.574	39.667	95.383	320.34	2.3569	35.975	0.053843	supercritical
110.00	21.167	465.02	0.0021505	17.467	19.471	73.547	39.669	95.388	320.65	2.3497	36.031	0.053909	supercritical
110.00	21.200	465.80	0.0021469	17.460	19.463	73.519	39.671	95.393	320.96	2.3426	36.088	0.053975	supercritical
110.00	21.233	466.57	0.0021433	17.453	19.456	73.491	39.672	95.397	321.26	2.3354	36.144	0.054041	supercritical
110.00	21.267	467.35	0.0021397	17.446	19.448	73.464	39.674	95.401	321.57	2.3283	36.201	0.054107	supercritical
110.00	21.300	468.12	0.0021362	17.438	19.441	73.436	39.676	95.404	321.88	2.3213	36.257	0.054173	supercritical
110.00	21.333	468.90	0.0021327	17.431	19.433	73.409	39.677	95.406	322.19	2.3142	36.314	0.054239	supercritical
110.00	21.367	469.67	0.0021292	17.424	19.426	73.381	39.679	95.408	322.50	2.3072	36.370	0.054305	supercritical
110.00	21.400	470.44	0.0021257	17.417	19.419	73.354	39.680	95.410	322.82	2.3002	36.427	0.054371	supercritical
110.00	21.433	471.21	0.0021222	17.410	19.412	73.327	39.681	95.410	323.13	2.2932	36.484	0.054436	supercritical
110.00	21.467	471.97	0.0021188	17.403	19.404	73.300	39.683	95.411	323.44	2.2862	36.540	0.054502	supercritical
110.00	21.500	472.74	0.0021153	17.395	19.397	73.273	39.684	95.411	323.75	2.2792	36.597	0.054567	supercritical
110.00	21.533	473.50	0.0021119	17.388	19.390	73.246	39.686	95.410	324.07	2.2723	36.653	0.054633	supercritical
110.00	21.567	474.26	0.0021085	17.381	19.383	73.219	39.687	95.409	324.38	2.2654	36.710	0.054698	supercritical
110.00	21.600	475.02	0.0021052	17.374	19.375	73.192	39.688	95.408	324.70	2.2585	36.766	0.054763	supercritical
110.00	21.633	475.78	0.0021018	17.367	19.368	73.165	39.690	95.406	325.01	2.2516	36.823	0.054828	supercritical
110.00	21.667	476.54	0.0020985	17.360	19.361	73.139	39.691	95.403	325.33	2.2448	36.880	0.054893	supercritical
110.00	21.700	477.30	0.0020951	17.353	19.354	73.112	39.692	95.400	325.65	2.2379	36.936	0.054958	supercritical
110.00	21.733	478.05	0.0020918	17.346	19.347	73.085	39.693	95.396	325.96	2.2311	36.993	0.055023	supercritical
110.00	21.767	478.81	0.0020885	17.339	19.340	73.059	39.695	95.392	326.28	2.2243	37.049	0.055088	supercritical
110.00	21.800	479.56	0.0020853	17.332	19.333	73.032	39.696	95.388	326.60	2.2176	37.106	0.055152	supercritical
110.00	21.833	480.31	0.0020820	17.325	19.326	73.006	39.697	95.383	326.92	2.2108	37.162	0.055217	supercritical
110.00	21.867	481.06	0.0020788	17.318	19.319	72.980	39.698	95.378	327.24	2.2041	37.219	0.055281	supercritical
110.00	21.900	481.80	0.0020755	17.311	19.312	72.954	39.699	95.372	327.56	2.1974	37.275	0.055346	supercritical
110.00	21.933	482.55	0.0020723	17.304	19.305	72.927	39.700	95.366	327.88	2.1907	37.332	0.055410	supercritical
110.00	21.967	483.29	0.0020691	17.297	19.298	72.901	39.701	95.359	328.20	2.1840	37.389	0.055474	supercritical
110.00	22.000	484.04	0.0020660	17.290	19.291	72.875	39.702	95.352	328.52	2.1774	37.445	0.055538	supercritical
110.00	22.033	484.78	0.0020628	17.284	19.284	72.849	39.704	95.344	328.84	2.1708	37.502	0.055602	supercritical
110.00	22.067	485.52	0.0020597	17.277	19.277	72.824	39.705	95.336	329.17	2.1642	37.558	0.055666	supercritical
110.00	22.100	486.25	0.0020565	17.270	19.270	72.798	39.706	95.328	329.49	2.1576	37.615	0.055730	supercritical
110.00	22.133	486.99	0.0020534	17.263	19.263	72.772	39.706	95.319	329.81	2.1510	37.671	0.055794	supercritical
110.00	22.167	487.73	0.0020503	17.256	19.256	72.746	39.707	95.310	330.14	2.1445	37.728	0.055858	supercritical
110.00	22.200	488.46	0.0020473	17.249	19.250	72.721	39.708	95.300	330.46	2.1380	37.784	0.055921	supercritical
110.00	22.233	489.19	0.0020442	17.243	19.243	72.695	39.709	95.290	330.79	2.1315	37.841	0.055985	supercritical
110.00	22.267	489.92	0.0020411	17.236	19.236	72.670	39.710	95.280	331.11	2.1250	37.897	0.056048	supercritical
110.00	22.300	490.65	0.0020381	17.229	19.229	72.644	39.711	95.269	331.44	2.1185	37.954	0.056111	supercritical
110.00	22.333	491.38	0.0020351	17.222	19.223	72.619	39.712	95.257	331.77	2.1121	38.010	0.056175	supercritical
110.00	22.367	492.10	0.0020321	17.216	19.216	72.594	39.713	95.246	332.09	2.1057	38.066	0.056238	supercritical
110.00	22.400	492.83	0.0020291	17.209	19.209	72.569	39.714	95.234	332.42	2.0993	38.123	0.056301	supercritical
110.00	22.433	493.55	0.0020261	17.202	19.203	72.543	39.714	95.221	332.75	2.0929	38.179	0.056364	supercritical
110.00	22.467	494.27	0.0020232	17.195	19.196	72.518	39.715	95.208	333.08	2.0865	38.236	0.056427	supercritical
110.00	22.500	494.99	0.0020202	17.189	19.189	72.493	39.716	95.195	333.40	2.0802	38.292	0.056489	supercritical
110.00	22.533	495.71	0.0020173	17.182	19.183	72.468	39.717	95.182	333.73	2.0739	38.348	0.056552	supercritical
110.00	22.567	496.42	0.0020144	17.176	19.176	72.444	39.717	95.168	334.06	2.0676	38.405	0.056615	supercritical
110.00	22.600	497.14	0.0020115	17.169	19.170	72.419	39.718	95.153	334.39	2.0613	38.461	0.056677	supercritical
110.00	22.633	497.85	0.0020086	17.162	19.163	72.394	39.719	95.139	334.72	2.0550	38.517	0.056740	supercritical
110.00	22.667	498.56	0.0020058	17.156	19.157	72.369	39.719	95.124	335.06	2.0488	38.574	0.056802	supercritical
110.00	22.700	499.27	0.0020029	17.149	19.150	72.345	39.720	95.109	335.39	2.0426	38.630	0.056864	supercritical
110.00	22.733	499.98	0.0020001	17.143	19.144	72.320	39.721	95.093	335.72	2.0364	38.686	0.056926	supercritical
110.00	22.767	500.69	0.0019972	17.136	19.137	72.296	39.721	95.077	336.05	2.0302	38.743	0.056989	supercritical
110.00	22.800	501.40	0.0019944	17.129	19.131	72.271	39.722	95.060	336.38	2.0241	38.799	0.057051	supercritical
110.00	22.833	502.10	0.0019916	17.123	19.124	72.247	39.722	95.044	336.72	2.0179	38.855	0.057112	supercritical
110.00	22.867	502.80	0.0019888	17.116	19.118	72.223	39.723	95.027	337.05	2.0118	38.911	0.057174	supercritical
110.00	22.900	503.50	0.0019861	17.110	19.112	72.199	39.724	95.009	337.38	2.0057	38.967	0.057236	supercritical
110.00	22.933	504.20	0.0019833	17.104	19.105	72.174	39.724	94.992	337.72	1.9997	39.023	0.057298	supercritical
110.00	22.967	504.90	0.0019806	17.097	19.099	72.150	39.725	94.974	338.05	1.9936	39.080	0.057359	supercritical
110.00	23.000	505.60	0.0019779	17.091	19.093	72.126	39.725	94.956	338.39	1.9876	39.136	0.057421	supercritical
110.00	23.033	506.29	0.0019751	17.084	19.086	72.102	39.726	94.937	338.72	1.9816	39.192	0.057482	supercritical
110.00	23.067	506.99	0.0019724	17.078	19.080	72.078	39.726	94.918	339.06	1.9756	39.248	0.057543	supercritical
110.00	23.100	507.68	0.0019697	17.071	19.074	72.055	39.727	94.899	339.39	1.9696	39.304	0.057605	supercritical
110.00	23.133	508.37	0.0019671	17.065	19.068	72.031	39.727	94.879	339.73	1.9636	39.360	0.057666	supercritical
110.00	23.167	509.06	0.0019644	17.059	19.061	72.007	39.727	94.860	340.07	1.9577	39.416	0.057727	supercritical
110.00	23.200	509.75	0.0019618	17.052	19.055	71.984	39.728	94.840	340.40	1.9518	39.472	0.057788	supercritical
110.00	23.233	510.43	0.0019591	17.046	19.049	71.960	39.728	94.819	340.74	1.9459	39.528	0.057849	supercritical
110.00	23.267	511.12	0.0019565	17.040	19.043	71.936	39.729	94.799	341.08	1.9400	39.584	0.057909	supercritical
110.00	23.300	511.80	0.0019539	17.033	19.037	71.913	39.729	94.778	341.42	1.9342	39.640	0.057970	supercritical
110.00	23.333	512.48	0.0019513	17.027	19.031	71.890	39.729	94.757	341.75	1.9283	39.695	0.058031	supercritical
110.00	23.367	513.16	0.0019487	17.021	19.025	71.866	39.730	94.735	342.09	1.9225	39.751	0.058091	supercritical
110.00	23.400	513.84	0.0019461	17.014	19.019	71.843	39.730	94.713	342.43	1.9167	39.807	0.058152	supercritical
110.00	23.433	514.52	0.0019436	17.008	19.013	71.820	39.730	94.692	342.77	1.9110	39.863	0.058212	supercritical
110.00	23.467	515.19	0.0019410	17.002	19.007	71.797	39.731	94.669	343.11	1.9052	39.919	0.058272	supercritical
110.00	23.500	515.87	0.0019385	16.996	19.001	71.773	39.731	94.647	343.45	1.8995	39.974	0.058333	supercritical
110.00	23.533	516.54	0.0019360	16.989	18.995	71.750	39.731	94.624	343.79	1.8937	40.030	0.058393	supercritical
110.00	23.567	517.21	0.0019335	16.983	18.989	71.727	39.732	94.601	344.13	1.8880	40.086	0.058453	supercritical
110.00	23.600	517.88	0.0019310	16.977	18.983	71.705	39.732	94.578	344.47	1.8824	40.141	0.058513	supercritical
110.00	23.633	518.55	0.0019285	16.971	18.977	71.682	39.732	94.555	344.81	1.8767	40.197	0.058572	supercritical
110.00	23.667	519.21	0.0019260	16.965	18.971	71.659	39.732	94.531	345.15	1.8711	40.253	0.058632	supercritical
110.00	23.700	519.88	0.0019235	16.959	18.965	71.636	39.733	94.507	345.50	1.8655	40.308	0.058692	supercritical
110.00	23.733	520.54	0.0019211	16.952	18.959	71.613	39.733	94.483	345.84	1.8599	40.364	0.058751	supercritical
110.00	23.767	521.20	0.0019186	16.946	18.953	71.591	39.733	94.458	346.18	1.8543	40.419	0.058811	supercritical
110.00	23.800	521.86	0.0019162	16.940	18.947	71.568	39.733	94.434	346.52	1.8487	40.475	0.058870	supercritical
110.00	23.833	522.52	0.0019138	16.934	18.942	71.546	39.733	94.409	346.87	1.8432	40.530	0.058930	supercritical
110.00	23.867	523.18	0.0019114	16.928	18.936	71.523	39.734	94.384	347.21	1.8376	40.586	0.058989	supercritical
110.00	23.900	523.84	0.0019090	16.922	18.930	71.501	39.734	94.359	347.55	1.8321	40.641	0.059048	supercritical
110.00	23.933	524.49	0.0019066	16.916	18.924	71.479	39.734	94.333	347.89	1.8267	40.696	0.059107	supercritical
110.00	23.967	525.14	0.0019042	16.910	18.919	71.456	39.734	94.308	348.24	1.8212	40.752	0.059166	supercritical
110.00	24.000	525.80	0.0019019	16.904	18.913	71.434	39.734	94.282	348.58	1.8157	40.807	0.059225	supercritical
110.00	24.033	526.45	0.0018995	16.898	18.907	71.412	39.734	94.256	348.93	1.8103	40.862	0.059284	supercritical
110.00	24.067	527.10	0.0018972	16.892	18.901	71.390	39.734	94.230	349.27	1.8049	40.917	0.059343	supercritical
110.00	24.100	527.74	0.0018949	16.886	18.896	71.368	39.734	94.203	349.62	1.7995	40.972	0.059401	supercritical
110.00	24.133	528.39	0.0018925	16.880	18.890	71.346	39.735	94.177	349.96	1.7941	41.028	0.059460	supercritical
110.00	24.167	529.03	0.0018902	16.874	18.884	71.324	39.735	94.150	350.30	1.7888	41.083	0.059519	supercritical
110.00	24.200	529.68	0.0018879	16.868	18.879	71.302	39.735	94.123	350.65	1.7835	41.138	0.059577	supercritical
110.00	24.233	530.32	0.0018857	16.862	18.873	71.280	39.735	94.096	351.00	1.7781	41.193	0.059635	supercritical
110.00	24.267	530.96	0.0018834	16.856	18.868	71.259	39.735	94.068	351.34	1.7728	41.248	0.059694	supercritical
110.00	24.300	531.60	0.0018811	16.850	18.862	71.237	39.735	94.041	351.69	1.7676	41.303	0.059752	supercritical
110.00	24.333	532.23	0.0018789	16.845	18.857	71.215	39.735	94.013	352.03	1.7623	41.358	0.059810	supercritical
110.00	24.367	532.87	0.0018766	16.839	18.851	71.194	39.735	93.985	352.38	1.7571	41.413	0.059868	supercritical
110.00	24.400	533.50	0.0018744	16.833	18.846	71.172	39.735	93.957	352.73	1.7518	41.468	0.059926	supercritical
110.00	24.433	534.14	0.0018722	16.827	18.840	71.151	39.735	93.929	353.07	1.7466	41.522	0.059984	supercritical
110.00	24.467	534.77	0.0018700	16.821	18.835	71.129	39.735	93.901	353.42	1.7414	41.577	0.060041	supercritical
110.00	24.500	535.40	0.0018678	16.815	18.829	71.108	39.735	93.872	353.77	1.7363	41.632	0.060099	supercritical
110.00	24.533	536.03	0.0018656	16.810	18.824	71.087	39.735	93.844	354.11	1.7311	41.687	0.060157	supercritical
110.00	24.567	536.65	0.0018634	16.804	18.818	71.065	39.735	93.815	354.46	1.7260	41.741	0.060214	supercritical
110.00	24.600	537.28	0.0018612	16.798	18.813	71.044	39.735	93.786	354.81	1.7209	41.796	0.060272	supercritical
110.00	24.633	537.90	0.0018591	16.792	18.808	71.023	39.735	93.757	355.16	1.7158	41.851	0.060329	supercritical
110.00	24.667	538.53	0.0018569	16.786	18.802	71.002	39.735	93.728	355.50	1.7107	41.905	0.060386	supercritical
110.00	24.700	539.15	0.0018548	16.781	18.797	70.981	39.735	93.698	355.85	1.7056	41.960	0.060444	supercritical
110.00	24.733	539.77	0.0018527	16.775	18.792	70.960	39.735	93.669	356.20	1.7006	42.014	0.060501	supercritical
110.00	24.767	540.39	0.0018505	16.769	18.786	70.939	39.735	93.639	356.55	1.6956	42.069	0.060558	supercritical
110.00	24.800	541.00	0.0018484	16.764	18.781	70.918	39.734	93.609	356.90	1.6906	42.123	0.060615	supercritical
110.00	24.833	541.62	0.0018463	16.758	18.776	70.897	39.734	93.579	357.24	1.6856	42.177	0.060672	supercritical
110.00	24.867	542.23	0.0018442	16.752	18.771	70.877	39.734	93.549	357.59	1.6806	42.232	0.060729	supercritical
110.00	24.900	542.85	0.0018421	16.747	18.765	70.856	39.734	93.519	357.94	1.6756	42.286	0.060785	supercritical
110.00	24.933	543.46	0.0018401	16.741	18.760	70.835	39.734	93.489	358.29	1.6707	42.340	0.060842	supercritical
110.00	24.967	544.07	0.0018380	16.735	18.755	70.815	39.734	93.459	358.64	1.6658	42.394	0.060899	supercritical
110.00	25.000	544.68	0.0018360	16.730	18.750	70.794	39.734	93.428	358.99	1.6609	42.449	0.060955	supercritical
110.00	25.033	545.28	0.0018339	16.724	18.745	70.774	39.734	93.398	359.34	1.6560	42.503	0.061011	supercritical
110.00	25.067	545.89	0.0018319	16.719	18.739	70.753	39.734	93.367	359.69	1.6511	42.557	0.061068	supercritical
110.00	25.100	546.49	0.0018298	16.713	18.734	70.733	39.734	93.336	360.04	1.6463	42.611	0.061124	supercritical
110.00	25.133	547.10	0.0018278	16.707	18.729	70.712	39.733	93.305	360.39	1.6414	42.665	0.061180	supercritical
110.00	25.167	547.70	0.0018258	16.702	18.724	70.692	39.733	93.274	360.74	1.6366	42.719	0.061236	supercritical
110.00	25.200	548.30	0.0018238	16.696	18.719	70.672	39.733	93.243	361.09	1.6318	42.773	0.061292	supercritical
110.00	25.233	548.90	0.0018218	16.691	18.714	70.652	39.733	93.212	361.44	1.6271	42.827	0.061348	supercritical
110.00	25.267	549.50	0.0018198	16.685	18.709	70.632	39.733	93.180	361.79	1.6223	42.881	0.061404	supercritical
110.00	25.300	550.09	0.0018179	16.680	18.704	70.611	39.733	93.149	362.14	1.6175	42.934	0.061460	supercritical
110.00	25.333	550.69	0.0018159	16.674	18.699	70.591	39.732	93.117	362.49	1.6128	42.988	0.061516	supercritical
110.00	25.367	551.28	0.0018139	16.669	18.694	70.571	39.732	93.086	362.84	1.6081	43.042	0.061571	supercritical
110.00	25.400	551.88	0.0018120	16.663	18.689	70.551	39.732	93.054	363.19	1.6034	43.096	0.061627	supercritical
110.00	25.433	552.47	0.0018101	16.658	18.684	70.532	39.732	93.022	363.54	1.5987	43.149	0.061682	supercritical
110.00	25.467	553.06	0.0018081	16.652	18.679	70.512	39.732	92.990	363.89	1.5941	43.203	0.061738	supercritical
110.00	25.500	553.65	0.0018062	16.647	18.674	70.492	39.731	92.958	364.24	1.5894	43.256	0.061793	supercritical
110.00	25.533	554.23	0.0018043	16.642	18.669	70.472	39.731	92.926	364.59	1.5848	43.310	0.061848	supercritical
110.00	25.567	554.82	0.0018024	16.636	18.664	70.452	39.731	92.894	364.94	1.5802	43.363	0.061904	supercritical
110.00	25.600	555.40	0.0018005	16.631	18.659	70.433	39.731	92.862	365.29	1.5756	43.417	0.061959	supercritical
110.00	25.633	555.99	0.0017986	16.625	18.654	70.413	39.731	92.829	365.64	1.5710	43.470	0.062014	supercritical
110.00	25.667	556.57	0.0017967	16.620	18.650	70.394	39.730	92.797	365.99	1.5664	43.524	0.062069	supercritical
110.00	25.700	557.15	0.0017949	16.615	18.645	70.374	39.730	92.765	366.34	1.5619	43.577	0.062124	supercritical
110.00	25.733	557.73	0.0017930	16.609	18.640	70.355	39.730	92.732	366.69	1.5573	43.630	0.062179	supercritical
110.00	25.767	558.31	0.0017911	16.604	18.635	70.335	39.730	92.700	367.04	1.5528	43.683	0.062233	supercritical
110.00	25.800	558.88	0.0017893	16.599	18.630	70.316	39.729	92.667	367.40	1.5483	43.737	0.062288	supercritical
110.00	25.833	559.46	0.0017874	16.593	18.626	70.297	39.729	92.634	367.75	1.5438	43.790	0.062343	supercritical
110.00	25.867	560.03	0.0017856	16.588	18.621	70.277	39.729	92.601	368.10	1.5394	43.843	0.062397	supercritical
110.00	25.900	560.61	0.0017838	16.583	18.616	70.258	39.729	92.569	368.45	1.5349	43.896	0.062451	supercritical
110.00	25.933	561.18	0.0017820	16.578	18.611	70.239	39.728	92.536	368.80	1.5305	43.949	0.062506	supercritical
110.00	25.967	561.75	0.0017802	16.572	18.607	70.220	39.728	92.503	369.15	1.5261	44.002	0.062560	supercritical
110.00	26.000	562.32	0.0017784	16.567	18.602	70.201	39.728	92.470	369.50	1.5217	44.055	0.062614	supercritical
110.00	26.033	562.88	0.0017766	16.562	18.597	70.182	39.728	92.437	369.86	1.5173	44.108	0.062669	supercritical
110.00	26.067	563.45	0.0017748	16.557	18.593	70.163	39.727	92.404	370.21	1.5129	44.161	0.062723	supercritical
110.00	26.100	564.01	0.0017730	16.551	18.588	70.144	39.727	92.370	370.56	1.5085	44.213	0.062777	supercritical
110.00	26.133	564.58	0.0017712	16.546	18.583	70.125	39.727	92.337	370.91	1.5042	44.266	0.062831	supercritical
110.00	26.167	565.14	0.0017695	16.541	18.579	70.106	39.727	92.304	371.26	1.4999	44.319	0.062884	supercritical
110.00	26.200	565.70	0.0017677	16.536	18.574	70.087	39.726	92.271	371.61	1.4956	44.371	0.062938	supercritical
110.00	26.233	566.26	0.0017660	16.531	18.569	70.069	39.726	92.237	371.96	1.4913	44.424	0.062992	supercritical
110.00	26.267	566.82	0.0017642	16.525	18.565	70.050	39.726	92.204	372.32	1.4870	44.477	0.063046	supercritical
110.00	26.300	567.38	0.0017625	16.520	18.560	70.031	39.725	92.171	372.67	1.4827	44.529	0.063099	supercritical
110.00	26.333	567.93	0.0017608	16.515	18.556	70.013	39.725	92.137	373.02	1.4785	44.582	0.063153	supercritical
110.00	26.367	568.49	0.0017590	16.510	18.551	69.994	39.725	92.104	373.37	1.4742	44.634	0.063206	supercritical
110.00	26.400	569.04	0.0017573	16.505	18.547	69.976	39.725	92.070	373.72	1.4700	44.686	0.063259	supercritical
110.00	26.433	569.60	0.0017556	16.500	18.542	69.957	39.724	92.036	374.07	1.4658	44.739	0.063313	supercritical
110.00	26.467	570.15	0.0017539	16.495	18.538	69.939	39.724	92.003	374.42	1.4616	44.791	0.063366	supercritical
110.00	26.500	570.70	0.0017522	16.490	18.533	69.920	39.724	91.969	374.78	1.4574	44.843	0.063419	supercritical
110.00	26.533	571.25	0.0017506	16.485	18.529	69.902	39.723	91.936	375.13	1.4533	44.895	0.063472	supercritical
110.00	26.567	571.79	0.0017489	16.480	18.524	69.884	39.723	91.902	375.48	1.4491	44.948	0.063525	supercritical
110.00	26.600	572.34	0.0017472	16.475	18.520	69.865	39.723	91.868	375.83	1.4450	45.000	0.063578	supercritical
110.00	26.633	572.89	0.0017455	16.469	18.515	69.847	39.722	91.834	376.18	1.4409	45.052	0.063631	supercritical
110.00	26.667	573.43	0.0017439	16.464	18.511	69.829	39.722	91.801	376.53	1.4368	45.104	0.063684	supercritical
110.00	26.700	573.97	0.0017422	16.459	18.507	69.811	39.722	91.767	376.88	1.4327	45.156	0.063737	supercritical
110.00	26.733	574.51	0.0017406	16.454	18.502	69.793	39.722	91.733	377.24	1.4286	45.208	0.063789	supercritical
110.00	26.767	575.05	0.0017390	16.449	18.498	69.775	39.721	91.699	377.59	1.4246	45.260	0.063842	supercritical
110.00	26.800	575.59	0.0017373	16.444	18.494	69.757	39.721	91.665	377.94	1.4205	45.312	0.063894	supercritical
110.00	26.833	576.13	0.0017357	16.440	18.489	69.739	39.721	91.631	378.29	1.4165	45.363	0.063947	supercritical
110.00	26.867	576.67	0.0017341	16.435	18.485	69.721	39.720	91.597	378.64	1.4125	45.415	0.063999	supercritical
110.00	26.900	577.20	0.0017325	16.430	18.481	69.703	39.720	91.563	378.99	1.4085	45.467	0.064051	supercritical
110.00	26.933	577.74	0.0017309	16.425	18.476	69.685	39.720	91.530	379.34	1.4045	45.518	0.064104	supercritical
110.00	26.967	578.27	0.0017293	16.420	18.472	69.667	39.719	91.496	379.69	1.4005	45.570	0.064156	supercritical
110.00	27.000	578.80	0.0017277	16.415	18.468	69.650	39.719	91.462	380.05	1.3966	45.622	0.064208	supercritical
110.00	27.033	579.33	0.0017261	16.410	18.464	69.632	39.719	91.428	380.40	1.3926	45.673	0.064260	supercritical
110.00	27.067	579.86	0.0017245	16.405	18.459	69.614	39.718	91.394	380.75	1.3887	45.725	0.064312	supercritical
110.00	27.100	580.39	0.0017230	16.400	18.455	69.597	39.718	91.360	381.10	1.3848	45.776	0.064364	supercritical
110.00	27.133	580.92	0.0017214	16.395	18.451	69.579	39.718	91.326	381.45	1.3809	45.827	0.064416	supercritical
110.00	27.167	581.45	0.0017199	16.390	18.447	69.561	39.717	91.292	381.80	1.3770	45.879	0.064468	supercritical
110.00	27.200	581.97	0.0017183	16.386	18.443	69.544	39.717	91.258	382.15	1.3731	45.930	0.064519	supercritical
110.00	27.233	582.49	0.0017168	16.381	18.438	69.526	39.717	91.224	382.50	1.3693	45.981	0.064571	supercritical
110.00	27.267	583.02	0.0017152	16.376	18.434	69.509	39.716	91.189	382.85	1.3654	46.033	0.064622	supercritical
110.00	27.300	583.54	0.0017137	16.371	18.430	69.492	39.716	91.155	383.20	1.3616	46.084	0.064674	supercritical
110.00	27.333	584.06	0.0017122	16.366	18.426	69.474	39.715	91.121	383.55	1.3578	46.135	0.064725	supercritical
110.00	27.367	584.58	0.0017106	16.362	18.422	69.457	39.715	91.087	383.90	1.3540	46.186	0.064777	supercritical
110.00	27.400	585.10	0.0017091	16.357	18.418	69.440	39.715	91.053	384.25	1.3502	46.237	0.064828	supercritical
110.00	27.433	585.61	0.0017076	16.352	18.414	69.423	39.714	91.019	384.60	1.3464	46.288	0.064879	supercritical
110.00	27.467	586.13	0.0017061	16.347	18.410	69.405	39.714	90.985	384.95	1.3426	46.339	0.064930	supercritical
110.00	27.500	586.64	0.0017046	16.342	18.405	69.388	39.714	90.951	385.31	1.3389	46.390	0.064982	supercritical
110.00	27.533	587.16	0.0017031	16.338	18.401	69.371	39.713	90.917	385.66	1.3351	46.441	0.065033	supercritical
110.00	27.567	587.67	0.0017016	16.333	18.397	69.354	39.713	90.883	386.01	1.3314	46.491	0.065084	supercritical
110.00	27.600	588.18	0.0017002	16.328	18.393	69.337	39.713	90.849	386.36	1.3277	46.542	0.065135	supercritical
110.00	27.633	588.69	0.0016987	16.324	18.389	69.320	39.712	90.815	386.70	1.3240	46.593	0.065185	supercritical
110.00	27.667	589.20	0.0016972	16.319	18.385	69.303	39.712	90.781	387.05	1.3203	46.643	0.065236	supercritical
110.00	27.700	589.71	0.0016957	16.314	18.381	69.286	39.712	90.747	387.40	1.3166	46.694	0.065287	supercritical
110.00	27.733	590.22	0.0016943	16.309	18.377	69.269	39.711	90.713	387.75	1.3130	46.745	0.065338	supercritical
110.00	27.767	590.72	0.0016928	16.305	18.373	69.252	39.711	90.679	388.10	1.3093	46.795	0.065388	supercritical
110.00	27.800	591.23	0.0016914	16.300	18.369	69.236	39.711	90.645	388.45	1.3057	46.846	0.065439	supercritical
110.00	27.833	591.73	0.0016900	16.295	18.366	69.219	39.710	90.611	388.80	1.3021	46.896	0.065489	supercritical
110.00	27.867	592.23	0.0016885	16.291	18.362	69.202	39.710	90.577	389.15	1.2985	46.946	0.065540	supercritical
110.00	27.900	592.74	0.0016871	16.286	18.358	69.186	39.710	90.543	389.50	1.2949	46.997	0.065590	supercritical
110.00	27.933	593.24	0.0016857	16.282	18.354	69.169	39.709	90.509	389.85	1.2913	47.047	0.065640	supercritical
110.00	27.967	593.73	0.0016843	16.277	18.350	69.152	39.709	90.475	390.20	1.2877	47.097	0.065690	supercritical
110.00	28.000	594.23	0.0016828	16.272	18.346	69.136	39.708	90.441	390.55	1.2842	47.147	0.065741	supercritical
110.00	28.033	594.73	0.0016814	16.268	18.342	69.119	39.708	90.407	390.90	1.2806	47.198	0.065791	supercritical
110.00	28.067	595.23	0.0016800	16.263	18.338	69.103	39.708	90.374	391.25	1.2771	47.248	0.065841	supercritical
110.00	28.100	595.72	0.0016786	16.259	18.334	69.086	39.707	90.340	391.59	1.2735	47.298	0.065891	supercritical
110.00	28.133	596.22	0.0016772	16.254	18.331	69.070	39.707	90.306	391.94	1.2700	47.348	0.065940	supercritical
110.00	28.167	596.71	0.0016759	16.249	18.327	69.053	39.707	90.272	392.29	1.2665	47.398	0.065990	supercritical
110.00	28.200	597.20	0.0016745	16.245	18.323	69.037	39.706	90.238	392.64	1.2631	47.448	0.066040	supercritical
110.00	28.233	597.69	0.0016731	16.240	18.319	69.021	39.706	90.204	392.99	1.2596	47.497	0.066090	supercritical
110.00	28.267	598.18	0.0016717	16.236	18.315	69.005	39.706	90.171	393.34	1.2561	47.547	0.066139	supercritical
110.00	28.300	598.67	0.0016704	16.231	18.312	68.988	39.705	90.137	393.68	1.2527	47.597	0.066189	supercritical
110.00	28.333	599.16	0.0016690	16.227	18.308	68.972	39.705	90.103	394.03	1.2492	47.647	0.066239	supercritical
110.00	28.367	599.64	0.0016677	16.222	18.304	68.956	39.705	90.069	394.38	1.2458	47.697	0.066288	supercritical
110.00	28.400	600.13	0.0016663	16.218	18.300	68.940	39.704	90.036	394.73	1.2424	47.746	0.066337	supercritical
110.00	28.433	600.61	0.0016650	16.213	18.297	68.924	39.704	90.002	395.07	1.2390	47.796	0.066387	supercritical
110.00	28.467	601.10	0.0016636	16.209	18.293	68.908	39.703	89.968	395.42	1.2356	47.845	0.066436	supercritical
110.00	28.500	601.58	0.0016623	16.204	18.289	68.892	39.703	89.935	395.77	1.2322	47.895	0.066485	supercritical
110.00	28.533	602.06	0.0016610	16.200	18.286	68.876	39.703	89.901	396.12	1.2289	47.944	0.066534	supercritical
110.00	28.567	602.54	0.0016596	16.195	18.282	68.860	39.702	89.868	396.46	1.2255	47.994	0.066584	supercritical
110.00	28.600	603.02	0.0016583	16.191	18.278	68.844	39.702	89.834	396.81	1.2222	48.043	0.066633	supercritical
110.00	28.633	603.50	0.0016570	16.187	18.275	68.828	39.702	89.801	397.16	1.2188	48.092	0.066682	supercritical
110.00	28.667	603.98	0.0016557	16.182	18.271	68.812	39.701	89.767	397.50	1.2155	48.142	0.066731	supercritical
110.00	28.700	604.45	0.0016544	16.178	18.267	68.796	39.701	89.734	397.85	1.2122	48.191	0.066779	supercritical
110.00	28.733	604.93	0.0016531	16.173	18.264	68.780	39.701	89.700	398.20	1.2089	48.240	0.066828	supercritical
110.00	28.767	605.40	0.0016518	16.169	18.260	68.765	39.700	89.667	398.54	1.2056	48.289	0.066877	supercritical
110.00	28.800	605.88	0.0016505	16.165	18.256	68.749	39.700	89.633	398.89	1.2024	48.338	0.066926	supercritical
110.00	28.833	606.35	0.0016492	16.160	18.253	68.733	39.700	89.600	399.23	1.1991	48.387	0.066974	supercritical
110.00	28.867	606.82	0.0016479	16.156	18.249	68.718	39.699	89.567	399.58	1.1958	48.436	0.067023	supercritical
110.00	28.900	607.29	0.0016467	16.151	18.246	68.702	39.699	89.533	399.93	1.1926	48.485	0.067071	supercritical
110.00	28.933	607.76	0.0016454	16.147	18.242	68.686	39.699	89.500	400.27	1.1894	48.534	0.067120	supercritical
110.00	28.967	608.23	0.0016441	16.143	18.239	68.671	39.698	89.467	400.62	1.1862	48.583	0.067168	supercritical
110.00	29.000	608.70	0.0016428	16.138	18.235	68.655	39.698	89.434	400.96	1.1829	48.632	0.067217	supercritical
110.00	29.033	609.17	0.0016416	16.134	18.232	68.640	39.698	89.401	401.31	1.1797	48.681	0.067265	supercritical
110.00	29.067	609.63	0.0016403	16.130	18.228	68.624	39.697	89.367	401.65	1.1766	48.729	0.067313	supercritical
110.00	29.100	610.10	0.0016391	16.125	18.225	68.609	39.697	89.334	402.00	1.1734	48.778	0.067361	supercritical
110.00	29.133	610.56	0.0016378	16.121	18.221	68.594	39.696	89.301	402.34	1.1702	48.827	0.067409	supercritical
110.00	29.167	611.02	0.0016366	16.117	18.218	68.578	39.696	89.268	402.69	1.1671	48.875	0.067457	supercritical
110.00	29.200	611.48	0.0016354	16.113	18.214	68.563	39.696	89.235	403.03	1.1639	48.924	0.067505	supercritical
110.00	29.233	611.94	0.0016341	16.108	18.211	68.548	39.695	89.202	403.37	1.1608	48.972	0.067553	supercritical
110.00	29.267	612.40	0.0016329	16.104	18.207	68.533	39.695	89.169	403.72	1.1577	49.021	0.067601	supercritical
110.00	29.300	612.86	0.0016317	16.100	18.204	68.517	39.695	89.136	404.06	1.1546	49.069	0.067649	supercritical
110.00	29.333	613.32	0.0016305	16.096	18.200	68.502	39.694	89.103	404.41	1.1515	49.118	0.067697	supercritical
110.00	29.367	613.78	0.0016293	16.091	18.197	68.487	39.694	89.071	404.75	1.1484	49.166	0.067744	supercritical
110.00	29.400	614.23	0.0016280	16.087	18.194	68.472	39.694	89.038	405.09	1.1453	49.214	0.067792	supercritical
110.00	29.433	614.69	0.0016268	16.083	18.190	68.457	39.693	89.005	405.44	1.1422	49.263	0.067840	supercritical
110.00	29.467	615.14	0.0016256	16.079	18.187	68.442	39.693	88.972	405.78	1.1392	49.311	0.067887	supercritical
110.00	29.500	615.60	0.0016244	16.074	18.183	68.427	39.693	88.940	406.12	1.1361	49.359	0.067935	supercritical
110.00	29.533	616.05	0.0016232	16.070	18.180	68.412	39.692	88.907	406.47	1.1331	49.407	0.067982	supercritical
110.00	29.567	616.50	0.0016221	16.066	18.177	68.397	39.692	88.874	406.81	1.1301	49.455	0.068030	supercritical
110.00	29.600	616.95	0.0016209	16.062	18.173	68.382	39.692	88.842	407.15	1.1271	49.503	0.068077	supercritical
110.00	29.633	617.40	0.0016197	16.058	18.170	68.367	39.691	88.809	407.49	1.1240	49.551	0.068124	supercritical
110.00	29.667	617.85	0.0016185	16.054	18.167	68.352	39.691	88.777	407.84	1.1210	49.599	0.068171	supercritical
110.00	29.700	618.30	0.0016173	16.049	18.163	68.337	39.691	88.744	408.18	1.1181	49.647	0.068218	supercritical
110.00	29.733	618.74	0.0016162	16.045	18.160	68.322	39.690	88.712	408.52	1.1151	49.695	0.068266	supercritical
110.00	29.767	619.19	0.0016150	16.041	18.157	68.308	39.690	88.680	408.86	1.1121	49.743	0.068313	supercritical
110.00	29.800	619.64	0.0016139	16.037	18.154	68.293	39.690	88.647	409.20	1.1092	49.790	0.068360	supercritical
110.00	29.833	620.08	0.0016127	16.033	18.150	68.278	39.689	88.615	409.55	1.1062	49.838	0.068406	supercritical
110.00	29.867	620.52	0.0016115	16.029	18.147	68.263	39.689	88.583	409.89	1.1033	49.886	0.068453	supercritical
110.00	29.900	620.97	0.0016104	16.025	18.144	68.249	39.689	88.550	410.23	1.1004	49.933	0.068500	supercritical
110.00	29.933	621.41	0.0016093	16.021	18.140	68.234	39.688	88.518	410.57	1.0974	49.981	0.068547	supercritical
110.00	29.967	621.85	0.0016081	16.016	18.137	68.220	39.688	88.486	410.91	1.0945	50.028	0.068594	supercritical
110.00	30.000	622.29	0.0016070	16.012	18.134	68.205	39.688	88.454	411.25	1.0916	50.076	0.068640	supercritical
