Temperature (C)	Pressure (MPa)	Density (kg/m3)	Volume (m3/kg)	Internal Energy (kJ/mol)	Enthalpy (kJ/mol)	Entropy (J/mol*K)	Cv (J/mol*K)	Cp (J/mol*K)	Sound Spd. (m/s)	Joule-Thomson (K/MPa)	Viscosity (uPa*s)	Therm. Cond. (W/m*K)	Phase
120.00	10.000	167.31	0.0059770	20.821	23.451	88.249	36.519	60.172	282.49	4.7595	22.300	0.031727	supercritical
120.00	10.033	168.00	0.0059525	20.813	23.442	88.202	36.532	60.266	282.46	4.7545	22.318	0.031768	supercritical
120.00	10.067	168.69	0.0059282	20.806	23.432	88.156	36.545	60.361	282.44	4.7495	22.337	0.031809	supercritical
120.00	10.100	169.38	0.0059040	20.798	23.422	88.110	36.558	60.455	282.41	4.7445	22.355	0.031850	supercritical
120.00	10.133	170.07	0.0058800	20.791	23.413	88.063	36.571	60.549	282.38	4.7394	22.374	0.031891	supercritical
120.00	10.167	170.76	0.0058561	20.783	23.403	88.017	36.584	60.644	282.36	4.7343	22.392	0.031933	supercritical
120.00	10.200	171.45	0.0058324	20.776	23.394	87.971	36.596	60.739	282.34	4.7293	22.411	0.031974	supercritical
120.00	10.233	172.15	0.0058089	20.768	23.384	87.925	36.609	60.834	282.31	4.7242	22.430	0.032016	supercritical
120.00	10.267	172.84	0.0057855	20.760	23.375	87.879	36.622	60.930	282.29	4.7190	22.449	0.032057	supercritical
120.00	10.300	173.54	0.0057623	20.753	23.365	87.833	36.635	61.025	282.27	4.7139	22.468	0.032099	supercritical
120.00	10.333	174.24	0.0057393	20.745	23.355	87.787	36.648	61.121	282.24	4.7088	22.487	0.032141	supercritical
120.00	10.367	174.94	0.0057164	20.738	23.346	87.741	36.660	61.217	282.22	4.7036	22.507	0.032183	supercritical
120.00	10.400	175.64	0.0056936	20.730	23.336	87.696	36.673	61.313	282.20	4.6984	22.526	0.032226	supercritical
120.00	10.433	176.34	0.0056710	20.723	23.327	87.650	36.686	61.410	282.18	4.6932	22.545	0.032268	supercritical
120.00	10.467	177.04	0.0056485	20.715	23.317	87.604	36.699	61.506	282.16	4.6879	22.565	0.032311	supercritical
120.00	10.500	177.74	0.0056262	20.708	23.307	87.559	36.711	61.603	282.14	4.6827	22.584	0.032353	supercritical
120.00	10.533	178.44	0.0056040	20.700	23.298	87.513	36.724	61.700	282.12	4.6774	22.604	0.032396	supercritical
120.00	10.567	179.15	0.0055820	20.692	23.288	87.468	36.737	61.797	282.11	4.6721	22.624	0.032439	supercritical
120.00	10.600	179.85	0.0055601	20.685	23.279	87.423	36.750	61.894	282.09	4.6668	22.644	0.032482	supercritical
120.00	10.633	180.56	0.0055384	20.677	23.269	87.378	36.762	61.992	282.07	4.6615	22.663	0.032525	supercritical
120.00	10.667	181.26	0.0055168	20.669	23.259	87.332	36.775	62.090	282.06	4.6562	22.683	0.032569	supercritical
120.00	10.700	181.97	0.0054953	20.662	23.250	87.287	36.788	62.187	282.04	4.6508	22.704	0.032612	supercritical
120.00	10.733	182.68	0.0054740	20.654	23.240	87.242	36.800	62.286	282.03	4.6454	22.724	0.032656	supercritical
120.00	10.767	183.39	0.0054528	20.647	23.230	87.197	36.813	62.384	282.01	4.6400	22.744	0.032700	supercritical
120.00	10.800	184.10	0.0054318	20.639	23.221	87.153	36.826	62.482	282.00	4.6346	22.764	0.032744	supercritical
120.00	10.833	184.81	0.0054109	20.631	23.211	87.108	36.838	62.581	281.98	4.6292	22.785	0.032788	supercritical
120.00	10.867	185.53	0.0053901	20.624	23.201	87.063	36.851	62.680	281.97	4.6237	22.805	0.032832	supercritical
120.00	10.900	186.24	0.0053694	20.616	23.192	87.018	36.863	62.779	281.96	4.6183	22.826	0.032876	supercritical
120.00	10.933	186.95	0.0053489	20.608	23.182	86.974	36.876	62.878	281.95	4.6128	22.847	0.032921	supercritical
120.00	10.967	187.67	0.0053285	20.601	23.172	86.929	36.889	62.977	281.94	4.6073	22.867	0.032965	supercritical
120.00	11.000	188.39	0.0053082	20.593	23.163	86.885	36.901	63.077	281.93	4.6017	22.888	0.033010	supercritical
120.00	11.033	189.10	0.0052881	20.585	23.153	86.841	36.914	63.176	281.92	4.5962	22.909	0.033055	supercritical
120.00	11.067	189.82	0.0052681	20.578	23.143	86.796	36.926	63.276	281.91	4.5906	22.930	0.033100	supercritical
120.00	11.100	190.54	0.0052482	20.570	23.134	86.752	36.939	63.376	281.90	4.5851	22.952	0.033145	supercritical
120.00	11.133	191.26	0.0052284	20.562	23.124	86.708	36.951	63.476	281.89	4.5795	22.973	0.033191	supercritical
120.00	11.167	191.98	0.0052088	20.554	23.114	86.664	36.964	63.577	281.89	4.5738	22.994	0.033236	supercritical
120.00	11.200	192.70	0.0051893	20.547	23.105	86.620	36.976	63.677	281.88	4.5682	23.016	0.033282	supercritical
120.00	11.233	193.43	0.0051699	20.539	23.095	86.576	36.989	63.778	281.87	4.5626	23.037	0.033327	supercritical
120.00	11.267	194.15	0.0051506	20.531	23.085	86.532	37.001	63.879	281.87	4.5569	23.059	0.033373	supercritical
120.00	11.300	194.88	0.0051315	20.524	23.075	86.488	37.014	63.980	281.86	4.5512	23.080	0.033419	supercritical
120.00	11.333	195.60	0.0051124	20.516	23.066	86.444	37.026	64.081	281.86	4.5455	23.102	0.033465	supercritical
120.00	11.367	196.33	0.0050935	20.508	23.056	86.400	37.039	64.182	281.86	4.5398	23.124	0.033512	supercritical
120.00	11.400	197.06	0.0050747	20.500	23.046	86.357	37.051	64.284	281.85	4.5340	23.146	0.033558	supercritical
120.00	11.433	197.78	0.0050560	20.493	23.037	86.313	37.063	64.386	281.85	4.5283	23.168	0.033605	supercritical
120.00	11.467	198.51	0.0050374	20.485	23.027	86.269	37.076	64.487	281.85	4.5225	23.190	0.033652	supercritical
120.00	11.500	199.24	0.0050190	20.477	23.017	86.226	37.088	64.589	281.85	4.5167	23.213	0.033698	supercritical
120.00	11.533	199.98	0.0050006	20.469	23.007	86.182	37.100	64.692	281.85	4.5109	23.235	0.033745	supercritical
120.00	11.567	200.71	0.0049824	20.461	22.998	86.139	37.113	64.794	281.85	4.5051	23.258	0.033793	supercritical
120.00	11.600	201.44	0.0049643	20.454	22.988	86.096	37.125	64.896	281.85	4.4992	23.280	0.033840	supercritical
120.00	11.633	202.17	0.0049462	20.446	22.978	86.053	37.137	64.999	281.85	4.4934	23.303	0.033887	supercritical
120.00	11.667	202.91	0.0049283	20.438	22.969	86.009	37.150	65.102	281.86	4.4875	23.326	0.033935	supercritical
120.00	11.700	203.64	0.0049105	20.430	22.959	85.966	37.162	65.204	281.86	4.4816	23.348	0.033982	supercritical
120.00	11.733	204.38	0.0048928	20.422	22.949	85.923	37.174	65.307	281.87	4.4757	23.371	0.034030	supercritical
120.00	11.767	205.12	0.0048752	20.415	22.939	85.880	37.186	65.411	281.87	4.4697	23.394	0.034078	supercritical
120.00	11.800	205.86	0.0048577	20.407	22.930	85.837	37.198	65.514	281.88	4.4638	23.418	0.034126	supercritical
120.00	11.833	206.60	0.0048403	20.399	22.920	85.794	37.211	65.617	281.88	4.4578	23.441	0.034175	supercritical
120.00	11.867	207.34	0.0048231	20.391	22.910	85.751	37.223	65.721	281.89	4.4518	23.464	0.034223	supercritical
120.00	11.900	208.08	0.0048059	20.383	22.900	85.709	37.235	65.824	281.90	4.4458	23.488	0.034272	supercritical
120.00	11.933	208.82	0.0047888	20.376	22.891	85.666	37.247	65.928	281.90	4.4398	23.511	0.034320	supercritical
120.00	11.967	209.56	0.0047718	20.368	22.881	85.623	37.259	66.032	281.91	4.4337	23.535	0.034369	supercritical
120.00	12.000	210.31	0.0047550	20.360	22.871	85.581	37.271	66.136	281.92	4.4277	23.558	0.034418	supercritical
120.00	12.033	211.05	0.0047382	20.352	22.861	85.538	37.283	66.240	281.93	4.4216	23.582	0.034467	supercritical
120.00	12.067	211.80	0.0047215	20.344	22.852	85.496	37.295	66.345	281.95	4.4155	23.606	0.034516	supercritical
120.00	12.100	212.54	0.0047049	20.336	22.842	85.453	37.307	66.449	281.96	4.4094	23.630	0.034566	supercritical
120.00	12.133	213.29	0.0046884	20.328	22.832	85.411	37.320	66.554	281.97	4.4033	23.654	0.034615	supercritical
120.00	12.167	214.04	0.0046721	20.321	22.822	85.369	37.332	66.658	281.98	4.3972	23.679	0.034665	supercritical
120.00	12.200	214.79	0.0046558	20.313	22.812	85.326	37.343	66.763	282.00	4.3910	23.703	0.034715	supercritical
120.00	12.233	215.54	0.0046396	20.305	22.803	85.284	37.355	66.868	282.01	4.3848	23.727	0.034765	supercritical
120.00	12.267	216.29	0.0046235	20.297	22.793	85.242	37.367	66.973	282.03	4.3786	23.752	0.034815	supercritical
120.00	12.300	217.04	0.0046075	20.289	22.783	85.200	37.379	67.078	282.04	4.3724	23.777	0.034865	supercritical
120.00	12.333	217.79	0.0045915	20.281	22.773	85.158	37.391	67.183	282.06	4.3662	23.801	0.034915	supercritical
120.00	12.367	218.55	0.0045757	20.273	22.764	85.116	37.403	67.288	282.08	4.3600	23.826	0.034966	supercritical
120.00	12.400	219.30	0.0045600	20.265	22.754	85.074	37.415	67.394	282.10	4.3537	23.851	0.035016	supercritical
120.00	12.433	220.05	0.0045443	20.257	22.744	85.032	37.427	67.499	282.12	4.3474	23.876	0.035067	supercritical
120.00	12.467	220.81	0.0045288	20.249	22.734	84.990	37.439	67.605	282.14	4.3411	23.901	0.035118	supercritical
120.00	12.500	221.57	0.0045133	20.242	22.724	84.949	37.450	67.710	282.16	4.3348	23.926	0.035169	supercritical
120.00	12.533	222.32	0.0044979	20.234	22.715	84.907	37.462	67.816	282.18	4.3285	23.952	0.035220	supercritical
120.00	12.567	223.08	0.0044827	20.226	22.705	84.865	37.474	67.922	282.20	4.3222	23.977	0.035271	supercritical
120.00	12.600	223.84	0.0044675	20.218	22.695	84.824	37.486	68.028	282.22	4.3158	24.003	0.035323	supercritical
120.00	12.633	224.60	0.0044523	20.210	22.685	84.782	37.497	68.134	282.25	4.3095	24.028	0.035374	supercritical
120.00	12.667	225.36	0.0044373	20.202	22.675	84.741	37.509	68.240	282.27	4.3031	24.054	0.035426	supercritical
120.00	12.700	226.12	0.0044224	20.194	22.666	84.699	37.521	68.346	282.30	4.2967	24.080	0.035478	supercritical
120.00	12.733	226.89	0.0044075	20.186	22.656	84.658	37.532	68.452	282.32	4.2903	24.106	0.035530	supercritical
120.00	12.767	227.65	0.0043927	20.178	22.646	84.617	37.544	68.559	282.35	4.2838	24.132	0.035582	supercritical
120.00	12.800	228.41	0.0043780	20.170	22.636	84.575	37.556	68.665	282.38	4.2774	24.158	0.035634	supercritical
120.00	12.833	229.18	0.0043634	20.162	22.627	84.534	37.567	68.771	282.41	4.2709	24.184	0.035686	supercritical
120.00	12.867	229.94	0.0043489	20.154	22.617	84.493	37.579	68.878	282.44	4.2644	24.211	0.035739	supercritical
120.00	12.900	230.71	0.0043345	20.146	22.607	84.452	37.590	68.985	282.47	4.2579	24.237	0.035791	supercritical
120.00	12.933	231.48	0.0043201	20.138	22.597	84.411	37.602	69.091	282.50	4.2514	24.264	0.035844	supercritical
120.00	12.967	232.24	0.0043058	20.130	22.587	84.370	37.613	69.198	282.53	4.2449	24.291	0.035897	supercritical
120.00	13.000	233.01	0.0042916	20.122	22.578	84.329	37.625	69.304	282.56	4.2384	24.317	0.035950	supercritical
120.00	13.033	233.78	0.0042775	20.114	22.568	84.288	37.636	69.411	282.59	4.2318	24.344	0.036003	supercritical
120.00	13.067	234.55	0.0042634	20.106	22.558	84.247	37.648	69.518	282.63	4.2252	24.371	0.036056	supercritical
120.00	13.100	235.32	0.0042495	20.098	22.548	84.206	37.659	69.625	282.66	4.2186	24.398	0.036110	supercritical
120.00	13.133	236.09	0.0042356	20.090	22.538	84.166	37.670	69.732	282.70	4.2120	24.426	0.036163	supercritical
120.00	13.167	236.87	0.0042218	20.082	22.529	84.125	37.682	69.839	282.74	4.2054	24.453	0.036217	supercritical
120.00	13.200	237.64	0.0042080	20.074	22.519	84.084	37.693	69.946	282.77	4.1988	24.480	0.036271	supercritical
120.00	13.233	238.41	0.0041944	20.066	22.509	84.044	37.704	70.053	282.81	4.1922	24.508	0.036325	supercritical
120.00	13.267	239.19	0.0041808	20.058	22.499	84.003	37.715	70.160	282.85	4.1855	24.536	0.036379	supercritical
120.00	13.300	239.96	0.0041673	20.050	22.489	83.963	37.727	70.267	282.89	4.1788	24.563	0.036433	supercritical
120.00	13.333	240.74	0.0041538	20.042	22.480	83.922	37.738	70.374	282.93	4.1721	24.591	0.036487	supercritical
120.00	13.367	241.52	0.0041405	20.034	22.470	83.882	37.749	70.481	282.97	4.1654	24.619	0.036542	supercritical
120.00	13.400	242.30	0.0041272	20.026	22.460	83.842	37.760	70.588	283.01	4.1587	24.647	0.036596	supercritical
120.00	13.433	243.07	0.0041140	20.018	22.450	83.801	37.771	70.695	283.06	4.1520	24.676	0.036651	supercritical
120.00	13.467	243.85	0.0041008	20.010	22.441	83.761	37.782	70.802	283.10	4.1452	24.704	0.036706	supercritical
120.00	13.500	244.63	0.0040878	20.002	22.431	83.721	37.794	70.909	283.15	4.1385	24.732	0.036761	supercritical
120.00	13.533	245.41	0.0040748	19.994	22.421	83.681	37.805	71.016	283.19	4.1317	24.761	0.036816	supercritical
120.00	13.567	246.19	0.0040618	19.986	22.411	83.641	37.816	71.124	283.24	4.1249	24.789	0.036871	supercritical
120.00	13.600	246.98	0.0040490	19.978	22.401	83.601	37.827	71.231	283.29	4.1181	24.818	0.036926	supercritical
120.00	13.633	247.76	0.0040362	19.970	22.392	83.561	37.838	71.338	283.33	4.1113	24.847	0.036981	supercritical
120.00	13.667	248.54	0.0040235	19.962	22.382	83.521	37.848	71.445	283.38	4.1045	24.876	0.037037	supercritical
120.00	13.700	249.33	0.0040108	19.954	22.372	83.481	37.859	71.552	283.43	4.0976	24.905	0.037093	supercritical
120.00	13.733	250.11	0.0039982	19.946	22.362	83.441	37.870	71.659	283.48	4.0908	24.934	0.037148	supercritical
120.00	13.767	250.89	0.0039857	19.938	22.353	83.401	37.881	71.766	283.54	4.0839	24.963	0.037204	supercritical
120.00	13.800	251.68	0.0039733	19.930	22.343	83.362	37.892	71.873	283.59	4.0770	24.993	0.037260	supercritical
120.00	13.833	252.47	0.0039609	19.922	22.333	83.322	37.903	71.980	283.64	4.0701	25.022	0.037316	supercritical
120.00	13.867	253.25	0.0039486	19.914	22.323	83.283	37.913	72.087	283.70	4.0632	25.052	0.037373	supercritical
120.00	13.900	254.04	0.0039364	19.905	22.314	83.243	37.924	72.194	283.75	4.0563	25.082	0.037429	supercritical
120.00	13.933	254.83	0.0039242	19.897	22.304	83.204	37.935	72.301	283.81	4.0494	25.111	0.037486	supercritical
120.00	13.967	255.62	0.0039121	19.889	22.294	83.164	37.946	72.408	283.86	4.0424	25.141	0.037542	supercritical
120.00	14.000	256.41	0.0039000	19.881	22.284	83.125	37.956	72.515	283.92	4.0355	25.171	0.037599	supercritical
120.00	14.033	257.20	0.0038880	19.873	22.274	83.085	37.967	72.621	283.98	4.0285	25.201	0.037656	supercritical
120.00	14.067	257.99	0.0038761	19.865	22.265	83.046	37.977	72.728	284.04	4.0215	25.232	0.037713	supercritical
120.00	14.100	258.78	0.0038643	19.857	22.255	83.007	37.988	72.835	284.10	4.0145	25.262	0.037770	supercritical
120.00	14.133	259.57	0.0038525	19.849	22.245	82.968	37.999	72.941	284.16	4.0075	25.293	0.037827	supercritical
120.00	14.167	260.37	0.0038407	19.841	22.235	82.929	38.009	73.048	284.22	4.0005	25.323	0.037884	supercritical
120.00	14.200	261.16	0.0038291	19.833	22.226	82.889	38.019	73.154	284.29	3.9935	25.354	0.037942	supercritical
120.00	14.233	261.95	0.0038175	19.825	22.216	82.850	38.030	73.261	284.35	3.9864	25.385	0.037999	supercritical
120.00	14.267	262.75	0.0038059	19.817	22.206	82.811	38.040	73.367	284.41	3.9794	25.416	0.038057	supercritical
120.00	14.300	263.54	0.0037944	19.809	22.197	82.772	38.051	73.473	284.48	3.9723	25.447	0.038114	supercritical
120.00	14.333	264.34	0.0037830	19.800	22.187	82.734	38.061	73.579	284.55	3.9652	25.478	0.038172	supercritical
120.00	14.367	265.14	0.0037717	19.792	22.177	82.695	38.071	73.685	284.61	3.9581	25.509	0.038230	supercritical
120.00	14.400	265.93	0.0037604	19.784	22.167	82.656	38.082	73.791	284.68	3.9510	25.540	0.038288	supercritical
120.00	14.433	266.73	0.0037491	19.776	22.158	82.617	38.092	73.897	284.75	3.9439	25.572	0.038346	supercritical
120.00	14.467	267.53	0.0037379	19.768	22.148	82.579	38.102	74.003	284.82	3.9368	25.603	0.038405	supercritical
120.00	14.500	268.33	0.0037268	19.760	22.138	82.540	38.112	74.109	284.89	3.9297	25.635	0.038463	supercritical
120.00	14.533	269.12	0.0037158	19.752	22.129	82.501	38.122	74.214	284.97	3.9225	25.667	0.038521	supercritical
120.00	14.567	269.92	0.0037048	19.744	22.119	82.463	38.132	74.320	285.04	3.9154	25.699	0.038580	supercritical
120.00	14.600	270.72	0.0036938	19.736	22.109	82.424	38.143	74.425	285.11	3.9082	25.731	0.038639	supercritical
120.00	14.633	271.52	0.0036829	19.728	22.099	82.386	38.153	74.530	285.19	3.9010	25.763	0.038697	supercritical
120.00	14.667	272.32	0.0036721	19.720	22.090	82.348	38.163	74.635	285.26	3.8939	25.795	0.038756	supercritical
120.00	14.700	273.13	0.0036613	19.711	22.080	82.309	38.173	74.740	285.34	3.8867	25.828	0.038815	supercritical
120.00	14.733	273.93	0.0036506	19.703	22.070	82.271	38.183	74.845	285.42	3.8795	25.860	0.038874	supercritical
120.00	14.767	274.73	0.0036399	19.695	22.061	82.233	38.192	74.950	285.50	3.8722	25.893	0.038934	supercritical
120.00	14.800	275.53	0.0036293	19.687	22.051	82.195	38.202	75.054	285.58	3.8650	25.925	0.038993	supercritical
120.00	14.833	276.34	0.0036188	19.679	22.041	82.157	38.212	75.159	285.66	3.8578	25.958	0.039052	supercritical
120.00	14.867	277.14	0.0036083	19.671	22.032	82.119	38.222	75.263	285.74	3.8505	25.991	0.039112	supercritical
120.00	14.900	277.94	0.0035978	19.663	22.022	82.080	38.232	75.367	285.82	3.8433	26.024	0.039171	supercritical
120.00	14.933	278.75	0.0035875	19.655	22.012	82.043	38.242	75.471	285.90	3.8360	26.057	0.039231	supercritical
120.00	14.967	279.55	0.0035771	19.647	22.003	82.005	38.251	75.575	285.99	3.8287	26.091	0.039291	supercritical
120.00	15.000	280.36	0.0035669	19.638	21.993	81.967	38.261	75.679	286.07	3.8215	26.124	0.039351	supercritical
120.00	15.033	281.17	0.0035566	19.630	21.983	81.929	38.271	75.783	286.16	3.8142	26.157	0.039410	supercritical
120.00	15.067	281.97	0.0035465	19.622	21.974	81.891	38.280	75.886	286.25	3.8069	26.191	0.039470	supercritical
120.00	15.100	282.78	0.0035363	19.614	21.964	81.854	38.290	75.989	286.34	3.7996	26.225	0.039531	supercritical
120.00	15.133	283.58	0.0035263	19.606	21.955	81.816	38.299	76.092	286.42	3.7922	26.258	0.039591	supercritical
120.00	15.167	284.39	0.0035163	19.598	21.945	81.778	38.309	76.195	286.51	3.7849	26.292	0.039651	supercritical
120.00	15.200	285.20	0.0035063	19.590	21.935	81.741	38.318	76.298	286.61	3.7776	26.326	0.039712	supercritical
120.00	15.233	286.01	0.0034964	19.582	21.926	81.703	38.328	76.400	286.70	3.7702	26.361	0.039772	supercritical
120.00	15.267	286.82	0.0034865	19.574	21.916	81.666	38.337	76.502	286.79	3.7629	26.395	0.039833	supercritical
120.00	15.300	287.63	0.0034767	19.566	21.907	81.628	38.346	76.604	286.88	3.7555	26.429	0.039893	supercritical
120.00	15.333	288.44	0.0034670	19.557	21.897	81.591	38.356	76.706	286.98	3.7482	26.464	0.039954	supercritical
120.00	15.367	289.24	0.0034573	19.549	21.887	81.554	38.365	76.808	287.07	3.7408	26.498	0.040015	supercritical
120.00	15.400	290.05	0.0034476	19.541	21.878	81.517	38.374	76.909	287.17	3.7334	26.533	0.040076	supercritical
120.00	15.433	290.86	0.0034380	19.533	21.868	81.479	38.384	77.011	287.27	3.7260	26.568	0.040137	supercritical
120.00	15.467	291.68	0.0034285	19.525	21.859	81.442	38.393	77.112	287.37	3.7186	26.603	0.040198	supercritical
120.00	15.500	292.49	0.0034190	19.517	21.849	81.405	38.402	77.213	287.47	3.7112	26.638	0.040259	supercritical
120.00	15.533	293.30	0.0034095	19.509	21.840	81.368	38.411	77.313	287.57	3.7038	26.673	0.040320	supercritical
120.00	15.567	294.11	0.0034001	19.501	21.830	81.331	38.420	77.414	287.67	3.6964	26.708	0.040381	supercritical
120.00	15.600	294.92	0.0033907	19.493	21.821	81.294	38.429	77.514	287.77	3.6890	26.743	0.040443	supercritical
120.00	15.633	295.73	0.0033814	19.484	21.811	81.257	38.438	77.614	287.88	3.6816	26.779	0.040504	supercritical
120.00	15.667	296.55	0.0033722	19.476	21.801	81.221	38.447	77.713	287.98	3.6741	26.814	0.040566	supercritical
120.00	15.700	297.36	0.0033630	19.468	21.792	81.184	38.456	77.813	288.09	3.6667	26.850	0.040627	supercritical
120.00	15.733	298.17	0.0033538	19.460	21.782	81.147	38.465	77.912	288.19	3.6592	26.886	0.040689	supercritical
120.00	15.767	298.98	0.0033447	19.452	21.773	81.110	38.474	78.011	288.30	3.6518	26.922	0.040751	supercritical
120.00	15.800	299.80	0.0033356	19.444	21.763	81.074	38.482	78.109	288.41	3.6443	26.958	0.040812	supercritical
120.00	15.833	300.61	0.0033266	19.436	21.754	81.037	38.491	78.208	288.52	3.6369	26.994	0.040874	supercritical
120.00	15.867	301.42	0.0033176	19.428	21.744	81.001	38.500	78.306	288.63	3.6294	27.030	0.040936	supercritical
120.00	15.900	302.24	0.0033087	19.420	21.735	80.964	38.509	78.404	288.74	3.6219	27.066	0.040998	supercritical
120.00	15.933	303.05	0.0032998	19.412	21.726	80.928	38.517	78.501	288.85	3.6144	27.103	0.041060	supercritical
120.00	15.967	303.87	0.0032909	19.404	21.716	80.892	38.526	78.599	288.97	3.6069	27.139	0.041123	supercritical
120.00	16.000	304.68	0.0032821	19.396	21.707	80.855	38.535	78.696	289.08	3.5994	27.176	0.041185	supercritical
120.00	16.033	305.50	0.0032734	19.387	21.697	80.819	38.543	78.793	289.19	3.5919	27.213	0.041247	supercritical
120.00	16.067	306.31	0.0032647	19.379	21.688	80.783	38.552	78.889	289.31	3.5844	27.250	0.041309	supercritical
120.00	16.100	307.13	0.0032560	19.371	21.678	80.747	38.560	78.985	289.43	3.5769	27.287	0.041372	supercritical
120.00	16.133	307.94	0.0032474	19.363	21.669	80.711	38.568	79.081	289.55	3.5694	27.324	0.041434	supercritical
120.00	16.167	308.76	0.0032388	19.355	21.660	80.675	38.577	79.177	289.67	3.5619	27.361	0.041497	supercritical
120.00	16.200	309.57	0.0032303	19.347	21.650	80.639	38.585	79.272	289.79	3.5544	27.398	0.041559	supercritical
120.00	16.233	310.39	0.0032218	19.339	21.641	80.603	38.594	79.367	289.91	3.5469	27.435	0.041622	supercritical
120.00	16.267	311.20	0.0032133	19.331	21.631	80.567	38.602	79.462	290.03	3.5393	27.473	0.041685	supercritical
120.00	16.300	312.02	0.0032049	19.323	21.622	80.531	38.610	79.556	290.15	3.5318	27.511	0.041748	supercritical
120.00	16.333	312.83	0.0031966	19.315	21.613	80.495	38.618	79.650	290.28	3.5243	27.548	0.041810	supercritical
120.00	16.367	313.65	0.0031883	19.307	21.603	80.460	38.626	79.744	290.40	3.5167	27.586	0.041873	supercritical
120.00	16.400	314.47	0.0031800	19.299	21.594	80.424	38.634	79.837	290.53	3.5092	27.624	0.041936	supercritical
120.00	16.433	315.28	0.0031718	19.291	21.585	80.388	38.643	79.931	290.66	3.5017	27.662	0.041999	supercritical
120.00	16.467	316.10	0.0031636	19.283	21.575	80.353	38.651	80.023	290.78	3.4941	27.700	0.042062	supercritical
120.00	16.500	316.91	0.0031554	19.275	21.566	80.317	38.659	80.116	290.91	3.4866	27.738	0.042125	supercritical
120.00	16.533	317.73	0.0031473	19.267	21.557	80.282	38.667	80.208	291.04	3.4790	27.777	0.042188	supercritical
120.00	16.567	318.55	0.0031393	19.259	21.547	80.247	38.675	80.300	291.17	3.4715	27.815	0.042252	supercritical
120.00	16.600	319.36	0.0031312	19.251	21.538	80.211	38.682	80.391	291.31	3.4639	27.854	0.042315	supercritical
120.00	16.633	320.18	0.0031232	19.243	21.529	80.176	38.690	80.482	291.44	3.4563	27.892	0.042378	supercritical
120.00	16.667	321.00	0.0031153	19.234	21.520	80.141	38.698	80.573	291.57	3.4488	27.931	0.042441	supercritical
120.00	16.700	321.81	0.0031074	19.226	21.510	80.106	38.706	80.663	291.71	3.4412	27.970	0.042505	supercritical
120.00	16.733	322.63	0.0030995	19.218	21.501	80.070	38.714	80.753	291.85	3.4337	28.009	0.042568	supercritical
120.00	16.767	323.45	0.0030917	19.210	21.492	80.035	38.721	80.843	291.98	3.4261	28.048	0.042632	supercritical
120.00	16.800	324.26	0.0030839	19.202	21.483	80.000	38.729	80.932	292.12	3.4185	28.087	0.042695	supercritical
120.00	16.833	325.08	0.0030762	19.194	21.473	79.965	38.736	81.021	292.26	3.4110	28.126	0.042759	supercritical
120.00	16.867	325.89	0.0030685	19.186	21.464	79.931	38.744	81.109	292.40	3.4034	28.166	0.042822	supercritical
120.00	16.900	326.71	0.0030608	19.178	21.455	79.896	38.752	81.197	292.54	3.3958	28.205	0.042886	supercritical
120.00	16.933	327.53	0.0030532	19.170	21.446	79.861	38.759	81.285	292.68	3.3882	28.245	0.042950	supercritical
120.00	16.967	328.34	0.0030456	19.162	21.437	79.826	38.767	81.372	292.83	3.3807	28.284	0.043013	supercritical
120.00	17.000	329.16	0.0030381	19.154	21.427	79.792	38.774	81.459	292.97	3.3731	28.324	0.043077	supercritical
120.00	17.033	329.97	0.0030305	19.146	21.418	79.757	38.781	81.546	293.12	3.3655	28.364	0.043141	supercritical
120.00	17.067	330.79	0.0030231	19.139	21.409	79.722	38.789	81.632	293.26	3.3580	28.404	0.043204	supercritical
120.00	17.100	331.61	0.0030156	19.131	21.400	79.688	38.796	81.718	293.41	3.3504	28.444	0.043268	supercritical
120.00	17.133	332.42	0.0030082	19.123	21.391	79.654	38.803	81.803	293.56	3.3428	28.484	0.043332	supercritical
120.00	17.167	333.24	0.0030009	19.115	21.382	79.619	38.810	81.888	293.71	3.3352	28.524	0.043396	supercritical
120.00	17.200	334.05	0.0029935	19.107	21.373	79.585	38.818	81.973	293.86	3.3277	28.565	0.043460	supercritical
120.00	17.233	334.87	0.0029863	19.099	21.364	79.551	38.825	82.057	294.01	3.3201	28.605	0.043524	supercritical
120.00	17.267	335.68	0.0029790	19.091	21.355	79.516	38.832	82.141	294.16	3.3125	28.646	0.043588	supercritical
120.00	17.300	336.50	0.0029718	19.083	21.345	79.482	38.839	82.224	294.31	3.3050	28.686	0.043652	supercritical
120.00	17.333	337.31	0.0029646	19.075	21.336	79.448	38.846	82.307	294.47	3.2974	28.727	0.043716	supercritical
120.00	17.367	338.13	0.0029575	19.067	21.327	79.414	38.853	82.390	294.62	3.2898	28.768	0.043780	supercritical
120.00	17.400	338.94	0.0029504	19.059	21.318	79.380	38.860	82.472	294.78	3.2823	28.809	0.043844	supercritical
120.00	17.433	339.75	0.0029433	19.051	21.309	79.346	38.867	82.554	294.93	3.2747	28.850	0.043908	supercritical
120.00	17.467	340.57	0.0029363	19.043	21.300	79.312	38.874	82.635	295.09	3.2671	28.891	0.043972	supercritical
120.00	17.500	341.38	0.0029293	19.035	21.291	79.278	38.880	82.716	295.25	3.2596	28.932	0.044036	supercritical
120.00	17.533	342.19	0.0029223	19.027	21.282	79.245	38.887	82.796	295.41	3.2520	28.974	0.044101	supercritical
120.00	17.567	343.01	0.0029154	19.019	21.273	79.211	38.894	82.876	295.57	3.2445	29.015	0.044165	supercritical
120.00	17.600	343.82	0.0029085	19.012	21.264	79.177	38.901	82.956	295.73	3.2369	29.056	0.044229	supercritical
120.00	17.633	344.63	0.0029016	19.004	21.255	79.144	38.907	83.035	295.90	3.2293	29.098	0.044293	supercritical
120.00	17.667	345.45	0.0028948	18.996	21.247	79.110	38.914	83.114	296.06	3.2218	29.140	0.044357	supercritical
120.00	17.700	346.26	0.0028880	18.988	21.238	79.077	38.920	83.192	296.22	3.2143	29.181	0.044422	supercritical
120.00	17.733	347.07	0.0028813	18.980	21.229	79.043	38.927	83.270	296.39	3.2067	29.223	0.044486	supercritical
120.00	17.767	347.88	0.0028745	18.972	21.220	79.010	38.933	83.347	296.56	3.1992	29.265	0.044550	supercritical
120.00	17.800	348.69	0.0028679	18.964	21.211	78.977	38.940	83.424	296.72	3.1916	29.307	0.044614	supercritical
120.00	17.833	349.50	0.0028612	18.956	21.202	78.943	38.946	83.500	296.89	3.1841	29.349	0.044679	supercritical
120.00	17.867	350.31	0.0028546	18.949	21.193	78.910	38.953	83.576	297.06	3.1766	29.392	0.044743	supercritical
120.00	17.900	351.12	0.0028480	18.941	21.184	78.877	38.959	83.652	297.23	3.1690	29.434	0.044807	supercritical
120.00	17.933	351.93	0.0028414	18.933	21.176	78.844	38.965	83.727	297.40	3.1615	29.476	0.044872	supercritical
120.00	17.967	352.74	0.0028349	18.925	21.167	78.811	38.972	83.801	297.58	3.1540	29.519	0.044936	supercritical
120.00	18.000	353.55	0.0028284	18.917	21.158	78.778	38.978	83.875	297.75	3.1465	29.561	0.045000	supercritical
120.00	18.033	354.36	0.0028220	18.909	21.149	78.745	38.984	83.949	297.92	3.1390	29.604	0.045065	supercritical
120.00	18.067	355.17	0.0028155	18.902	21.140	78.712	38.990	84.022	298.10	3.1315	29.647	0.045129	supercritical
120.00	18.100	355.98	0.0028092	18.894	21.132	78.679	38.996	84.095	298.27	3.1240	29.690	0.045194	supercritical
120.00	18.133	356.79	0.0028028	18.886	21.123	78.647	39.002	84.167	298.45	3.1165	29.733	0.045258	supercritical
120.00	18.167	357.59	0.0027965	18.878	21.114	78.614	39.008	84.239	298.63	3.1090	29.776	0.045322	supercritical
120.00	18.200	358.40	0.0027902	18.871	21.105	78.581	39.014	84.310	298.81	3.1015	29.819	0.045387	supercritical
120.00	18.233	359.21	0.0027839	18.863	21.097	78.549	39.020	84.381	298.99	3.0940	29.862	0.045451	supercritical
120.00	18.267	360.01	0.0027777	18.855	21.088	78.516	39.026	84.451	299.17	3.0865	29.905	0.045515	supercritical
120.00	18.300	360.82	0.0027715	18.847	21.079	78.484	39.032	84.521	299.35	3.0790	29.948	0.045580	supercritical
120.00	18.333	361.62	0.0027653	18.839	21.071	78.452	39.038	84.591	299.53	3.0716	29.992	0.045644	supercritical
120.00	18.367	362.43	0.0027592	18.832	21.062	78.419	39.044	84.659	299.72	3.0641	30.035	0.045709	supercritical
120.00	18.400	363.23	0.0027530	18.824	21.053	78.387	39.049	84.728	299.90	3.0566	30.079	0.045773	supercritical
120.00	18.433	364.04	0.0027470	18.816	21.045	78.355	39.055	84.796	300.09	3.0492	30.122	0.045837	supercritical
120.00	18.467	364.84	0.0027409	18.809	21.036	78.323	39.061	84.863	300.28	3.0417	30.166	0.045902	supercritical
120.00	18.500	365.64	0.0027349	18.801	21.027	78.291	39.066	84.930	300.46	3.0343	30.210	0.045966	supercritical
120.00	18.533	366.45	0.0027289	18.793	21.019	78.259	39.072	84.997	300.65	3.0269	30.254	0.046030	supercritical
120.00	18.567	367.25	0.0027230	18.785	21.010	78.227	39.078	85.063	300.84	3.0195	30.298	0.046095	supercritical
120.00	18.600	368.05	0.0027170	18.778	21.002	78.195	39.083	85.128	301.03	3.0120	30.342	0.046159	supercritical
120.00	18.633	368.85	0.0027111	18.770	20.993	78.163	39.089	85.193	301.22	3.0046	30.386	0.046223	supercritical
120.00	18.667	369.65	0.0027053	18.762	20.985	78.131	39.094	85.258	301.41	2.9972	30.430	0.046288	supercritical
120.00	18.700	370.45	0.0026994	18.755	20.976	78.099	39.099	85.322	301.61	2.9898	30.475	0.046352	supercritical
120.00	18.733	371.25	0.0026936	18.747	20.968	78.068	39.105	85.385	301.80	2.9824	30.519	0.046416	supercritical
120.00	18.767	372.05	0.0026878	18.739	20.959	78.036	39.110	85.448	302.00	2.9750	30.563	0.046481	supercritical
120.00	18.800	372.85	0.0026821	18.732	20.951	78.005	39.115	85.511	302.19	2.9677	30.608	0.046545	supercritical
120.00	18.833	373.65	0.0026763	18.724	20.942	77.973	39.121	85.573	302.39	2.9603	30.653	0.046609	supercritical
120.00	18.867	374.44	0.0026706	18.716	20.934	77.942	39.126	85.634	302.58	2.9529	30.697	0.046673	supercritical
120.00	18.900	375.24	0.0026650	18.709	20.925	77.910	39.131	85.695	302.78	2.9456	30.742	0.046738	supercritical
120.00	18.933	376.03	0.0026593	18.701	20.917	77.879	39.136	85.756	302.98	2.9382	30.787	0.046802	supercritical
120.00	18.967	376.83	0.0026537	18.694	20.909	77.848	39.141	85.816	303.18	2.9309	30.832	0.046866	supercritical
120.00	19.000	377.63	0.0026481	18.686	20.900	77.816	39.146	85.875	303.38	2.9235	30.877	0.046930	supercritical
120.00	19.033	378.42	0.0026426	18.678	20.892	77.785	39.152	85.934	303.59	2.9162	30.922	0.046994	supercritical
120.00	19.067	379.21	0.0026370	18.671	20.884	77.754	39.157	85.993	303.79	2.9089	30.967	0.047058	supercritical
120.00	19.100	380.01	0.0026315	18.663	20.875	77.723	39.161	86.051	303.99	2.9016	31.012	0.047123	supercritical
120.00	19.133	380.80	0.0026261	18.656	20.867	77.692	39.166	86.108	304.20	2.8943	31.057	0.047187	supercritical
120.00	19.167	381.59	0.0026206	18.648	20.859	77.661	39.171	86.165	304.40	2.8870	31.102	0.047251	supercritical
120.00	19.200	382.38	0.0026152	18.641	20.850	77.631	39.176	86.222	304.61	2.8797	31.148	0.047315	supercritical
120.00	19.233	383.17	0.0026098	18.633	20.842	77.600	39.181	86.277	304.82	2.8725	31.193	0.047379	supercritical
120.00	19.267	383.96	0.0026044	18.625	20.834	77.569	39.186	86.333	305.02	2.8652	31.239	0.047443	supercritical
120.00	19.300	384.75	0.0025991	18.618	20.826	77.538	39.190	86.388	305.23	2.8579	31.284	0.047507	supercritical
120.00	19.333	385.54	0.0025938	18.610	20.817	77.508	39.195	86.442	305.44	2.8507	31.330	0.047571	supercritical
120.00	19.367	386.33	0.0025885	18.603	20.809	77.477	39.200	86.496	305.65	2.8435	31.376	0.047635	supercritical
120.00	19.400	387.11	0.0025832	18.595	20.801	77.447	39.205	86.550	305.86	2.8362	31.421	0.047699	supercritical
120.00	19.433	387.90	0.0025780	18.588	20.793	77.416	39.209	86.603	306.08	2.8290	31.467	0.047763	supercritical
120.00	19.467	388.68	0.0025728	18.580	20.785	77.386	39.214	86.655	306.29	2.8218	31.513	0.047827	supercritical
120.00	19.500	389.47	0.0025676	18.573	20.776	77.356	39.218	86.707	306.50	2.8146	31.559	0.047890	supercritical
120.00	19.533	390.25	0.0025624	18.566	20.768	77.325	39.223	86.758	306.72	2.8074	31.605	0.047954	supercritical
120.00	19.567	391.04	0.0025573	18.558	20.760	77.295	39.227	86.809	306.93	2.8002	31.651	0.048018	supercritical
120.00	19.600	391.82	0.0025522	18.551	20.752	77.265	39.232	86.860	307.15	2.7931	31.698	0.048082	supercritical
120.00	19.633	392.60	0.0025471	18.543	20.744	77.235	39.236	86.910	307.37	2.7859	31.744	0.048145	supercritical
120.00	19.667	393.38	0.0025421	18.536	20.736	77.205	39.240	86.959	307.59	2.7788	31.790	0.048209	supercritical
120.00	19.700	394.16	0.0025370	18.528	20.728	77.175	39.245	87.008	307.80	2.7716	31.836	0.048273	supercritical
120.00	19.733	394.94	0.0025320	18.521	20.720	77.145	39.249	87.056	308.02	2.7645	31.883	0.048336	supercritical
120.00	19.767	395.72	0.0025270	18.514	20.712	77.115	39.253	87.104	308.25	2.7574	31.929	0.048400	supercritical
120.00	19.800	396.50	0.0025221	18.506	20.704	77.086	39.257	87.152	308.47	2.7503	31.976	0.048464	supercritical
120.00	19.833	397.28	0.0025171	18.499	20.696	77.056	39.262	87.198	308.69	2.7432	32.022	0.048527	supercritical
120.00	19.867	398.05	0.0025122	18.491	20.688	77.026	39.266	87.245	308.91	2.7361	32.069	0.048591	supercritical
120.00	19.900	398.83	0.0025073	18.484	20.680	76.997	39.270	87.291	309.14	2.7290	32.116	0.048654	supercritical
120.00	19.933	399.60	0.0025025	18.477	20.672	76.967	39.274	87.336	309.36	2.7220	32.162	0.048718	supercritical
120.00	19.967	400.38	0.0024976	18.469	20.664	76.938	39.278	87.381	309.59	2.7149	32.209	0.048781	supercritical
120.00	20.000	401.15	0.0024928	18.462	20.656	76.908	39.282	87.425	309.81	2.7079	32.256	0.048844	supercritical
120.00	20.033	401.92	0.0024880	18.455	20.648	76.879	39.286	87.469	310.04	2.7009	32.303	0.048908	supercritical
120.00	20.067	402.70	0.0024833	18.447	20.641	76.850	39.290	87.512	310.27	2.6938	32.350	0.048971	supercritical
120.00	20.100	403.47	0.0024785	18.440	20.633	76.820	39.294	87.555	310.50	2.6868	32.397	0.049034	supercritical
120.00	20.133	404.24	0.0024738	18.433	20.625	76.791	39.298	87.598	310.72	2.6798	32.444	0.049097	supercritical
120.00	20.167	405.01	0.0024691	18.426	20.617	76.762	39.302	87.639	310.95	2.6729	32.491	0.049161	supercritical
120.00	20.200	405.77	0.0024644	18.418	20.609	76.733	39.305	87.681	311.19	2.6659	32.538	0.049224	supercritical
120.00	20.233	406.54	0.0024598	18.411	20.601	76.704	39.309	87.722	311.42	2.6589	32.586	0.049287	supercritical
120.00	20.267	407.31	0.0024551	18.404	20.594	76.675	39.313	87.762	311.65	2.6520	32.633	0.049350	supercritical
120.00	20.300	408.07	0.0024505	18.397	20.586	76.646	39.317	87.802	311.88	2.6450	32.680	0.049413	supercritical
120.00	20.333	408.84	0.0024460	18.389	20.578	76.618	39.320	87.841	312.12	2.6381	32.728	0.049476	supercritical
120.00	20.367	409.60	0.0024414	18.382	20.570	76.589	39.324	87.880	312.35	2.6312	32.775	0.049539	supercritical
120.00	20.400	410.37	0.0024369	18.375	20.563	76.560	39.328	87.919	312.59	2.6243	32.822	0.049602	supercritical
120.00	20.433	411.13	0.0024323	18.368	20.555	76.532	39.331	87.956	312.82	2.6174	32.870	0.049665	supercritical
120.00	20.467	411.89	0.0024278	18.361	20.547	76.503	39.335	87.994	313.06	2.6105	32.918	0.049727	supercritical
120.00	20.500	412.65	0.0024234	18.353	20.540	76.474	39.338	88.031	313.30	2.6037	32.965	0.049790	supercritical
120.00	20.533	413.41	0.0024189	18.346	20.532	76.446	39.342	88.067	313.54	2.5968	33.013	0.049853	supercritical
120.00	20.567	414.17	0.0024145	18.339	20.525	76.418	39.345	88.103	313.78	2.5900	33.060	0.049916	supercritical
120.00	20.600	414.92	0.0024101	18.332	20.517	76.389	39.349	88.139	314.02	2.5832	33.108	0.049978	supercritical
120.00	20.633	415.68	0.0024057	18.325	20.509	76.361	39.352	88.174	314.26	2.5764	33.156	0.050041	supercritical
120.00	20.667	416.44	0.0024013	18.318	20.502	76.333	39.356	88.208	314.50	2.5696	33.204	0.050103	supercritical
120.00	20.700	417.19	0.0023970	18.311	20.494	76.305	39.359	88.242	314.74	2.5628	33.252	0.050166	supercritical
120.00	20.733	417.95	0.0023927	18.304	20.487	76.277	39.362	88.276	314.98	2.5560	33.300	0.050228	supercritical
120.00	20.767	418.70	0.0023883	18.296	20.479	76.249	39.366	88.309	315.23	2.5492	33.348	0.050291	supercritical
120.00	20.800	419.45	0.0023841	18.289	20.472	76.221	39.369	88.341	315.47	2.5425	33.396	0.050353	supercritical
120.00	20.833	420.20	0.0023798	18.282	20.464	76.193	39.372	88.373	315.72	2.5358	33.444	0.050415	supercritical
120.00	20.867	420.95	0.0023756	18.275	20.457	76.165	39.375	88.405	315.96	2.5290	33.492	0.050478	supercritical
120.00	20.900	421.70	0.0023713	18.268	20.449	76.137	39.379	88.436	316.21	2.5223	33.540	0.050540	supercritical
120.00	20.933	422.45	0.0023671	18.261	20.442	76.109	39.382	88.467	316.46	2.5156	33.588	0.050602	supercritical
120.00	20.967	423.20	0.0023630	18.254	20.434	76.082	39.385	88.497	316.70	2.5089	33.636	0.050664	supercritical
120.00	21.000	423.94	0.0023588	18.247	20.427	76.054	39.388	88.527	316.95	2.5023	33.684	0.050726	supercritical
120.00	21.033	424.69	0.0023547	18.240	20.420	76.026	39.391	88.556	317.20	2.4956	33.733	0.050788	supercritical
120.00	21.067	425.43	0.0023505	18.233	20.412	75.999	39.394	88.585	317.45	2.4890	33.781	0.050850	supercritical
120.00	21.100	426.18	0.0023464	18.226	20.405	75.972	39.397	88.613	317.70	2.4823	33.829	0.050912	supercritical
120.00	21.133	426.92	0.0023424	18.219	20.398	75.944	39.400	88.641	317.95	2.4757	33.878	0.050974	supercritical
120.00	21.167	427.66	0.0023383	18.212	20.390	75.917	39.403	88.669	318.20	2.4691	33.926	0.051036	supercritical
120.00	21.200	428.40	0.0023343	18.205	20.383	75.890	39.406	88.696	318.46	2.4625	33.975	0.051097	supercritical
120.00	21.233	429.14	0.0023302	18.198	20.376	75.862	39.409	88.722	318.71	2.4560	34.023	0.051159	supercritical
120.00	21.267	429.88	0.0023262	18.191	20.369	75.835	39.412	88.748	318.96	2.4494	34.072	0.051221	supercritical
120.00	21.300	430.62	0.0023223	18.184	20.361	75.808	39.414	88.774	319.22	2.4429	34.120	0.051282	supercritical
120.00	21.333	431.35	0.0023183	18.178	20.354	75.781	39.417	88.799	319.47	2.4363	34.169	0.051344	supercritical
120.00	21.367	432.09	0.0023144	18.171	20.347	75.754	39.420	88.824	319.73	2.4298	34.217	0.051405	supercritical
120.00	21.400	432.82	0.0023104	18.164	20.340	75.727	39.423	88.848	319.99	2.4233	34.266	0.051467	supercritical
120.00	21.433	433.55	0.0023065	18.157	20.333	75.700	39.426	88.872	320.24	2.4168	34.315	0.051528	supercritical
120.00	21.467	434.29	0.0023026	18.150	20.325	75.674	39.428	88.895	320.50	2.4103	34.363	0.051590	supercritical
120.00	21.500	435.02	0.0022988	18.143	20.318	75.647	39.431	88.918	320.76	2.4039	34.412	0.051651	supercritical
120.00	21.533	435.75	0.0022949	18.136	20.311	75.620	39.434	88.941	321.02	2.3974	34.461	0.051712	supercritical
120.00	21.567	436.48	0.0022911	18.130	20.304	75.594	39.436	88.963	321.28	2.3910	34.510	0.051773	supercritical
120.00	21.600	437.20	0.0022873	18.123	20.297	75.567	39.439	88.985	321.54	2.3846	34.559	0.051834	supercritical
120.00	21.633	437.93	0.0022835	18.116	20.290	75.541	39.441	89.006	321.80	2.3782	34.607	0.051895	supercritical
120.00	21.667	438.66	0.0022797	18.109	20.283	75.514	39.444	89.027	322.06	2.3718	34.656	0.051956	supercritical
120.00	21.700	439.38	0.0022759	18.102	20.276	75.488	39.446	89.047	322.32	2.3654	34.705	0.052017	supercritical
120.00	21.733	440.11	0.0022722	18.096	20.269	75.461	39.449	89.067	322.58	2.3590	34.754	0.052078	supercritical
120.00	21.767	440.83	0.0022685	18.089	20.262	75.435	39.451	89.086	322.85	2.3527	34.803	0.052139	supercritical
120.00	21.800	441.55	0.0022647	18.082	20.255	75.409	39.454	89.105	323.11	2.3463	34.852	0.052200	supercritical
120.00	21.833	442.27	0.0022611	18.075	20.248	75.383	39.456	89.124	323.38	2.3400	34.901	0.052261	supercritical
120.00	21.867	442.99	0.0022574	18.069	20.241	75.357	39.459	89.142	323.64	2.3337	34.950	0.052321	supercritical
120.00	21.900	443.71	0.0022537	18.062	20.234	75.331	39.461	89.160	323.91	2.3274	34.999	0.052382	supercritical
120.00	21.933	444.43	0.0022501	18.055	20.227	75.305	39.463	89.177	324.17	2.3211	35.048	0.052442	supercritical
120.00	21.967	445.14	0.0022465	18.048	20.220	75.279	39.466	89.194	324.44	2.3149	35.097	0.052503	supercritical
120.00	22.000	445.86	0.0022429	18.042	20.213	75.253	39.468	89.211	324.71	2.3086	35.146	0.052563	supercritical
120.00	22.033	446.57	0.0022393	18.035	20.207	75.227	39.470	89.227	324.97	2.3024	35.196	0.052624	supercritical
120.00	22.067	447.28	0.0022357	18.028	20.200	75.201	39.473	89.243	325.24	2.2962	35.245	0.052684	supercritical
120.00	22.100	448.00	0.0022322	18.022	20.193	75.176	39.475	89.258	325.51	2.2900	35.294	0.052744	supercritical
120.00	22.133	448.71	0.0022286	18.015	20.186	75.150	39.477	89.273	325.78	2.2838	35.343	0.052804	supercritical
120.00	22.167	449.42	0.0022251	18.009	20.179	75.124	39.479	89.288	326.05	2.2776	35.392	0.052865	supercritical
120.00	22.200	450.13	0.0022216	18.002	20.172	75.099	39.481	89.302	326.32	2.2714	35.442	0.052925	supercritical
120.00	22.233	450.83	0.0022181	17.995	20.166	75.074	39.484	89.315	326.59	2.2653	35.491	0.052985	supercritical
120.00	22.267	451.54	0.0022146	17.989	20.159	75.048	39.486	89.329	326.87	2.2591	35.540	0.053045	supercritical
120.00	22.300	452.24	0.0022112	17.982	20.152	75.023	39.488	89.342	327.14	2.2530	35.589	0.053105	supercritical
120.00	22.333	452.95	0.0022078	17.976	20.146	74.997	39.490	89.354	327.41	2.2469	35.639	0.053164	supercritical
120.00	22.367	453.65	0.0022043	17.969	20.139	74.972	39.492	89.366	327.69	2.2408	35.688	0.053224	supercritical
120.00	22.400	454.35	0.0022009	17.963	20.132	74.947	39.494	89.378	327.96	2.2348	35.737	0.053284	supercritical
120.00	22.433	455.05	0.0021975	17.956	20.126	74.922	39.496	89.390	328.23	2.2287	35.787	0.053344	supercritical
120.00	22.467	455.75	0.0021942	17.949	20.119	74.897	39.498	89.401	328.51	2.2227	35.836	0.053403	supercritical
120.00	22.500	456.45	0.0021908	17.943	20.112	74.872	39.500	89.411	328.78	2.2166	35.885	0.053463	supercritical
120.00	22.533	457.15	0.0021875	17.936	20.106	74.847	39.502	89.422	329.06	2.2106	35.935	0.053522	supercritical
120.00	22.567	457.85	0.0021841	17.930	20.099	74.822	39.504	89.431	329.34	2.2046	35.984	0.053582	supercritical
120.00	22.600	458.54	0.0021808	17.923	20.093	74.797	39.506	89.441	329.61	2.1986	36.034	0.053641	supercritical
120.00	22.633	459.24	0.0021775	17.917	20.086	74.772	39.508	89.450	329.89	2.1927	36.083	0.053700	supercritical
120.00	22.667	459.93	0.0021743	17.911	20.080	74.748	39.509	89.459	330.17	2.1867	36.132	0.053759	supercritical
120.00	22.700	460.62	0.0021710	17.904	20.073	74.723	39.511	89.467	330.45	2.1808	36.182	0.053819	supercritical
120.00	22.733	461.31	0.0021677	17.898	20.067	74.698	39.513	89.475	330.73	2.1748	36.231	0.053878	supercritical
120.00	22.767	462.00	0.0021645	17.891	20.060	74.674	39.515	89.483	331.01	2.1689	36.281	0.053937	supercritical
120.00	22.800	462.69	0.0021613	17.885	20.054	74.649	39.517	89.490	331.29	2.1630	36.330	0.053996	supercritical
120.00	22.833	463.38	0.0021581	17.878	20.047	74.625	39.518	89.497	331.57	2.1571	36.380	0.054055	supercritical
120.00	22.867	464.06	0.0021549	17.872	20.041	74.600	39.520	89.504	331.85	2.1513	36.429	0.054113	supercritical
120.00	22.900	464.75	0.0021517	17.866	20.034	74.576	39.522	89.510	332.13	2.1454	36.479	0.054172	supercritical
120.00	22.933	465.43	0.0021485	17.859	20.028	74.552	39.524	89.516	332.41	2.1396	36.528	0.054231	supercritical
120.00	22.967	466.11	0.0021454	17.853	20.022	74.528	39.525	89.522	332.70	2.1338	36.578	0.054290	supercritical
120.00	23.000	466.79	0.0021423	17.847	20.015	74.503	39.527	89.527	332.98	2.1280	36.627	0.054348	supercritical
120.00	23.033	467.48	0.0021392	17.840	20.009	74.479	39.528	89.532	333.26	2.1222	36.677	0.054407	supercritical
120.00	23.067	468.15	0.0021360	17.834	20.002	74.455	39.530	89.536	333.55	2.1164	36.726	0.054465	supercritical
120.00	23.100	468.83	0.0021330	17.828	19.996	74.431	39.532	89.541	333.83	2.1106	36.776	0.054524	supercritical
120.00	23.133	469.51	0.0021299	17.821	19.990	74.407	39.533	89.545	334.12	2.1049	36.825	0.054582	supercritical
120.00	23.167	470.19	0.0021268	17.815	19.984	74.383	39.535	89.548	334.40	2.0992	36.875	0.054640	supercritical
120.00	23.200	470.86	0.0021238	17.809	19.977	74.360	39.536	89.551	334.69	2.0934	36.925	0.054698	supercritical
120.00	23.233	471.53	0.0021207	17.803	19.971	74.336	39.538	89.554	334.97	2.0877	36.974	0.054757	supercritical
120.00	23.267	472.21	0.0021177	17.796	19.965	74.312	39.539	89.557	335.26	2.0821	37.024	0.054815	supercritical
120.00	23.300	472.88	0.0021147	17.790	19.959	74.288	39.541	89.559	335.55	2.0764	37.073	0.054873	supercritical
120.00	23.333	473.55	0.0021117	17.784	19.952	74.265	39.542	89.561	335.84	2.0707	37.123	0.054931	supercritical
120.00	23.367	474.22	0.0021087	17.778	19.946	74.241	39.544	89.563	336.12	2.0651	37.172	0.054989	supercritical
120.00	23.400	474.88	0.0021058	17.772	19.940	74.218	39.545	89.564	336.41	2.0595	37.222	0.055046	supercritical
120.00	23.433	475.55	0.0021028	17.765	19.934	74.194	39.547	89.565	336.70	2.0538	37.272	0.055104	supercritical
120.00	23.467	476.21	0.0020999	17.759	19.928	74.171	39.548	89.566	336.99	2.0482	37.321	0.055162	supercritical
120.00	23.500	476.88	0.0020970	17.753	19.922	74.147	39.550	89.566	337.28	2.0427	37.371	0.055220	supercritical
120.00	23.533	477.54	0.0020941	17.747	19.916	74.124	39.551	89.566	337.57	2.0371	37.420	0.055277	supercritical
120.00	23.567	478.20	0.0020912	17.741	19.910	74.101	39.552	89.566	337.86	2.0315	37.470	0.055335	supercritical
120.00	23.600	478.86	0.0020883	17.735	19.904	74.078	39.554	89.565	338.15	2.0260	37.519	0.055392	supercritical
120.00	23.633	479.52	0.0020854	17.729	19.898	74.054	39.555	89.564	338.44	2.0205	37.569	0.055450	supercritical
120.00	23.667	480.18	0.0020825	17.722	19.892	74.031	39.556	89.563	338.73	2.0150	37.619	0.055507	supercritical
120.00	23.700	480.84	0.0020797	17.716	19.886	74.008	39.558	89.562	339.03	2.0095	37.668	0.055564	supercritical
120.00	23.733	481.50	0.0020769	17.710	19.880	73.985	39.559	89.560	339.32	2.0040	37.718	0.055621	supercritical
120.00	23.767	482.15	0.0020740	17.704	19.874	73.962	39.560	89.558	339.61	1.9986	37.767	0.055678	supercritical
120.00	23.800	482.80	0.0020712	17.698	19.868	73.939	39.561	89.556	339.91	1.9931	37.817	0.055736	supercritical
120.00	23.833	483.46	0.0020684	17.692	19.862	73.917	39.563	89.553	340.20	1.9877	37.866	0.055793	supercritical
120.00	23.867	484.11	0.0020657	17.686	19.856	73.894	39.564	89.550	340.49	1.9823	37.916	0.055849	supercritical
120.00	23.900	484.76	0.0020629	17.680	19.850	73.871	39.565	89.547	340.79	1.9769	37.966	0.055906	supercritical
120.00	23.933	485.41	0.0020601	17.674	19.844	73.848	39.566	89.544	341.08	1.9715	38.015	0.055963	supercritical
120.00	23.967	486.06	0.0020574	17.668	19.838	73.826	39.567	89.540	341.38	1.9661	38.065	0.056020	supercritical
120.00	24.000	486.70	0.0020546	17.662	19.832	73.803	39.568	89.536	341.67	1.9607	38.114	0.056077	supercritical
120.00	24.033	487.35	0.0020519	17.656	19.826	73.781	39.570	89.532	341.97	1.9554	38.164	0.056133	supercritical
120.00	24.067	487.99	0.0020492	17.650	19.821	73.758	39.571	89.528	342.26	1.9501	38.213	0.056190	supercritical
120.00	24.100	488.63	0.0020465	17.644	19.815	73.736	39.572	89.523	342.56	1.9447	38.263	0.056246	supercritical
120.00	24.133	489.28	0.0020438	17.638	19.809	73.713	39.573	89.518	342.86	1.9394	38.312	0.056303	supercritical
120.00	24.167	489.92	0.0020412	17.632	19.803	73.691	39.574	89.513	343.16	1.9342	38.362	0.056359	supercritical
120.00	24.200	490.56	0.0020385	17.626	19.797	73.669	39.575	89.507	343.45	1.9289	38.411	0.056415	supercritical
120.00	24.233	491.20	0.0020358	17.620	19.792	73.647	39.576	89.501	343.75	1.9236	38.461	0.056471	supercritical
120.00	24.267	491.83	0.0020332	17.614	19.786	73.624	39.577	89.495	344.05	1.9184	38.510	0.056528	supercritical
120.00	24.300	492.47	0.0020306	17.609	19.780	73.602	39.578	89.489	344.35	1.9132	38.560	0.056584	supercritical
120.00	24.333	493.10	0.0020280	17.603	19.774	73.580	39.579	89.482	344.65	1.9080	38.609	0.056640	supercritical
120.00	24.367	493.74	0.0020254	17.597	19.769	73.558	39.580	89.476	344.95	1.9028	38.659	0.056696	supercritical
120.00	24.400	494.37	0.0020228	17.591	19.763	73.536	39.581	89.469	345.25	1.8976	38.708	0.056752	supercritical
120.00	24.433	495.00	0.0020202	17.585	19.757	73.514	39.582	89.461	345.55	1.8924	38.758	0.056807	supercritical
120.00	24.467	495.63	0.0020176	17.579	19.752	73.493	39.583	89.454	345.85	1.8873	38.807	0.056863	supercritical
120.00	24.500	496.26	0.0020151	17.573	19.746	73.471	39.584	89.446	346.15	1.8821	38.857	0.056919	supercritical
120.00	24.533	496.89	0.0020125	17.568	19.741	73.449	39.585	89.438	346.45	1.8770	38.906	0.056975	supercritical
120.00	24.567	497.52	0.0020100	17.562	19.735	73.427	39.586	89.430	346.75	1.8719	38.955	0.057030	supercritical
120.00	24.600	498.14	0.0020075	17.556	19.729	73.406	39.587	89.421	347.05	1.8668	39.005	0.057086	supercritical
120.00	24.633	498.77	0.0020049	17.550	19.724	73.384	39.588	89.413	347.35	1.8617	39.054	0.057141	supercritical
120.00	24.667	499.39	0.0020024	17.545	19.718	73.362	39.589	89.404	347.65	1.8567	39.103	0.057196	supercritical
120.00	24.700	500.01	0.0019999	17.539	19.713	73.341	39.589	89.395	347.96	1.8516	39.153	0.057252	supercritical
120.00	24.733	500.63	0.0019975	17.533	19.707	73.319	39.590	89.385	348.26	1.8466	39.202	0.057307	supercritical
120.00	24.767	501.25	0.0019950	17.527	19.702	73.298	39.591	89.376	348.56	1.8416	39.252	0.057362	supercritical
120.00	24.800	501.87	0.0019925	17.522	19.696	73.277	39.592	89.366	348.87	1.8366	39.301	0.057417	supercritical
120.00	24.833	502.49	0.0019901	17.516	19.691	73.255	39.593	89.356	349.17	1.8316	39.350	0.057472	supercritical
120.00	24.867	503.11	0.0019876	17.510	19.685	73.234	39.594	89.346	349.47	1.8266	39.399	0.057527	supercritical
120.00	24.900	503.72	0.0019852	17.505	19.680	73.213	39.594	89.335	349.78	1.8216	39.449	0.057582	supercritical
120.00	24.933	504.34	0.0019828	17.499	19.675	73.192	39.595	89.325	350.08	1.8167	39.498	0.057637	supercritical
120.00	24.967	504.95	0.0019804	17.493	19.669	73.170	39.596	89.314	350.39	1.8117	39.547	0.057692	supercritical
120.00	25.000	505.56	0.0019780	17.488	19.664	73.149	39.597	89.303	350.69	1.8068	39.596	0.057747	supercritical
120.00	25.033	506.17	0.0019756	17.482	19.658	73.128	39.597	89.292	351.00	1.8019	39.646	0.057801	supercritical
120.00	25.067	506.78	0.0019732	17.476	19.653	73.107	39.598	89.280	351.30	1.7970	39.695	0.057856	supercritical
120.00	25.100	507.39	0.0019709	17.471	19.648	73.086	39.599	89.269	351.61	1.7922	39.744	0.057910	supercritical
120.00	25.133	508.00	0.0019685	17.465	19.642	73.065	39.600	89.257	351.91	1.7873	39.793	0.057965	supercritical
120.00	25.167	508.60	0.0019662	17.459	19.637	73.045	39.600	89.245	352.22	1.7824	39.842	0.058019	supercritical
120.00	25.200	509.21	0.0019638	17.454	19.632	73.024	39.601	89.233	352.53	1.7776	39.892	0.058074	supercritical
120.00	25.233	509.81	0.0019615	17.448	19.627	73.003	39.602	89.220	352.83	1.7728	39.941	0.058128	supercritical
120.00	25.267	510.41	0.0019592	17.443	19.621	72.982	39.602	89.208	353.14	1.7680	39.990	0.058182	supercritical
120.00	25.300	511.02	0.0019569	17.437	19.616	72.962	39.603	89.195	353.45	1.7632	40.039	0.058236	supercritical
120.00	25.333	511.62	0.0019546	17.432	19.611	72.941	39.604	89.182	353.76	1.7584	40.088	0.058290	supercritical
120.00	25.367	512.22	0.0019523	17.426	19.606	72.921	39.604	89.169	354.06	1.7537	40.137	0.058344	supercritical
120.00	25.400	512.81	0.0019500	17.421	19.600	72.900	39.605	89.155	354.37	1.7489	40.186	0.058398	supercritical
120.00	25.433	513.41	0.0019478	17.415	19.595	72.880	39.606	89.142	354.68	1.7442	40.235	0.058452	supercritical
120.00	25.467	514.01	0.0019455	17.409	19.590	72.859	39.606	89.128	354.99	1.7395	40.284	0.058506	supercritical
120.00	25.500	514.60	0.0019433	17.404	19.585	72.839	39.607	89.114	355.30	1.7348	40.333	0.058560	supercritical
120.00	25.533	515.20	0.0019410	17.399	19.580	72.818	39.607	89.100	355.61	1.7301	40.382	0.058614	supercritical
120.00	25.567	515.79	0.0019388	17.393	19.575	72.798	39.608	89.086	355.91	1.7254	40.431	0.058667	supercritical
120.00	25.600	516.38	0.0019366	17.388	19.569	72.778	39.609	89.072	356.22	1.7207	40.480	0.058721	supercritical
120.00	25.633	516.97	0.0019344	17.382	19.564	72.758	39.609	89.057	356.53	1.7161	40.529	0.058774	supercritical
120.00	25.667	517.56	0.0019322	17.377	19.559	72.738	39.610	89.043	356.84	1.7114	40.578	0.058828	supercritical
120.00	25.700	518.15	0.0019300	17.371	19.554	72.717	39.610	89.028	357.15	1.7068	40.626	0.058881	supercritical
120.00	25.733	518.73	0.0019278	17.366	19.549	72.697	39.611	89.013	357.46	1.7022	40.675	0.058935	supercritical
120.00	25.767	519.32	0.0019256	17.360	19.544	72.677	39.611	88.998	357.77	1.6976	40.724	0.058988	supercritical
120.00	25.800	519.90	0.0019234	17.355	19.539	72.657	39.612	88.983	358.08	1.6930	40.773	0.059041	supercritical
120.00	25.833	520.49	0.0019213	17.350	19.534	72.637	39.612	88.967	358.39	1.6885	40.822	0.059094	supercritical
120.00	25.867	521.07	0.0019191	17.344	19.529	72.618	39.613	88.952	358.71	1.6839	40.871	0.059147	supercritical
120.00	25.900	521.65	0.0019170	17.339	19.524	72.598	39.613	88.936	359.02	1.6794	40.919	0.059200	supercritical
120.00	25.933	522.23	0.0019149	17.334	19.519	72.578	39.614	88.920	359.33	1.6748	40.968	0.059253	supercritical
120.00	25.967	522.81	0.0019127	17.328	19.514	72.558	39.614	88.904	359.64	1.6703	41.017	0.059306	supercritical
120.00	26.000	523.39	0.0019106	17.323	19.509	72.538	39.615	88.888	359.95	1.6658	41.065	0.059359	supercritical
120.00	26.033	523.96	0.0019085	17.318	19.504	72.519	39.615	88.871	360.26	1.6613	41.114	0.059412	supercritical
120.00	26.067	524.54	0.0019064	17.312	19.499	72.499	39.616	88.855	360.57	1.6569	41.163	0.059464	supercritical
120.00	26.100	525.11	0.0019044	17.307	19.494	72.480	39.616	88.838	360.89	1.6524	41.211	0.059517	supercritical
120.00	26.133	525.69	0.0019023	17.302	19.490	72.460	39.617	88.822	361.20	1.6480	41.260	0.059570	supercritical
120.00	26.167	526.26	0.0019002	17.296	19.485	72.441	39.617	88.805	361.51	1.6435	41.308	0.059622	supercritical
120.00	26.200	526.83	0.0018981	17.291	19.480	72.421	39.618	88.788	361.82	1.6391	41.357	0.059674	supercritical
120.00	26.233	527.40	0.0018961	17.286	19.475	72.402	39.618	88.771	362.14	1.6347	41.405	0.059727	supercritical
120.00	26.267	527.97	0.0018940	17.281	19.470	72.382	39.618	88.753	362.45	1.6303	41.454	0.059779	supercritical
120.00	26.300	528.54	0.0018920	17.275	19.465	72.363	39.619	88.736	362.76	1.6259	41.502	0.059831	supercritical
120.00	26.333	529.10	0.0018900	17.270	19.461	72.344	39.619	88.718	363.08	1.6216	41.551	0.059884	supercritical
120.00	26.367	529.67	0.0018880	17.265	19.456	72.325	39.620	88.701	363.39	1.6172	41.599	0.059936	supercritical
120.00	26.400	530.23	0.0018860	17.260	19.451	72.305	39.620	88.683	363.70	1.6129	41.648	0.059988	supercritical
120.00	26.433	530.80	0.0018840	17.255	19.446	72.286	39.620	88.665	364.02	1.6086	41.696	0.060040	supercritical
120.00	26.467	531.36	0.0018820	17.249	19.441	72.267	39.621	88.647	364.33	1.6043	41.744	0.060092	supercritical
120.00	26.500	531.92	0.0018800	17.244	19.437	72.248	39.621	88.629	364.65	1.6000	41.793	0.060144	supercritical
120.00	26.533	532.48	0.0018780	17.239	19.432	72.229	39.621	88.611	364.96	1.5957	41.841	0.060196	supercritical
120.00	26.567	533.04	0.0018760	17.234	19.427	72.210	39.622	88.592	365.27	1.5914	41.889	0.060247	supercritical
120.00	26.600	533.60	0.0018741	17.229	19.423	72.191	39.622	88.574	365.59	1.5871	41.938	0.060299	supercritical
120.00	26.633	534.16	0.0018721	17.224	19.418	72.172	39.622	88.555	365.90	1.5829	41.986	0.060351	supercritical
120.00	26.667	534.71	0.0018702	17.218	19.413	72.153	39.623	88.537	366.22	1.5787	42.034	0.060402	supercritical
120.00	26.700	535.27	0.0018682	17.213	19.409	72.135	39.623	88.518	366.53	1.5744	42.082	0.060454	supercritical
120.00	26.733	535.82	0.0018663	17.208	19.404	72.116	39.623	88.499	366.85	1.5702	42.130	0.060505	supercritical
120.00	26.767	536.37	0.0018644	17.203	19.399	72.097	39.624	88.480	367.16	1.5660	42.179	0.060557	supercritical
120.00	26.800	536.92	0.0018625	17.198	19.395	72.078	39.624	88.461	367.48	1.5619	42.227	0.060608	supercritical
120.00	26.833	537.48	0.0018606	17.193	19.390	72.060	39.624	88.442	367.79	1.5577	42.275	0.060659	supercritical
120.00	26.867	538.02	0.0018587	17.188	19.386	72.041	39.625	88.422	368.11	1.5535	42.323	0.060711	supercritical
120.00	26.900	538.57	0.0018568	17.183	19.381	72.023	39.625	88.403	368.42	1.5494	42.371	0.060762	supercritical
120.00	26.933	539.12	0.0018549	17.178	19.376	72.004	39.625	88.383	368.74	1.5453	42.419	0.060813	supercritical
120.00	26.967	539.67	0.0018530	17.173	19.372	71.986	39.625	88.364	369.06	1.5412	42.467	0.060864	supercritical
120.00	27.000	540.21	0.0018511	17.168	19.367	71.967	39.626	88.344	369.37	1.5371	42.515	0.060915	supercritical
120.00	27.033	540.76	0.0018493	17.163	19.363	71.949	39.626	88.324	369.69	1.5330	42.563	0.060966	supercritical
120.00	27.067	541.30	0.0018474	17.158	19.358	71.930	39.626	88.305	370.00	1.5289	42.610	0.061017	supercritical
120.00	27.100	541.84	0.0018456	17.153	19.354	71.912	39.627	88.285	370.32	1.5248	42.658	0.061067	supercritical
120.00	27.133	542.38	0.0018437	17.148	19.349	71.894	39.627	88.265	370.64	1.5208	42.706	0.061118	supercritical
120.00	27.167	542.92	0.0018419	17.143	19.345	71.876	39.627	88.244	370.95	1.5167	42.754	0.061169	supercritical
120.00	27.200	543.46	0.0018401	17.138	19.340	71.857	39.627	88.224	371.27	1.5127	42.802	0.061219	supercritical
120.00	27.233	544.00	0.0018382	17.133	19.336	71.839	39.627	88.204	371.58	1.5087	42.849	0.061270	supercritical
120.00	27.267	544.54	0.0018364	17.128	19.332	71.821	39.628	88.183	371.90	1.5047	42.897	0.061320	supercritical
120.00	27.300	545.07	0.0018346	17.123	19.327	71.803	39.628	88.163	372.22	1.5007	42.945	0.061371	supercritical
120.00	27.333	545.61	0.0018328	17.118	19.323	71.785	39.628	88.142	372.53	1.4967	42.993	0.061421	supercritical
120.00	27.367	546.14	0.0018310	17.113	19.318	71.767	39.628	88.122	372.85	1.4927	43.040	0.061472	supercritical
120.00	27.400	546.67	0.0018292	17.108	19.314	71.749	39.629	88.101	373.17	1.4888	43.088	0.061522	supercritical
120.00	27.433	547.20	0.0018275	17.103	19.310	71.731	39.629	88.080	373.49	1.4848	43.135	0.061572	supercritical
120.00	27.467	547.73	0.0018257	17.098	19.305	71.713	39.629	88.059	373.80	1.4809	43.183	0.061622	supercritical
120.00	27.500	548.26	0.0018239	17.093	19.301	71.695	39.629	88.038	374.12	1.4770	43.230	0.061672	supercritical
120.00	27.533	548.79	0.0018222	17.089	19.297	71.678	39.629	88.017	374.44	1.4731	43.278	0.061722	supercritical
120.00	27.567	549.32	0.0018204	17.084	19.292	71.660	39.630	87.996	374.75	1.4692	43.325	0.061772	supercritical
120.00	27.600	549.85	0.0018187	17.079	19.288	71.642	39.630	87.975	375.07	1.4653	43.373	0.061822	supercritical
120.00	27.633	550.37	0.0018170	17.074	19.284	71.624	39.630	87.954	375.39	1.4614	43.420	0.061872	supercritical
120.00	27.667	550.90	0.0018152	17.069	19.279	71.607	39.630	87.933	375.71	1.4576	43.468	0.061922	supercritical
120.00	27.700	551.42	0.0018135	17.064	19.275	71.589	39.630	87.911	376.02	1.4537	43.515	0.061972	supercritical
120.00	27.733	551.94	0.0018118	17.059	19.271	71.571	39.630	87.890	376.34	1.4499	43.562	0.062021	supercritical
120.00	27.767	552.46	0.0018101	17.055	19.267	71.554	39.631	87.868	376.66	1.4461	43.610	0.062071	supercritical
120.00	27.800	552.98	0.0018084	17.050	19.262	71.536	39.631	87.847	376.98	1.4423	43.657	0.062121	supercritical
120.00	27.833	553.50	0.0018067	17.045	19.258	71.519	39.631	87.825	377.29	1.4385	43.704	0.062170	supercritical
120.00	27.867	554.02	0.0018050	17.040	19.254	71.501	39.631	87.804	377.61	1.4347	43.751	0.062220	supercritical
120.00	27.900	554.54	0.0018033	17.036	19.250	71.484	39.631	87.782	377.93	1.4309	43.798	0.062269	supercritical
120.00	27.933	555.06	0.0018016	17.031	19.246	71.467	39.631	87.760	378.25	1.4272	43.846	0.062318	supercritical
120.00	27.967	555.57	0.0017999	17.026	19.241	71.449	39.631	87.738	378.57	1.4234	43.893	0.062368	supercritical
120.00	28.000	556.09	0.0017983	17.021	19.237	71.432	39.632	87.716	378.88	1.4197	43.940	0.062417	supercritical
120.00	28.033	556.60	0.0017966	17.017	19.233	71.415	39.632	87.694	379.20	1.4159	43.987	0.062466	supercritical
120.00	28.067	557.11	0.0017950	17.012	19.229	71.398	39.632	87.672	379.52	1.4122	44.034	0.062515	supercritical
120.00	28.100	557.62	0.0017933	17.007	19.225	71.380	39.632	87.650	379.84	1.4085	44.081	0.062564	supercritical
120.00	28.133	558.13	0.0017917	17.002	19.221	71.363	39.632	87.628	380.16	1.4048	44.128	0.062613	supercritical
120.00	28.167	558.64	0.0017900	16.998	19.217	71.346	39.632	87.606	380.47	1.4012	44.175	0.062662	supercritical
120.00	28.200	559.15	0.0017884	16.993	19.213	71.329	39.632	87.584	380.79	1.3975	44.222	0.062711	supercritical
120.00	28.233	559.66	0.0017868	16.988	19.208	71.312	39.632	87.562	381.11	1.3938	44.269	0.062760	supercritical
120.00	28.267	560.17	0.0017852	16.984	19.204	71.295	39.633	87.539	381.43	1.3902	44.315	0.062809	supercritical
120.00	28.300	560.67	0.0017836	16.979	19.200	71.278	39.633	87.517	381.75	1.3865	44.362	0.062857	supercritical
120.00	28.333	561.18	0.0017820	16.974	19.196	71.261	39.633	87.494	382.06	1.3829	44.409	0.062906	supercritical
120.00	28.367	561.68	0.0017804	16.970	19.192	71.244	39.633	87.472	382.38	1.3793	44.456	0.062955	supercritical
120.00	28.400	562.18	0.0017788	16.965	19.188	71.228	39.633	87.450	382.70	1.3757	44.502	0.063003	supercritical
120.00	28.433	562.68	0.0017772	16.960	19.184	71.211	39.633	87.427	383.02	1.3721	44.549	0.063052	supercritical
120.00	28.467	563.19	0.0017756	16.956	19.180	71.194	39.633	87.404	383.34	1.3685	44.596	0.063100	supercritical
120.00	28.500	563.68	0.0017740	16.951	19.176	71.177	39.633	87.382	383.66	1.3650	44.642	0.063148	supercritical
120.00	28.533	564.18	0.0017725	16.947	19.172	71.160	39.633	87.359	383.97	1.3614	44.689	0.063197	supercritical
120.00	28.567	564.68	0.0017709	16.942	19.168	71.144	39.633	87.336	384.29	1.3579	44.736	0.063245	supercritical
120.00	28.600	565.18	0.0017694	16.937	19.164	71.127	39.634	87.314	384.61	1.3543	44.782	0.063293	supercritical
120.00	28.633	565.67	0.0017678	16.933	19.160	71.111	39.634	87.291	384.93	1.3508	44.829	0.063341	supercritical
120.00	28.667	566.17	0.0017663	16.928	19.157	71.094	39.634	87.268	385.25	1.3473	44.875	0.063390	supercritical
120.00	28.700	566.66	0.0017647	16.924	19.153	71.077	39.634	87.245	385.57	1.3438	44.921	0.063438	supercritical
120.00	28.733	567.16	0.0017632	16.919	19.149	71.061	39.634	87.222	385.88	1.3403	44.968	0.063486	supercritical
120.00	28.767	567.65	0.0017617	16.915	19.145	71.044	39.634	87.199	386.20	1.3368	45.014	0.063534	supercritical
120.00	28.800	568.14	0.0017601	16.910	19.141	71.028	39.634	87.177	386.52	1.3334	45.061	0.063581	supercritical
120.00	28.833	568.63	0.0017586	16.906	19.137	71.012	39.634	87.154	386.84	1.3299	45.107	0.063629	supercritical
120.00	28.867	569.12	0.0017571	16.901	19.133	70.995	39.634	87.131	387.16	1.3265	45.153	0.063677	supercritical
120.00	28.900	569.61	0.0017556	16.896	19.129	70.979	39.634	87.108	387.48	1.3230	45.199	0.063725	supercritical
120.00	28.933	570.10	0.0017541	16.892	19.126	70.963	39.634	87.084	387.79	1.3196	45.246	0.063773	supercritical
120.00	28.967	570.58	0.0017526	16.887	19.122	70.946	39.634	87.061	388.11	1.3162	45.292	0.063820	supercritical
120.00	29.000	571.07	0.0017511	16.883	19.118	70.930	39.634	87.038	388.43	1.3128	45.338	0.063868	supercritical
120.00	29.033	571.55	0.0017496	16.879	19.114	70.914	39.634	87.015	388.75	1.3094	45.384	0.063915	supercritical
120.00	29.067	572.04	0.0017481	16.874	19.110	70.898	39.634	86.992	389.07	1.3060	45.430	0.063963	supercritical
120.00	29.100	572.52	0.0017467	16.870	19.107	70.882	39.634	86.969	389.38	1.3026	45.476	0.064010	supercritical
120.00	29.133	573.00	0.0017452	16.865	19.103	70.865	39.634	86.946	389.70	1.2993	45.522	0.064057	supercritical
120.00	29.167	573.48	0.0017437	16.861	19.099	70.849	39.635	86.922	390.02	1.2959	45.568	0.064105	supercritical
120.00	29.200	573.96	0.0017423	16.856	19.095	70.833	39.635	86.899	390.34	1.2926	45.614	0.064152	supercritical
120.00	29.233	574.44	0.0017408	16.852	19.092	70.817	39.635	86.876	390.66	1.2893	45.660	0.064199	supercritical
120.00	29.267	574.92	0.0017394	16.847	19.088	70.801	39.635	86.852	390.98	1.2859	45.706	0.064246	supercritical
120.00	29.300	575.40	0.0017379	16.843	19.084	70.785	39.635	86.829	391.29	1.2826	45.752	0.064293	supercritical
120.00	29.333	575.87	0.0017365	16.839	19.080	70.769	39.635	86.806	391.61	1.2793	45.798	0.064341	supercritical
120.00	29.367	576.35	0.0017351	16.834	19.077	70.754	39.635	86.782	391.93	1.2760	45.843	0.064387	supercritical
120.00	29.400	576.82	0.0017336	16.830	19.073	70.738	39.635	86.759	392.25	1.2728	45.889	0.064434	supercritical
120.00	29.433	577.30	0.0017322	16.825	19.069	70.722	39.635	86.736	392.57	1.2695	45.935	0.064481	supercritical
120.00	29.467	577.77	0.0017308	16.821	19.066	70.706	39.635	86.712	392.88	1.2662	45.981	0.064528	supercritical
120.00	29.500	578.24	0.0017294	16.817	19.062	70.690	39.635	86.689	393.20	1.2630	46.026	0.064575	supercritical
120.00	29.533	578.71	0.0017280	16.812	19.058	70.675	39.635	86.665	393.52	1.2597	46.072	0.064622	supercritical
120.00	29.567	579.18	0.0017266	16.808	19.055	70.659	39.635	86.642	393.84	1.2565	46.118	0.064668	supercritical
120.00	29.600	579.65	0.0017252	16.804	19.051	70.643	39.635	86.618	394.15	1.2533	46.163	0.064715	supercritical
120.00	29.633	580.12	0.0017238	16.799	19.047	70.628	39.635	86.595	394.47	1.2501	46.209	0.064762	supercritical
120.00	29.667	580.59	0.0017224	16.795	19.044	70.612	39.635	86.571	394.79	1.2469	46.254	0.064808	supercritical
120.00	29.700	581.06	0.0017210	16.791	19.040	70.597	39.635	86.548	395.11	1.2437	46.300	0.064855	supercritical
120.00	29.733	581.52	0.0017196	16.786	19.037	70.581	39.635	86.524	395.42	1.2405	46.345	0.064901	supercritical
120.00	29.767	581.99	0.0017183	16.782	19.033	70.565	39.635	86.501	395.74	1.2374	46.391	0.064947	supercritical
120.00	29.800	582.45	0.0017169	16.778	19.030	70.550	39.635	86.477	396.06	1.2342	46.436	0.064994	supercritical
120.00	29.833	582.91	0.0017155	16.774	19.026	70.535	39.635	86.453	396.38	1.2311	46.481	0.065040	supercritical
120.00	29.867	583.38	0.0017142	16.769	19.022	70.519	39.635	86.430	396.69	1.2279	46.527	0.065086	supercritical
120.00	29.900	583.84	0.0017128	16.765	19.019	70.504	39.635	86.406	397.01	1.2248	46.572	0.065132	supercritical
120.00	29.933	584.30	0.0017115	16.761	19.015	70.488	39.635	86.383	397.33	1.2217	46.617	0.065178	supercritical
120.00	29.967	584.76	0.0017101	16.757	19.012	70.473	39.635	86.359	397.65	1.2186	46.662	0.065225	supercritical
120.00	30.000	585.22	0.0017088	16.752	19.008	70.458	39.635	86.335	397.96	1.2155	46.707	0.065271	supercritical
