Temperature (C)	Pressure (MPa)	Density (kg/m3)	Volume (m3/kg)	Internal Energy (kJ/mol)	Enthalpy (kJ/mol)	Entropy (J/mol*K)	Cv (J/mol*K)	Cp (J/mol*K)	Sound Spd. (m/s)	Joule-Thomson (K/MPa)	Viscosity (uPa*s)	Therm. Cond. (W/m*K)	Phase
130.00	10.000	159.06	0.0062870	21.275	24.042	89.733	36.458	58.046	288.84	4.4935	22.559	0.031948	supercritical
130.00	10.033	159.69	0.0062619	21.268	24.033	89.688	36.469	58.124	288.82	4.4892	22.575	0.031984	supercritical
130.00	10.067	160.33	0.0062371	21.261	24.024	89.644	36.480	58.202	288.80	4.4848	22.592	0.032020	supercritical
130.00	10.100	160.97	0.0062123	21.254	24.016	89.600	36.491	58.279	288.78	4.4804	22.608	0.032056	supercritical
130.00	10.133	161.61	0.0061878	21.247	24.007	89.555	36.503	58.357	288.76	4.4761	22.625	0.032092	supercritical
130.00	10.167	162.25	0.0061634	21.241	23.998	89.511	36.514	58.435	288.74	4.4717	22.642	0.032128	supercritical
130.00	10.200	162.89	0.0061392	21.234	23.990	89.467	36.525	58.513	288.72	4.4673	22.658	0.032164	supercritical
130.00	10.233	163.53	0.0061151	21.227	23.981	89.423	36.536	58.592	288.70	4.4628	22.675	0.032201	supercritical
130.00	10.267	164.17	0.0060912	21.220	23.972	89.380	36.547	58.670	288.68	4.4584	22.692	0.032237	supercritical
130.00	10.300	164.81	0.0060675	21.213	23.963	89.336	36.559	58.749	288.67	4.4539	22.709	0.032274	supercritical
130.00	10.333	165.46	0.0060439	21.206	23.955	89.292	36.570	58.827	288.65	4.4495	22.726	0.032311	supercritical
130.00	10.367	166.10	0.0060204	21.199	23.946	89.249	36.581	58.906	288.63	4.4450	22.743	0.032348	supercritical
130.00	10.400	166.75	0.0059972	21.192	23.937	89.205	36.592	58.985	288.62	4.4405	22.760	0.032385	supercritical
130.00	10.433	167.39	0.0059740	21.185	23.928	89.162	36.603	59.064	288.60	4.4360	22.778	0.032422	supercritical
130.00	10.467	168.04	0.0059511	21.178	23.920	89.118	36.614	59.143	288.59	4.4314	22.795	0.032459	supercritical
130.00	10.500	168.68	0.0059282	21.172	23.911	89.075	36.625	59.223	288.57	4.4269	22.812	0.032496	supercritical
130.00	10.533	169.33	0.0059056	21.165	23.902	89.032	36.636	59.302	288.56	4.4223	22.830	0.032533	supercritical
130.00	10.567	169.98	0.0058830	21.158	23.893	88.989	36.648	59.382	288.54	4.4177	22.847	0.032571	supercritical
130.00	10.600	170.63	0.0058607	21.151	23.885	88.946	36.659	59.462	288.53	4.4132	22.865	0.032609	supercritical
130.00	10.633	171.28	0.0058384	21.144	23.876	88.903	36.670	59.541	288.52	4.4086	22.882	0.032646	supercritical
130.00	10.667	171.93	0.0058163	21.137	23.867	88.860	36.681	59.621	288.51	4.4039	22.900	0.032684	supercritical
130.00	10.700	172.58	0.0057944	21.130	23.858	88.817	36.692	59.701	288.49	4.3993	22.918	0.032722	supercritical
130.00	10.733	173.23	0.0057726	21.123	23.850	88.774	36.703	59.782	288.48	4.3947	22.936	0.032760	supercritical
130.00	10.767	173.89	0.0057509	21.116	23.841	88.731	36.714	59.862	288.47	4.3900	22.954	0.032798	supercritical
130.00	10.800	174.54	0.0057294	21.109	23.832	88.689	36.725	59.943	288.46	4.3853	22.972	0.032837	supercritical
130.00	10.833	175.19	0.0057080	21.102	23.823	88.646	36.736	60.023	288.45	4.3807	22.990	0.032875	supercritical
130.00	10.867	175.85	0.0056867	21.095	23.815	88.604	36.747	60.104	288.44	4.3760	23.008	0.032913	supercritical
130.00	10.900	176.50	0.0056656	21.088	23.806	88.561	36.758	60.185	288.43	4.3712	23.026	0.032952	supercritical
130.00	10.933	177.16	0.0056446	21.081	23.797	88.519	36.769	60.266	288.43	4.3665	23.044	0.032991	supercritical
130.00	10.967	177.82	0.0056238	21.074	23.788	88.477	36.780	60.347	288.42	4.3618	23.063	0.033030	supercritical
130.00	11.000	178.48	0.0056030	21.067	23.780	88.435	36.791	60.428	288.41	4.3570	23.081	0.033068	supercritical
130.00	11.033	179.13	0.0055824	21.060	23.771	88.392	36.802	60.509	288.41	4.3522	23.099	0.033108	supercritical
130.00	11.067	179.79	0.0055620	21.053	23.762	88.350	36.813	60.591	288.40	4.3475	23.118	0.033147	supercritical
130.00	11.100	180.45	0.0055416	21.046	23.753	88.308	36.824	60.672	288.39	4.3427	23.137	0.033186	supercritical
130.00	11.133	181.11	0.0055214	21.039	23.744	88.266	36.835	60.754	288.39	4.3378	23.155	0.033225	supercritical
130.00	11.167	181.78	0.0055013	21.032	23.736	88.225	36.846	60.836	288.38	4.3330	23.174	0.033265	supercritical
130.00	11.200	182.44	0.0054813	21.025	23.727	88.183	36.857	60.918	288.38	4.3282	23.193	0.033304	supercritical
130.00	11.233	183.10	0.0054615	21.018	23.718	88.141	36.868	61.000	288.38	4.3233	23.212	0.033344	supercritical
130.00	11.267	183.76	0.0054418	21.011	23.709	88.099	36.878	61.082	288.37	4.3185	23.231	0.033384	supercritical
130.00	11.300	184.43	0.0054222	21.004	23.701	88.058	36.889	61.164	288.37	4.3136	23.250	0.033424	supercritical
130.00	11.333	185.09	0.0054027	20.997	23.692	88.016	36.900	61.246	288.37	4.3087	23.269	0.033464	supercritical
130.00	11.367	185.76	0.0053833	20.990	23.683	87.975	36.911	61.329	288.37	4.3038	23.288	0.033504	supercritical
130.00	11.400	186.42	0.0053641	20.983	23.674	87.934	36.922	61.411	288.37	4.2988	23.308	0.033544	supercritical
130.00	11.433	187.09	0.0053450	20.976	23.665	87.892	36.933	61.494	288.37	4.2939	23.327	0.033584	supercritical
130.00	11.467	187.76	0.0053260	20.969	23.657	87.851	36.944	61.577	288.37	4.2889	23.346	0.033625	supercritical
130.00	11.500	188.43	0.0053071	20.962	23.648	87.810	36.954	61.660	288.37	4.2840	23.366	0.033665	supercritical
130.00	11.533	189.10	0.0052883	20.955	23.639	87.769	36.965	61.743	288.37	4.2790	23.386	0.033706	supercritical
130.00	11.567	189.77	0.0052696	20.948	23.630	87.728	36.976	61.826	288.37	4.2740	23.405	0.033747	supercritical
130.00	11.600	190.44	0.0052511	20.941	23.621	87.687	36.987	61.909	288.38	4.2690	23.425	0.033788	supercritical
130.00	11.633	191.11	0.0052326	20.933	23.612	87.646	36.997	61.992	288.38	4.2640	23.445	0.033829	supercritical
130.00	11.667	191.78	0.0052143	20.926	23.604	87.605	37.008	62.076	288.38	4.2589	23.465	0.033870	supercritical
130.00	11.700	192.45	0.0051961	20.919	23.595	87.564	37.019	62.159	288.39	4.2539	23.485	0.033911	supercritical
130.00	11.733	193.13	0.0051779	20.912	23.586	87.523	37.030	62.243	288.39	4.2488	23.505	0.033953	supercritical
130.00	11.767	193.80	0.0051599	20.905	23.577	87.483	37.040	62.326	288.40	4.2438	23.525	0.033994	supercritical
130.00	11.800	194.48	0.0051420	20.898	23.568	87.442	37.051	62.410	288.40	4.2387	23.545	0.034036	supercritical
130.00	11.833	195.15	0.0051242	20.891	23.560	87.401	37.062	62.494	288.41	4.2336	23.565	0.034077	supercritical
130.00	11.867	195.83	0.0051065	20.884	23.551	87.361	37.072	62.578	288.42	4.2285	23.586	0.034119	supercritical
130.00	11.900	196.50	0.0050890	20.877	23.542	87.321	37.083	62.662	288.43	4.2233	23.606	0.034161	supercritical
130.00	11.933	197.18	0.0050715	20.870	23.533	87.280	37.094	62.746	288.43	4.2182	23.627	0.034203	supercritical
130.00	11.967	197.86	0.0050541	20.863	23.524	87.240	37.104	62.830	288.44	4.2130	23.647	0.034245	supercritical
130.00	12.000	198.54	0.0050368	20.855	23.515	87.200	37.115	62.914	288.45	4.2079	23.668	0.034287	supercritical
130.00	12.033	199.22	0.0050196	20.848	23.507	87.159	37.126	62.999	288.46	4.2027	23.689	0.034330	supercritical
130.00	12.067	199.90	0.0050026	20.841	23.498	87.119	37.136	63.083	288.47	4.1975	23.709	0.034372	supercritical
130.00	12.100	200.58	0.0049856	20.834	23.489	87.079	37.147	63.168	288.48	4.1923	23.730	0.034415	supercritical
130.00	12.133	201.26	0.0049687	20.827	23.480	87.039	37.157	63.252	288.50	4.1871	23.751	0.034457	supercritical
130.00	12.167	201.94	0.0049519	20.820	23.471	86.999	37.168	63.337	288.51	4.1818	23.772	0.034500	supercritical
130.00	12.200	202.62	0.0049352	20.813	23.463	86.959	37.178	63.422	288.52	4.1766	23.793	0.034543	supercritical
130.00	12.233	203.31	0.0049186	20.806	23.454	86.920	37.189	63.507	288.54	4.1713	23.815	0.034586	supercritical
130.00	12.267	203.99	0.0049021	20.798	23.445	86.880	37.199	63.592	288.55	4.1660	23.836	0.034629	supercritical
130.00	12.300	204.68	0.0048857	20.791	23.436	86.840	37.210	63.677	288.56	4.1608	23.857	0.034672	supercritical
130.00	12.333	205.36	0.0048694	20.784	23.427	86.800	37.220	63.762	288.58	4.1555	23.879	0.034715	supercritical
130.00	12.367	206.05	0.0048532	20.777	23.418	86.761	37.231	63.847	288.60	4.1501	23.900	0.034759	supercritical
130.00	12.400	206.73	0.0048371	20.770	23.410	86.721	37.241	63.932	288.61	4.1448	23.922	0.034802	supercritical
130.00	12.433	207.42	0.0048211	20.763	23.401	86.682	37.252	64.017	288.63	4.1395	23.943	0.034846	supercritical
130.00	12.467	208.11	0.0048051	20.755	23.392	86.642	37.262	64.103	288.65	4.1341	23.965	0.034890	supercritical
130.00	12.500	208.80	0.0047893	20.748	23.383	86.603	37.272	64.188	288.67	4.1288	23.987	0.034934	supercritical
130.00	12.533	209.49	0.0047735	20.741	23.374	86.564	37.283	64.274	288.69	4.1234	24.009	0.034978	supercritical
130.00	12.567	210.18	0.0047579	20.734	23.365	86.524	37.293	64.359	288.71	4.1180	24.031	0.035022	supercritical
130.00	12.600	210.87	0.0047423	20.727	23.357	86.485	37.303	64.445	288.73	4.1126	24.053	0.035066	supercritical
130.00	12.633	211.56	0.0047268	20.720	23.348	86.446	37.314	64.530	288.75	4.1072	24.075	0.035110	supercritical
130.00	12.667	212.25	0.0047114	20.712	23.339	86.407	37.324	64.616	288.77	4.1018	24.097	0.035155	supercritical
130.00	12.700	212.94	0.0046961	20.705	23.330	86.368	37.334	64.702	288.79	4.0963	24.120	0.035199	supercritical
130.00	12.733	213.64	0.0046808	20.698	23.321	86.329	37.345	64.788	288.82	4.0909	24.142	0.035244	supercritical
130.00	12.767	214.33	0.0046657	20.691	23.312	86.290	37.355	64.873	288.84	4.0854	24.165	0.035288	supercritical
130.00	12.800	215.02	0.0046506	20.684	23.304	86.251	37.365	64.959	288.86	4.0800	24.187	0.035333	supercritical
130.00	12.833	215.72	0.0046357	20.677	23.295	86.212	37.375	65.045	288.89	4.0745	24.210	0.035378	supercritical
130.00	12.867	216.41	0.0046208	20.669	23.286	86.174	37.386	65.131	288.91	4.0690	24.233	0.035423	supercritical
130.00	12.900	217.11	0.0046060	20.662	23.277	86.135	37.396	65.217	288.94	4.0635	24.255	0.035468	supercritical
130.00	12.933	217.81	0.0045912	20.655	23.268	86.096	37.406	65.303	288.97	4.0579	24.278	0.035514	supercritical
130.00	12.967	218.50	0.0045766	20.648	23.259	86.058	37.416	65.390	288.99	4.0524	24.301	0.035559	supercritical
130.00	13.000	219.20	0.0045620	20.640	23.251	86.019	37.426	65.476	289.02	4.0469	24.324	0.035604	supercritical
130.00	13.033	219.90	0.0045475	20.633	23.242	85.981	37.436	65.562	289.05	4.0413	24.348	0.035650	supercritical
130.00	13.067	220.60	0.0045331	20.626	23.233	85.942	37.446	65.648	289.08	4.0357	24.371	0.035696	supercritical
130.00	13.100	221.30	0.0045188	20.619	23.224	85.904	37.457	65.735	289.11	4.0302	24.394	0.035741	supercritical
130.00	13.133	222.00	0.0045045	20.612	23.215	85.866	37.467	65.821	289.14	4.0246	24.418	0.035787	supercritical
130.00	13.167	222.70	0.0044903	20.604	23.206	85.827	37.477	65.907	289.17	4.0190	24.441	0.035833	supercritical
130.00	13.200	223.40	0.0044763	20.597	23.198	85.789	37.487	65.994	289.20	4.0134	24.465	0.035879	supercritical
130.00	13.233	224.10	0.0044622	20.590	23.189	85.751	37.497	66.080	289.24	4.0077	24.488	0.035926	supercritical
130.00	13.267	224.81	0.0044483	20.583	23.180	85.713	37.507	66.166	289.27	4.0021	24.512	0.035972	supercritical
130.00	13.300	225.51	0.0044344	20.575	23.171	85.675	37.517	66.253	289.30	3.9964	24.536	0.036018	supercritical
130.00	13.333	226.21	0.0044206	20.568	23.162	85.637	37.527	66.339	289.34	3.9908	24.560	0.036065	supercritical
130.00	13.367	226.92	0.0044069	20.561	23.153	85.599	37.537	66.426	289.38	3.9851	24.584	0.036111	supercritical
130.00	13.400	227.62	0.0043933	20.554	23.145	85.561	37.546	66.513	289.41	3.9794	24.608	0.036158	supercritical
130.00	13.433	228.33	0.0043797	20.546	23.136	85.523	37.556	66.599	289.45	3.9737	24.632	0.036205	supercritical
130.00	13.467	229.03	0.0043662	20.539	23.127	85.485	37.566	66.686	289.49	3.9680	24.656	0.036252	supercritical
130.00	13.500	229.74	0.0043528	20.532	23.118	85.448	37.576	66.772	289.52	3.9623	24.680	0.036299	supercritical
130.00	13.533	230.45	0.0043394	20.525	23.109	85.410	37.586	66.859	289.56	3.9566	24.705	0.036346	supercritical
130.00	13.567	231.15	0.0043261	20.517	23.100	85.372	37.596	66.945	289.60	3.9508	24.729	0.036393	supercritical
130.00	13.600	231.86	0.0043129	20.510	23.092	85.335	37.606	67.032	289.64	3.9451	24.754	0.036441	supercritical
130.00	13.633	232.57	0.0042998	20.503	23.083	85.297	37.615	67.119	289.68	3.9393	24.778	0.036488	supercritical
130.00	13.667	233.28	0.0042867	20.496	23.074	85.260	37.625	67.205	289.72	3.9336	24.803	0.036536	supercritical
130.00	13.700	233.99	0.0042737	20.488	23.065	85.222	37.635	67.292	289.77	3.9278	24.828	0.036583	supercritical
130.00	13.733	234.70	0.0042608	20.481	23.056	85.185	37.645	67.378	289.81	3.9220	24.853	0.036631	supercritical
130.00	13.767	235.41	0.0042479	20.474	23.048	85.148	37.654	67.465	289.85	3.9162	24.878	0.036679	supercritical
130.00	13.800	236.12	0.0042351	20.467	23.039	85.110	37.664	67.552	289.90	3.9104	24.903	0.036727	supercritical
130.00	13.833	236.83	0.0042224	20.459	23.030	85.073	37.674	67.638	289.94	3.9045	24.928	0.036775	supercritical
130.00	13.867	237.54	0.0042098	20.452	23.021	85.036	37.683	67.725	289.99	3.8987	24.953	0.036823	supercritical
130.00	13.900	238.26	0.0041972	20.445	23.012	84.999	37.693	67.812	290.03	3.8929	24.979	0.036871	supercritical
130.00	13.933	238.97	0.0041846	20.438	23.004	84.962	37.702	67.898	290.08	3.8870	25.004	0.036919	supercritical
130.00	13.967	239.68	0.0041722	20.430	22.995	84.925	37.712	67.985	290.13	3.8812	25.030	0.036968	supercritical
130.00	14.000	240.40	0.0041598	20.423	22.986	84.888	37.722	68.071	290.18	3.8753	25.055	0.037016	supercritical
130.00	14.033	241.11	0.0041475	20.416	22.977	84.851	37.731	68.158	290.23	3.8694	25.081	0.037065	supercritical
130.00	14.067	241.83	0.0041352	20.408	22.968	84.814	37.741	68.244	290.28	3.8635	25.107	0.037114	supercritical
130.00	14.100	242.54	0.0041230	20.401	22.960	84.777	37.750	68.331	290.33	3.8576	25.133	0.037163	supercritical
130.00	14.133	243.26	0.0041109	20.394	22.951	84.740	37.760	68.417	290.38	3.8517	25.158	0.037212	supercritical
130.00	14.167	243.97	0.0040988	20.387	22.942	84.704	37.769	68.504	290.43	3.8458	25.184	0.037261	supercritical
130.00	14.200	244.69	0.0040868	20.379	22.933	84.667	37.778	68.590	290.48	3.8398	25.211	0.037310	supercritical
130.00	14.233	245.41	0.0040748	20.372	22.925	84.630	37.788	68.676	290.54	3.8339	25.237	0.037359	supercritical
130.00	14.267	246.13	0.0040629	20.365	22.916	84.594	37.797	68.763	290.59	3.8279	25.263	0.037408	supercritical
130.00	14.300	246.85	0.0040511	20.357	22.907	84.557	37.807	68.849	290.65	3.8220	25.289	0.037458	supercritical
130.00	14.333	247.56	0.0040394	20.350	22.898	84.521	37.816	68.935	290.70	3.8160	25.316	0.037507	supercritical
130.00	14.367	248.28	0.0040276	20.343	22.889	84.484	37.825	69.022	290.76	3.8100	25.342	0.037557	supercritical
130.00	14.400	249.00	0.0040160	20.336	22.881	84.448	37.834	69.108	290.82	3.8040	25.369	0.037606	supercritical
130.00	14.433	249.72	0.0040044	20.328	22.872	84.412	37.844	69.194	290.87	3.7980	25.396	0.037656	supercritical
130.00	14.467	250.44	0.0039929	20.321	22.863	84.375	37.853	69.280	290.93	3.7920	25.423	0.037706	supercritical
130.00	14.500	251.17	0.0039814	20.314	22.854	84.339	37.862	69.366	290.99	3.7860	25.449	0.037756	supercritical
130.00	14.533	251.89	0.0039700	20.306	22.846	84.303	37.871	69.452	291.05	3.7800	25.476	0.037806	supercritical
130.00	14.567	252.61	0.0039587	20.299	22.837	84.267	37.881	69.538	291.11	3.7740	25.503	0.037856	supercritical
130.00	14.600	253.33	0.0039474	20.292	22.828	84.231	37.890	69.624	291.18	3.7679	25.531	0.037906	supercritical
130.00	14.633	254.05	0.0039362	20.284	22.819	84.195	37.899	69.710	291.24	3.7619	25.558	0.037957	supercritical
130.00	14.667	254.78	0.0039250	20.277	22.811	84.159	37.908	69.796	291.30	3.7558	25.585	0.038007	supercritical
130.00	14.700	255.50	0.0039139	20.270	22.802	84.123	37.917	69.881	291.36	3.7497	25.613	0.038057	supercritical
130.00	14.733	256.22	0.0039028	20.263	22.793	84.087	37.926	69.967	291.43	3.7437	25.640	0.038108	supercritical
130.00	14.767	256.95	0.0038918	20.255	22.784	84.051	37.935	70.053	291.49	3.7376	25.668	0.038159	supercritical
130.00	14.800	257.67	0.0038809	20.248	22.776	84.015	37.944	70.138	291.56	3.7315	25.695	0.038209	supercritical
130.00	14.833	258.40	0.0038700	20.241	22.767	83.979	37.953	70.224	291.63	3.7254	25.723	0.038260	supercritical
130.00	14.867	259.12	0.0038592	20.233	22.758	83.944	37.962	70.309	291.69	3.7193	25.751	0.038311	supercritical
130.00	14.900	259.85	0.0038484	20.226	22.750	83.908	37.971	70.394	291.76	3.7132	25.779	0.038362	supercritical
130.00	14.933	260.57	0.0038377	20.219	22.741	83.873	37.980	70.479	291.83	3.7070	25.807	0.038413	supercritical
130.00	14.967	261.30	0.0038270	20.211	22.732	83.837	37.989	70.565	291.90	3.7009	25.835	0.038465	supercritical
130.00	15.000	262.03	0.0038164	20.204	22.723	83.802	37.998	70.650	291.97	3.6948	25.863	0.038516	supercritical
130.00	15.033	262.76	0.0038058	20.197	22.715	83.766	38.007	70.735	292.04	3.6886	25.891	0.038567	supercritical
130.00	15.067	263.48	0.0037953	20.189	22.706	83.731	38.015	70.820	292.12	3.6825	25.920	0.038619	supercritical
130.00	15.100	264.21	0.0037849	20.182	22.697	83.695	38.024	70.904	292.19	3.6763	25.948	0.038670	supercritical
130.00	15.133	264.94	0.0037745	20.175	22.689	83.660	38.033	70.989	292.26	3.6701	25.977	0.038722	supercritical
130.00	15.167	265.67	0.0037641	20.168	22.680	83.625	38.042	71.074	292.34	3.6640	26.005	0.038773	supercritical
130.00	15.200	266.40	0.0037538	20.160	22.671	83.590	38.050	71.158	292.41	3.6578	26.034	0.038825	supercritical
130.00	15.233	267.13	0.0037436	20.153	22.663	83.554	38.059	71.243	292.49	3.6516	26.063	0.038877	supercritical
130.00	15.267	267.86	0.0037334	20.146	22.654	83.519	38.068	71.327	292.56	3.6454	26.092	0.038929	supercritical
130.00	15.300	268.59	0.0037232	20.138	22.645	83.484	38.076	71.411	292.64	3.6392	26.121	0.038981	supercritical
130.00	15.333	269.32	0.0037131	20.131	22.637	83.449	38.085	71.495	292.72	3.6330	26.150	0.039033	supercritical
130.00	15.367	270.05	0.0037031	20.124	22.628	83.414	38.094	71.579	292.80	3.6267	26.179	0.039085	supercritical
130.00	15.400	270.78	0.0036931	20.116	22.619	83.379	38.102	71.663	292.88	3.6205	26.208	0.039138	supercritical
130.00	15.433	271.51	0.0036831	20.109	22.611	83.344	38.111	71.747	292.96	3.6143	26.238	0.039190	supercritical
130.00	15.467	272.24	0.0036732	20.102	22.602	83.310	38.119	71.831	293.04	3.6081	26.267	0.039242	supercritical
130.00	15.500	272.97	0.0036634	20.094	22.593	83.275	38.128	71.914	293.12	3.6018	26.297	0.039295	supercritical
130.00	15.533	273.70	0.0036536	20.087	22.585	83.240	38.136	71.998	293.21	3.5956	26.326	0.039347	supercritical
130.00	15.567	274.43	0.0036439	20.080	22.576	83.205	38.144	72.081	293.29	3.5893	26.356	0.039400	supercritical
130.00	15.600	275.17	0.0036342	20.073	22.568	83.171	38.153	72.164	293.37	3.5830	26.386	0.039453	supercritical
130.00	15.633	275.90	0.0036245	20.065	22.559	83.136	38.161	72.247	293.46	3.5768	26.415	0.039506	supercritical
130.00	15.667	276.63	0.0036149	20.058	22.550	83.102	38.170	72.330	293.54	3.5705	26.445	0.039558	supercritical
130.00	15.700	277.37	0.0036054	20.051	22.542	83.067	38.178	72.413	293.63	3.5642	26.475	0.039611	supercritical
130.00	15.733	278.10	0.0035958	20.043	22.533	83.033	38.186	72.496	293.72	3.5579	26.506	0.039664	supercritical
130.00	15.767	278.83	0.0035864	20.036	22.525	82.998	38.195	72.578	293.81	3.5516	26.536	0.039718	supercritical
130.00	15.800	279.57	0.0035770	20.029	22.516	82.964	38.203	72.661	293.90	3.5453	26.566	0.039771	supercritical
130.00	15.833	280.30	0.0035676	20.021	22.507	82.930	38.211	72.743	293.99	3.5390	26.596	0.039824	supercritical
130.00	15.867	281.03	0.0035583	20.014	22.499	82.896	38.219	72.825	294.08	3.5327	26.627	0.039877	supercritical
130.00	15.900	281.77	0.0035490	20.007	22.490	82.861	38.227	72.907	294.17	3.5264	26.657	0.039931	supercritical
130.00	15.933	282.50	0.0035398	19.999	22.482	82.827	38.235	72.989	294.26	3.5201	26.688	0.039984	supercritical
130.00	15.967	283.24	0.0035306	19.992	22.473	82.793	38.244	73.070	294.35	3.5137	26.719	0.040038	supercritical
130.00	16.000	283.97	0.0035214	19.985	22.465	82.759	38.252	73.152	294.45	3.5074	26.749	0.040091	supercritical
130.00	16.033	284.71	0.0035123	19.978	22.456	82.725	38.260	73.233	294.54	3.5011	26.780	0.040145	supercritical
130.00	16.067	285.45	0.0035033	19.970	22.447	82.691	38.268	73.315	294.64	3.4947	26.811	0.040199	supercritical
130.00	16.100	286.18	0.0034943	19.963	22.439	82.657	38.276	73.396	294.73	3.4884	26.842	0.040252	supercritical
130.00	16.133	286.92	0.0034853	19.956	22.430	82.623	38.284	73.476	294.83	3.4820	26.874	0.040306	supercritical
130.00	16.167	287.65	0.0034764	19.948	22.422	82.590	38.292	73.557	294.93	3.4757	26.905	0.040360	supercritical
130.00	16.200	288.39	0.0034675	19.941	22.413	82.556	38.300	73.638	295.03	3.4693	26.936	0.040414	supercritical
130.00	16.233	289.13	0.0034587	19.934	22.405	82.522	38.308	73.718	295.12	3.4630	26.968	0.040468	supercritical
130.00	16.267	289.86	0.0034499	19.927	22.396	82.488	38.315	73.798	295.23	3.4566	26.999	0.040522	supercritical
130.00	16.300	290.60	0.0034412	19.919	22.388	82.455	38.323	73.878	295.33	3.4502	27.031	0.040576	supercritical
130.00	16.333	291.34	0.0034325	19.912	22.379	82.421	38.331	73.958	295.43	3.4438	27.062	0.040631	supercritical
130.00	16.367	292.07	0.0034238	19.905	22.371	82.388	38.339	74.038	295.53	3.4375	27.094	0.040685	supercritical
130.00	16.400	292.81	0.0034152	19.897	22.362	82.354	38.347	74.117	295.63	3.4311	27.126	0.040739	supercritical
130.00	16.433	293.55	0.0034066	19.890	22.354	82.321	38.354	74.197	295.74	3.4247	27.158	0.040794	supercritical
130.00	16.467	294.28	0.0033981	19.883	22.345	82.287	38.362	74.276	295.84	3.4183	27.190	0.040848	supercritical
130.00	16.500	295.02	0.0033896	19.876	22.337	82.254	38.370	74.355	295.95	3.4119	27.222	0.040903	supercritical
130.00	16.533	295.76	0.0033811	19.868	22.328	82.221	38.377	74.434	296.05	3.4055	27.254	0.040957	supercritical
130.00	16.567	296.50	0.0033727	19.861	22.320	82.188	38.385	74.512	296.16	3.3991	27.286	0.041012	supercritical
130.00	16.600	297.23	0.0033643	19.854	22.312	82.154	38.392	74.591	296.27	3.3927	27.319	0.041067	supercritical
130.00	16.633	297.97	0.0033560	19.846	22.303	82.121	38.400	74.669	296.38	3.3863	27.351	0.041121	supercritical
130.00	16.667	298.71	0.0033477	19.839	22.295	82.088	38.408	74.747	296.49	3.3799	27.383	0.041176	supercritical
130.00	16.700	299.45	0.0033395	19.832	22.286	82.055	38.415	74.824	296.60	3.3735	27.416	0.041231	supercritical
130.00	16.733	300.19	0.0033313	19.825	22.278	82.022	38.423	74.902	296.71	3.3670	27.449	0.041286	supercritical
130.00	16.767	300.92	0.0033231	19.817	22.270	81.989	38.430	74.979	296.82	3.3606	27.482	0.041341	supercritical
130.00	16.800	301.66	0.0033150	19.810	22.261	81.956	38.437	75.057	296.94	3.3542	27.514	0.041396	supercritical
130.00	16.833	302.40	0.0033069	19.803	22.253	81.923	38.445	75.134	297.05	3.3478	27.547	0.041451	supercritical
130.00	16.867	303.14	0.0032988	19.796	22.244	81.891	38.452	75.210	297.16	3.3413	27.580	0.041506	supercritical
130.00	16.900	303.88	0.0032908	19.788	22.236	81.858	38.459	75.287	297.28	3.3349	27.613	0.041562	supercritical
130.00	16.933	304.62	0.0032828	19.781	22.228	81.825	38.467	75.363	297.39	3.3285	27.647	0.041617	supercritical
130.00	16.967	305.35	0.0032749	19.774	22.219	81.792	38.474	75.439	297.51	3.3220	27.680	0.041672	supercritical
130.00	17.000	306.09	0.0032670	19.767	22.211	81.760	38.481	75.515	297.63	3.3156	27.713	0.041727	supercritical
130.00	17.033	306.83	0.0032591	19.759	22.203	81.727	38.489	75.591	297.75	3.3092	27.747	0.041783	supercritical
130.00	17.067	307.57	0.0032513	19.752	22.194	81.695	38.496	75.666	297.87	3.3027	27.780	0.041838	supercritical
130.00	17.100	308.31	0.0032435	19.745	22.186	81.662	38.503	75.741	297.99	3.2963	27.814	0.041894	supercritical
130.00	17.133	309.05	0.0032358	19.738	22.178	81.630	38.510	75.816	298.11	3.2898	27.847	0.041949	supercritical
130.00	17.167	309.79	0.0032280	19.730	22.169	81.597	38.517	75.891	298.23	3.2834	27.881	0.042005	supercritical
130.00	17.200	310.52	0.0032204	19.723	22.161	81.565	38.524	75.965	298.35	3.2769	27.915	0.042061	supercritical
130.00	17.233	311.26	0.0032127	19.716	22.153	81.533	38.531	76.040	298.48	3.2705	27.949	0.042116	supercritical
130.00	17.267	312.00	0.0032051	19.709	22.144	81.501	38.538	76.114	298.60	3.2640	27.983	0.042172	supercritical
130.00	17.300	312.74	0.0031976	19.702	22.136	81.468	38.545	76.188	298.72	3.2576	28.017	0.042228	supercritical
130.00	17.333	313.48	0.0031900	19.694	22.128	81.436	38.552	76.261	298.85	3.2511	28.051	0.042284	supercritical
130.00	17.367	314.22	0.0031825	19.687	22.120	81.404	38.559	76.334	298.98	3.2447	28.085	0.042339	supercritical
130.00	17.400	314.95	0.0031751	19.680	22.111	81.372	38.566	76.407	299.10	3.2382	28.120	0.042395	supercritical
130.00	17.433	315.69	0.0031676	19.673	22.103	81.340	38.573	76.480	299.23	3.2318	28.154	0.042451	supercritical
130.00	17.467	316.43	0.0031603	19.666	22.095	81.308	38.580	76.553	299.36	3.2253	28.188	0.042507	supercritical
130.00	17.500	317.17	0.0031529	19.658	22.087	81.276	38.586	76.625	299.49	3.2189	28.223	0.042563	supercritical
130.00	17.533	317.91	0.0031456	19.651	22.078	81.245	38.593	76.697	299.62	3.2124	28.258	0.042619	supercritical
130.00	17.567	318.64	0.0031383	19.644	22.070	81.213	38.600	76.769	299.75	3.2059	28.292	0.042675	supercritical
130.00	17.600	319.38	0.0031311	19.637	22.062	81.181	38.607	76.840	299.88	3.1995	28.327	0.042731	supercritical
130.00	17.633	320.12	0.0031238	19.630	22.054	81.149	38.613	76.912	300.02	3.1930	28.362	0.042788	supercritical
130.00	17.667	320.86	0.0031167	19.622	22.046	81.118	38.620	76.983	300.15	3.1866	28.397	0.042844	supercritical
130.00	17.700	321.59	0.0031095	19.615	22.037	81.086	38.627	77.054	300.28	3.1801	28.432	0.042900	supercritical
130.00	17.733	322.33	0.0031024	19.608	22.029	81.054	38.633	77.124	300.42	3.1737	28.467	0.042956	supercritical
130.00	17.767	323.07	0.0030953	19.601	22.021	81.023	38.640	77.194	300.56	3.1672	28.502	0.043013	supercritical
130.00	17.800	323.81	0.0030883	19.594	22.013	80.992	38.646	77.264	300.69	3.1607	28.538	0.043069	supercritical
130.00	17.833	324.54	0.0030813	19.587	22.005	80.960	38.653	77.334	300.83	3.1543	28.573	0.043125	supercritical
130.00	17.867	325.28	0.0030743	19.579	21.997	80.929	38.659	77.403	300.97	3.1478	28.608	0.043182	supercritical
130.00	17.900	326.02	0.0030673	19.572	21.989	80.897	38.666	77.472	301.11	3.1414	28.644	0.043238	supercritical
130.00	17.933	326.75	0.0030604	19.565	21.981	80.866	38.672	77.541	301.25	3.1349	28.679	0.043295	supercritical
130.00	17.967	327.49	0.0030535	19.558	21.972	80.835	38.679	77.610	301.39	3.1285	28.715	0.043351	supercritical
130.00	18.000	328.23	0.0030467	19.551	21.964	80.804	38.685	77.678	301.53	3.1220	28.751	0.043408	supercritical
130.00	18.033	328.96	0.0030399	19.544	21.956	80.773	38.691	77.746	301.67	3.1156	28.787	0.043464	supercritical
130.00	18.067	329.70	0.0030331	19.537	21.948	80.742	38.698	77.814	301.82	3.1091	28.822	0.043521	supercritical
130.00	18.100	330.43	0.0030263	19.529	21.940	80.711	38.704	77.881	301.96	3.1027	28.858	0.043577	supercritical
130.00	18.133	331.17	0.0030196	19.522	21.932	80.680	38.710	77.949	302.10	3.0962	28.894	0.043634	supercritical
130.00	18.167	331.90	0.0030129	19.515	21.924	80.649	38.716	78.015	302.25	3.0898	28.931	0.043691	supercritical
130.00	18.200	332.64	0.0030063	19.508	21.916	80.618	38.723	78.082	302.40	3.0833	28.967	0.043747	supercritical
130.00	18.233	333.37	0.0029996	19.501	21.908	80.587	38.729	78.148	302.54	3.0769	29.003	0.043804	supercritical
130.00	18.267	334.11	0.0029930	19.494	21.900	80.556	38.735	78.214	302.69	3.0704	29.039	0.043861	supercritical
130.00	18.300	334.84	0.0029865	19.487	21.892	80.526	38.741	78.280	302.84	3.0640	29.076	0.043918	supercritical
130.00	18.333	335.58	0.0029799	19.480	21.884	80.495	38.747	78.345	302.99	3.0575	29.112	0.043974	supercritical
130.00	18.367	336.31	0.0029734	19.473	21.876	80.464	38.753	78.411	303.14	3.0511	29.149	0.044031	supercritical
130.00	18.400	337.05	0.0029670	19.465	21.868	80.434	38.759	78.475	303.29	3.0447	29.185	0.044088	supercritical
130.00	18.433	337.78	0.0029605	19.458	21.860	80.403	38.765	78.540	303.44	3.0382	29.222	0.044145	supercritical
130.00	18.467	338.51	0.0029541	19.451	21.852	80.373	38.771	78.604	303.60	3.0318	29.259	0.044202	supercritical
130.00	18.500	339.25	0.0029477	19.444	21.844	80.342	38.777	78.668	303.75	3.0254	29.296	0.044259	supercritical
130.00	18.533	339.98	0.0029414	19.437	21.836	80.312	38.783	78.732	303.90	3.0190	29.332	0.044316	supercritical
130.00	18.567	340.71	0.0029350	19.430	21.828	80.282	38.789	78.795	304.06	3.0125	29.369	0.044373	supercritical
130.00	18.600	341.44	0.0029287	19.423	21.820	80.251	38.795	78.858	304.21	3.0061	29.407	0.044429	supercritical
130.00	18.633	342.18	0.0029225	19.416	21.813	80.221	38.800	78.921	304.37	2.9997	29.444	0.044486	supercritical
130.00	18.667	342.91	0.0029162	19.409	21.805	80.191	38.806	78.983	304.53	2.9933	29.481	0.044543	supercritical
130.00	18.700	343.64	0.0029100	19.402	21.797	80.161	38.812	79.045	304.68	2.9869	29.518	0.044600	supercritical
130.00	18.733	344.37	0.0029039	19.395	21.789	80.131	38.818	79.107	304.84	2.9805	29.555	0.044657	supercritical
130.00	18.767	345.10	0.0028977	19.388	21.781	80.101	38.823	79.169	305.00	2.9741	29.593	0.044714	supercritical
130.00	18.800	345.83	0.0028916	19.381	21.773	80.071	38.829	79.230	305.16	2.9677	29.630	0.044771	supercritical
130.00	18.833	346.56	0.0028855	19.374	21.765	80.041	38.835	79.291	305.32	2.9613	29.668	0.044829	supercritical
130.00	18.867	347.29	0.0028794	19.367	21.758	80.011	38.840	79.351	305.49	2.9549	29.705	0.044886	supercritical
130.00	18.900	348.02	0.0028734	19.360	21.750	79.981	38.846	79.411	305.65	2.9485	29.743	0.044943	supercritical
130.00	18.933	348.75	0.0028674	19.353	21.742	79.951	38.851	79.471	305.81	2.9421	29.781	0.045000	supercritical
130.00	18.967	349.48	0.0028614	19.346	21.734	79.921	38.857	79.531	305.98	2.9357	29.819	0.045057	supercritical
130.00	19.000	350.21	0.0028554	19.339	21.726	79.892	38.862	79.590	306.14	2.9293	29.857	0.045114	supercritical
130.00	19.033	350.94	0.0028495	19.332	21.719	79.862	38.868	79.649	306.31	2.9230	29.895	0.045171	supercritical
130.00	19.067	351.66	0.0028436	19.325	21.711	79.832	38.873	79.707	306.47	2.9166	29.933	0.045228	supercritical
130.00	19.100	352.39	0.0028378	19.318	21.703	79.803	38.879	79.766	306.64	2.9102	29.971	0.045285	supercritical
130.00	19.133	353.12	0.0028319	19.311	21.695	79.773	38.884	79.824	306.81	2.9039	30.009	0.045342	supercritical
130.00	19.167	353.85	0.0028261	19.304	21.688	79.744	38.889	79.881	306.98	2.8975	30.047	0.045400	supercritical
130.00	19.200	354.57	0.0028203	19.297	21.680	79.715	38.895	79.939	307.15	2.8912	30.085	0.045457	supercritical
130.00	19.233	355.30	0.0028145	19.290	21.672	79.685	38.900	79.996	307.32	2.8848	30.124	0.045514	supercritical
130.00	19.267	356.02	0.0028088	19.283	21.665	79.656	38.905	80.052	307.49	2.8785	30.162	0.045571	supercritical
130.00	19.300	356.75	0.0028031	19.276	21.657	79.627	38.911	80.109	307.66	2.8721	30.200	0.045628	supercritical
130.00	19.333	357.47	0.0027974	19.269	21.649	79.597	38.916	80.165	307.83	2.8658	30.239	0.045686	supercritical
130.00	19.367	358.20	0.0027918	19.262	21.642	79.568	38.921	80.220	308.00	2.8595	30.278	0.045743	supercritical
130.00	19.400	358.92	0.0027861	19.255	21.634	79.539	38.926	80.276	308.18	2.8531	30.316	0.045800	supercritical
130.00	19.433	359.65	0.0027805	19.248	21.626	79.510	38.931	80.331	308.35	2.8468	30.355	0.045857	supercritical
130.00	19.467	360.37	0.0027749	19.241	21.619	79.481	38.936	80.385	308.53	2.8405	30.394	0.045914	supercritical
130.00	19.500	361.09	0.0027694	19.234	21.611	79.452	38.941	80.440	308.70	2.8342	30.433	0.045971	supercritical
130.00	19.533	361.81	0.0027639	19.228	21.603	79.423	38.946	80.494	308.88	2.8279	30.472	0.046029	supercritical
130.00	19.567	362.54	0.0027584	19.221	21.596	79.394	38.951	80.547	309.06	2.8216	30.511	0.046086	supercritical
130.00	19.600	363.26	0.0027529	19.214	21.588	79.366	38.956	80.601	309.23	2.8153	30.550	0.046143	supercritical
130.00	19.633	363.98	0.0027474	19.207	21.581	79.337	38.961	80.654	309.41	2.8090	30.589	0.046200	supercritical
130.00	19.667	364.70	0.0027420	19.200	21.573	79.308	38.966	80.706	309.59	2.8027	30.628	0.046257	supercritical
130.00	19.700	365.42	0.0027366	19.193	21.566	79.280	38.971	80.759	309.77	2.7964	30.667	0.046315	supercritical
130.00	19.733	366.14	0.0027312	19.186	21.558	79.251	38.976	80.811	309.95	2.7902	30.706	0.046372	supercritical
130.00	19.767	366.86	0.0027259	19.179	21.551	79.222	38.981	80.862	310.14	2.7839	30.746	0.046429	supercritical
130.00	19.800	367.58	0.0027205	19.173	21.543	79.194	38.986	80.913	310.32	2.7776	30.785	0.046486	supercritical
130.00	19.833	368.29	0.0027152	19.166	21.536	79.165	38.990	80.964	310.50	2.7714	30.825	0.046543	supercritical
130.00	19.867	369.01	0.0027099	19.159	21.528	79.137	38.995	81.015	310.69	2.7651	30.864	0.046601	supercritical
130.00	19.900	369.73	0.0027047	19.152	21.521	79.109	39.000	81.065	310.87	2.7589	30.904	0.046658	supercritical
130.00	19.933	370.45	0.0026995	19.145	21.513	79.080	39.005	81.115	311.06	2.7527	30.943	0.046715	supercritical
130.00	19.967	371.16	0.0026942	19.138	21.506	79.052	39.009	81.165	311.24	2.7464	30.983	0.046772	supercritical
130.00	20.000	371.88	0.0026891	19.132	21.498	79.024	39.014	81.214	311.43	2.7402	31.023	0.046829	supercritical
130.00	20.033	372.59	0.0026839	19.125	21.491	78.996	39.019	81.263	311.62	2.7340	31.063	0.046886	supercritical
130.00	20.067	373.31	0.0026788	19.118	21.484	78.968	39.023	81.312	311.80	2.7278	31.102	0.046943	supercritical
130.00	20.100	374.02	0.0026736	19.111	21.476	78.940	39.028	81.360	311.99	2.7216	31.142	0.047001	supercritical
130.00	20.133	374.73	0.0026686	19.104	21.469	78.912	39.032	81.408	312.18	2.7154	31.182	0.047058	supercritical
130.00	20.167	375.45	0.0026635	19.098	21.461	78.884	39.037	81.455	312.37	2.7092	31.222	0.047115	supercritical
130.00	20.200	376.16	0.0026584	19.091	21.454	78.856	39.041	81.503	312.56	2.7030	31.262	0.047172	supercritical
130.00	20.233	376.87	0.0026534	19.084	21.447	78.828	39.046	81.550	312.76	2.6969	31.303	0.047229	supercritical
130.00	20.267	377.58	0.0026484	19.077	21.439	78.800	39.050	81.596	312.95	2.6907	31.343	0.047286	supercritical
130.00	20.300	378.29	0.0026434	19.071	21.432	78.772	39.054	81.642	313.14	2.6845	31.383	0.047343	supercritical
130.00	20.333	379.01	0.0026385	19.064	21.425	78.745	39.059	81.688	313.33	2.6784	31.423	0.047400	supercritical
130.00	20.367	379.72	0.0026336	19.057	21.418	78.717	39.063	81.734	313.53	2.6722	31.464	0.047457	supercritical
130.00	20.400	380.42	0.0026286	19.050	21.410	78.689	39.068	81.779	313.72	2.6661	31.504	0.047514	supercritical
130.00	20.433	381.13	0.0026238	19.044	21.403	78.662	39.072	81.824	313.92	2.6600	31.545	0.047571	supercritical
130.00	20.467	381.84	0.0026189	19.037	21.396	78.634	39.076	81.868	314.12	2.6538	31.585	0.047628	supercritical
130.00	20.500	382.55	0.0026140	19.030	21.389	78.607	39.080	81.912	314.31	2.6477	31.626	0.047685	supercritical
130.00	20.533	383.26	0.0026092	19.023	21.381	78.579	39.085	81.956	314.51	2.6416	31.666	0.047742	supercritical
130.00	20.567	383.96	0.0026044	19.017	21.374	78.552	39.089	81.999	314.71	2.6355	31.707	0.047799	supercritical
130.00	20.600	384.67	0.0025996	19.010	21.367	78.525	39.093	82.043	314.91	2.6294	31.748	0.047856	supercritical
130.00	20.633	385.37	0.0025949	19.003	21.360	78.497	39.097	82.085	315.11	2.6233	31.788	0.047913	supercritical
130.00	20.667	386.08	0.0025902	18.997	21.353	78.470	39.101	82.128	315.31	2.6172	31.829	0.047970	supercritical
130.00	20.700	386.78	0.0025854	18.990	21.345	78.443	39.105	82.170	315.51	2.6112	31.870	0.048027	supercritical
130.00	20.733	387.48	0.0025807	18.983	21.338	78.416	39.109	82.211	315.71	2.6051	31.911	0.048084	supercritical
130.00	20.767	388.19	0.0025761	18.977	21.331	78.389	39.113	82.253	315.91	2.5991	31.952	0.048141	supercritical
130.00	20.800	388.89	0.0025714	18.970	21.324	78.362	39.117	82.294	316.12	2.5930	31.993	0.048198	supercritical
130.00	20.833	389.59	0.0025668	18.963	21.317	78.335	39.121	82.335	316.32	2.5870	32.034	0.048254	supercritical
130.00	20.867	390.29	0.0025622	18.957	21.310	78.308	39.125	82.375	316.52	2.5810	32.075	0.048311	supercritical
130.00	20.900	390.99	0.0025576	18.950	21.303	78.281	39.129	82.415	316.73	2.5749	32.116	0.048368	supercritical
130.00	20.933	391.69	0.0025530	18.944	21.296	78.254	39.133	82.455	316.93	2.5689	32.157	0.048425	supercritical
130.00	20.967	392.39	0.0025485	18.937	21.289	78.227	39.137	82.494	317.14	2.5629	32.199	0.048482	supercritical
130.00	21.000	393.09	0.0025440	18.930	21.282	78.201	39.141	82.533	317.35	2.5569	32.240	0.048538	supercritical
130.00	21.033	393.79	0.0025395	18.924	21.275	78.174	39.145	82.572	317.55	2.5509	32.281	0.048595	supercritical
130.00	21.067	394.48	0.0025350	18.917	21.268	78.147	39.149	82.610	317.76	2.5450	32.323	0.048652	supercritical
130.00	21.100	395.18	0.0025305	18.911	21.261	78.121	39.152	82.648	317.97	2.5390	32.364	0.048708	supercritical
130.00	21.133	395.87	0.0025261	18.904	21.254	78.094	39.156	82.685	318.18	2.5330	32.406	0.048765	supercritical
130.00	21.167	396.57	0.0025216	18.898	21.247	78.068	39.160	82.723	318.39	2.5271	32.447	0.048822	supercritical
130.00	21.200	397.26	0.0025172	18.891	21.240	78.041	39.163	82.760	318.60	2.5211	32.489	0.048878	supercritical
130.00	21.233	397.96	0.0025128	18.884	21.233	78.015	39.167	82.796	318.81	2.5152	32.530	0.048935	supercritical
130.00	21.267	398.65	0.0025085	18.878	21.226	77.988	39.171	82.833	319.02	2.5093	32.572	0.048991	supercritical
130.00	21.300	399.34	0.0025041	18.871	21.219	77.962	39.174	82.869	319.24	2.5034	32.613	0.049048	supercritical
130.00	21.333	400.03	0.0024998	18.865	21.212	77.936	39.178	82.904	319.45	2.4974	32.655	0.049104	supercritical
130.00	21.367	400.73	0.0024955	18.858	21.205	77.910	39.182	82.939	319.66	2.4915	32.697	0.049161	supercritical
130.00	21.400	401.42	0.0024912	18.852	21.198	77.884	39.185	82.974	319.88	2.4857	32.739	0.049217	supercritical
130.00	21.433	402.10	0.0024869	18.845	21.191	77.858	39.189	83.009	320.09	2.4798	32.781	0.049274	supercritical
130.00	21.467	402.79	0.0024827	18.839	21.184	77.831	39.192	83.043	320.31	2.4739	32.823	0.049330	supercritical
130.00	21.500	403.48	0.0024784	18.832	21.178	77.805	39.196	83.077	320.52	2.4680	32.864	0.049386	supercritical
130.00	21.533	404.17	0.0024742	18.826	21.171	77.780	39.199	83.111	320.74	2.4622	32.906	0.049443	supercritical
130.00	21.567	404.86	0.0024700	18.820	21.164	77.754	39.203	83.144	320.96	2.4563	32.948	0.049499	supercritical
130.00	21.600	405.54	0.0024658	18.813	21.157	77.728	39.206	83.177	321.17	2.4505	32.990	0.049555	supercritical
130.00	21.633	406.23	0.0024617	18.807	21.150	77.702	39.210	83.209	321.39	2.4447	33.033	0.049612	supercritical
130.00	21.667	406.91	0.0024575	18.800	21.144	77.676	39.213	83.242	321.61	2.4389	33.075	0.049668	supercritical
130.00	21.700	407.59	0.0024534	18.794	21.137	77.651	39.216	83.274	321.83	2.4331	33.117	0.049724	supercritical
130.00	21.733	408.28	0.0024493	18.787	21.130	77.625	39.220	83.305	322.05	2.4273	33.159	0.049780	supercritical
130.00	21.767	408.96	0.0024452	18.781	21.123	77.599	39.223	83.336	322.27	2.4215	33.201	0.049836	supercritical
130.00	21.800	409.64	0.0024412	18.775	21.117	77.574	39.226	83.367	322.49	2.4157	33.244	0.049892	supercritical
130.00	21.833	410.32	0.0024371	18.768	21.110	77.548	39.229	83.398	322.72	2.4099	33.286	0.049949	supercritical
130.00	21.867	411.00	0.0024331	18.762	21.103	77.523	39.233	83.428	322.94	2.4042	33.328	0.050005	supercritical
130.00	21.900	411.68	0.0024291	18.755	21.097	77.497	39.236	83.458	323.16	2.3984	33.371	0.050061	supercritical
130.00	21.933	412.36	0.0024251	18.749	21.090	77.472	39.239	83.488	323.38	2.3927	33.413	0.050117	supercritical
130.00	21.967	413.04	0.0024211	18.743	21.083	77.447	39.242	83.517	323.61	2.3870	33.455	0.050173	supercritical
130.00	22.000	413.72	0.0024171	18.736	21.077	77.421	39.245	83.546	323.83	2.3813	33.498	0.050229	supercritical
130.00	22.033	414.39	0.0024132	18.730	21.070	77.396	39.248	83.575	324.06	2.3756	33.540	0.050284	supercritical
130.00	22.067	415.07	0.0024092	18.724	21.063	77.371	39.252	83.603	324.28	2.3699	33.583	0.050340	supercritical
130.00	22.100	415.74	0.0024053	18.717	21.057	77.346	39.255	83.631	324.51	2.3642	33.626	0.050396	supercritical
130.00	22.133	416.42	0.0024014	18.711	21.050	77.321	39.258	83.659	324.74	2.3585	33.668	0.050452	supercritical
130.00	22.167	417.09	0.0023976	18.705	21.044	77.296	39.261	83.686	324.97	2.3528	33.711	0.050508	supercritical
130.00	22.200	417.76	0.0023937	18.698	21.037	77.271	39.264	83.713	325.19	2.3472	33.753	0.050563	supercritical
130.00	22.233	418.43	0.0023899	18.692	21.030	77.246	39.267	83.740	325.42	2.3415	33.796	0.050619	supercritical
130.00	22.267	419.10	0.0023860	18.686	21.024	77.221	39.270	83.766	325.65	2.3359	33.839	0.050675	supercritical
130.00	22.300	419.77	0.0023822	18.679	21.017	77.196	39.273	83.792	325.88	2.3303	33.882	0.050730	supercritical
130.00	22.333	420.44	0.0023784	18.673	21.011	77.171	39.276	83.818	326.11	2.3246	33.924	0.050786	supercritical
130.00	22.367	421.11	0.0023747	18.667	21.004	77.147	39.279	83.843	326.34	2.3190	33.967	0.050842	supercritical
130.00	22.400	421.78	0.0023709	18.661	20.998	77.122	39.281	83.869	326.57	2.3134	34.010	0.050897	supercritical
130.00	22.433	422.45	0.0023672	18.654	20.992	77.097	39.284	83.893	326.81	2.3079	34.053	0.050953	supercritical
130.00	22.467	423.11	0.0023634	18.648	20.985	77.073	39.287	83.918	327.04	2.3023	34.096	0.051008	supercritical
130.00	22.500	423.78	0.0023597	18.642	20.979	77.048	39.290	83.942	327.27	2.2967	34.139	0.051064	supercritical
130.00	22.533	424.44	0.0023560	18.636	20.972	77.024	39.293	83.966	327.50	2.2912	34.182	0.051119	supercritical
130.00	22.567	425.11	0.0023524	18.630	20.966	76.999	39.296	83.989	327.74	2.2856	34.225	0.051174	supercritical
130.00	22.600	425.77	0.0023487	18.623	20.959	76.975	39.298	84.013	327.97	2.2801	34.268	0.051230	supercritical
130.00	22.633	426.43	0.0023450	18.617	20.953	76.950	39.301	84.036	328.21	2.2746	34.311	0.051285	supercritical
130.00	22.667	427.09	0.0023414	18.611	20.947	76.926	39.304	84.058	328.44	2.2691	34.354	0.051340	supercritical
130.00	22.700	427.75	0.0023378	18.605	20.940	76.902	39.306	84.081	328.68	2.2636	34.397	0.051395	supercritical
130.00	22.733	428.41	0.0023342	18.599	20.934	76.878	39.309	84.103	328.91	2.2581	34.440	0.051451	supercritical
130.00	22.767	429.07	0.0023306	18.592	20.928	76.853	39.312	84.124	329.15	2.2526	34.483	0.051506	supercritical
130.00	22.800	429.73	0.0023270	18.586	20.921	76.829	39.314	84.146	329.39	2.2471	34.527	0.051561	supercritical
130.00	22.833	430.39	0.0023235	18.580	20.915	76.805	39.317	84.167	329.63	2.2417	34.570	0.051616	supercritical
130.00	22.867	431.04	0.0023200	18.574	20.909	76.781	39.320	84.188	329.87	2.2362	34.613	0.051671	supercritical
130.00	22.900	431.70	0.0023164	18.568	20.903	76.757	39.322	84.208	330.10	2.2308	34.656	0.051726	supercritical
130.00	22.933	432.35	0.0023129	18.562	20.896	76.733	39.325	84.229	330.34	2.2253	34.700	0.051781	supercritical
130.00	22.967	433.01	0.0023094	18.556	20.890	76.709	39.327	84.248	330.58	2.2199	34.743	0.051836	supercritical
130.00	23.000	433.66	0.0023060	18.550	20.884	76.686	39.330	84.268	330.82	2.2145	34.786	0.051890	supercritical
130.00	23.033	434.31	0.0023025	18.544	20.878	76.662	39.332	84.287	331.06	2.2091	34.830	0.051945	supercritical
130.00	23.067	434.96	0.0022990	18.537	20.871	76.638	39.335	84.307	331.31	2.2037	34.873	0.052000	supercritical
130.00	23.100	435.61	0.0022956	18.531	20.865	76.614	39.337	84.325	331.55	2.1984	34.916	0.052055	supercritical
130.00	23.133	436.26	0.0022922	18.525	20.859	76.591	39.340	84.344	331.79	2.1930	34.960	0.052109	supercritical
130.00	23.167	436.91	0.0022888	18.519	20.853	76.567	39.342	84.362	332.03	2.1877	35.003	0.052164	supercritical
130.00	23.200	437.56	0.0022854	18.513	20.847	76.543	39.345	84.380	332.28	2.1823	35.047	0.052219	supercritical
130.00	23.233	438.21	0.0022820	18.507	20.841	76.520	39.347	84.397	332.52	2.1770	35.090	0.052273	supercritical
130.00	23.267	438.85	0.0022787	18.501	20.834	76.496	39.349	84.415	332.76	2.1717	35.134	0.052328	supercritical
130.00	23.300	439.50	0.0022753	18.495	20.828	76.473	39.352	84.432	333.01	2.1664	35.177	0.052382	supercritical
130.00	23.333	440.14	0.0022720	18.489	20.822	76.450	39.354	84.448	333.25	2.1611	35.221	0.052437	supercritical
130.00	23.367	440.79	0.0022687	18.483	20.816	76.426	39.356	84.465	333.50	2.1558	35.264	0.052491	supercritical
130.00	23.400	441.43	0.0022654	18.477	20.810	76.403	39.359	84.481	333.75	2.1505	35.308	0.052546	supercritical
130.00	23.433	442.07	0.0022621	18.471	20.804	76.380	39.361	84.497	333.99	2.1452	35.351	0.052600	supercritical
130.00	23.467	442.71	0.0022588	18.465	20.798	76.357	39.363	84.513	334.24	2.1400	35.395	0.052654	supercritical
130.00	23.500	443.35	0.0022555	18.459	20.792	76.333	39.365	84.528	334.49	2.1348	35.439	0.052708	supercritical
130.00	23.533	443.99	0.0022523	18.453	20.786	76.310	39.368	84.543	334.73	2.1295	35.482	0.052763	supercritical
130.00	23.567	444.63	0.0022491	18.447	20.780	76.287	39.370	84.558	334.98	2.1243	35.526	0.052817	supercritical
130.00	23.600	445.27	0.0022458	18.441	20.774	76.264	39.372	84.572	335.23	2.1191	35.570	0.052871	supercritical
130.00	23.633	445.90	0.0022426	18.436	20.768	76.241	39.374	84.586	335.48	2.1139	35.613	0.052925	supercritical
130.00	23.667	446.54	0.0022394	18.430	20.762	76.218	39.376	84.600	335.73	2.1087	35.657	0.052979	supercritical
130.00	23.700	447.18	0.0022363	18.424	20.756	76.195	39.379	84.614	335.98	2.1035	35.701	0.053033	supercritical
130.00	23.733	447.81	0.0022331	18.418	20.750	76.173	39.381	84.627	336.23	2.0984	35.744	0.053087	supercritical
130.00	23.767	448.44	0.0022299	18.412	20.744	76.150	39.383	84.641	336.48	2.0932	35.788	0.053141	supercritical
130.00	23.800	449.07	0.0022268	18.406	20.738	76.127	39.385	84.653	336.73	2.0881	35.832	0.053195	supercritical
130.00	23.833	449.71	0.0022237	18.400	20.733	76.104	39.387	84.666	336.98	2.0829	35.876	0.053248	supercritical
130.00	23.867	450.34	0.0022206	18.394	20.727	76.082	39.389	84.678	337.24	2.0778	35.920	0.053302	supercritical
130.00	23.900	450.97	0.0022175	18.388	20.721	76.059	39.391	84.690	337.49	2.0727	35.963	0.053356	supercritical
130.00	23.933	451.60	0.0022144	18.383	20.715	76.037	39.393	84.702	337.74	2.0676	36.007	0.053410	supercritical
130.00	23.967	452.22	0.0022113	18.377	20.709	76.014	39.395	84.714	337.99	2.0625	36.051	0.053463	supercritical
130.00	24.000	452.85	0.0022082	18.371	20.703	75.992	39.397	84.725	338.25	2.0575	36.095	0.053517	supercritical
130.00	24.033	453.48	0.0022052	18.365	20.698	75.969	39.399	84.736	338.50	2.0524	36.139	0.053570	supercritical
130.00	24.067	454.10	0.0022022	18.359	20.692	75.947	39.401	84.747	338.76	2.0473	36.183	0.053624	supercritical
130.00	24.100	454.73	0.0021991	18.353	20.686	75.924	39.403	84.757	339.01	2.0423	36.227	0.053677	supercritical
130.00	24.133	455.35	0.0021961	18.348	20.680	75.902	39.405	84.768	339.27	2.0373	36.270	0.053731	supercritical
130.00	24.167	455.97	0.0021931	18.342	20.674	75.880	39.407	84.778	339.52	2.0323	36.314	0.053784	supercritical
130.00	24.200	456.59	0.0021901	18.336	20.669	75.858	39.409	84.787	339.78	2.0273	36.358	0.053837	supercritical
130.00	24.233	457.21	0.0021872	18.330	20.663	75.836	39.411	84.797	340.04	2.0223	36.402	0.053891	supercritical
130.00	24.267	457.83	0.0021842	18.325	20.657	75.813	39.412	84.806	340.29	2.0173	36.446	0.053944	supercritical
130.00	24.300	458.45	0.0021812	18.319	20.652	75.791	39.414	84.815	340.55	2.0123	36.490	0.053997	supercritical
130.00	24.333	459.07	0.0021783	18.313	20.646	75.769	39.416	84.824	340.81	2.0073	36.534	0.054050	supercritical
130.00	24.367	459.69	0.0021754	18.307	20.640	75.747	39.418	84.832	341.07	2.0024	36.578	0.054103	supercritical
130.00	24.400	460.30	0.0021725	18.302	20.635	75.725	39.420	84.841	341.32	1.9974	36.622	0.054156	supercritical
130.00	24.433	460.92	0.0021696	18.296	20.629	75.704	39.422	84.849	341.58	1.9925	36.666	0.054209	supercritical
130.00	24.467	461.53	0.0021667	18.290	20.623	75.682	39.423	84.857	341.84	1.9876	36.710	0.054262	supercritical
130.00	24.500	462.15	0.0021638	18.285	20.618	75.660	39.425	84.864	342.10	1.9827	36.754	0.054315	supercritical
130.00	24.533	462.76	0.0021609	18.279	20.612	75.638	39.427	84.871	342.36	1.9778	36.798	0.054368	supercritical
130.00	24.567	463.37	0.0021581	18.273	20.606	75.616	39.429	84.879	342.62	1.9729	36.842	0.054421	supercritical
130.00	24.600	463.98	0.0021553	18.268	20.601	75.595	39.430	84.885	342.88	1.9680	36.886	0.054474	supercritical
130.00	24.633	464.59	0.0021524	18.262	20.595	75.573	39.432	84.892	343.14	1.9632	36.930	0.054526	supercritical
130.00	24.667	465.20	0.0021496	18.256	20.590	75.551	39.434	84.898	343.41	1.9583	36.974	0.054579	supercritical
130.00	24.700	465.81	0.0021468	18.251	20.584	75.530	39.435	84.904	343.67	1.9535	37.018	0.054632	supercritical
130.00	24.733	466.42	0.0021440	18.245	20.579	75.508	39.437	84.910	343.93	1.9487	37.062	0.054684	supercritical
130.00	24.767	467.02	0.0021412	18.239	20.573	75.487	39.439	84.916	344.19	1.9438	37.106	0.054737	supercritical
130.00	24.800	467.63	0.0021384	18.234	20.568	75.466	39.440	84.921	344.45	1.9390	37.150	0.054789	supercritical
130.00	24.833	468.23	0.0021357	18.228	20.562	75.444	39.442	84.927	344.72	1.9342	37.194	0.054842	supercritical
130.00	24.867	468.84	0.0021329	18.223	20.557	75.423	39.444	84.932	344.98	1.9295	37.238	0.054894	supercritical
130.00	24.900	469.44	0.0021302	18.217	20.551	75.402	39.445	84.936	345.25	1.9247	37.283	0.054946	supercritical
130.00	24.933	470.04	0.0021275	18.211	20.546	75.380	39.447	84.941	345.51	1.9199	37.327	0.054999	supercritical
130.00	24.967	470.64	0.0021248	18.206	20.540	75.359	39.448	84.945	345.77	1.9152	37.371	0.055051	supercritical
130.00	25.000	471.24	0.0021221	18.200	20.535	75.338	39.450	84.949	346.04	1.9104	37.415	0.055103	supercritical
130.00	25.033	471.84	0.0021194	18.195	20.530	75.317	39.451	84.953	346.30	1.9057	37.459	0.055155	supercritical
130.00	25.067	472.44	0.0021167	18.189	20.524	75.296	39.453	84.957	346.57	1.9010	37.503	0.055207	supercritical
130.00	25.100	473.04	0.0021140	18.184	20.519	75.275	39.454	84.960	346.84	1.8963	37.547	0.055259	supercritical
130.00	25.133	473.63	0.0021113	18.178	20.514	75.254	39.456	84.964	347.10	1.8916	37.591	0.055311	supercritical
130.00	25.167	474.23	0.0021087	18.173	20.508	75.233	39.457	84.967	347.37	1.8869	37.635	0.055363	supercritical
130.00	25.200	474.82	0.0021061	18.167	20.503	75.212	39.459	84.970	347.63	1.8823	37.679	0.055415	supercritical
130.00	25.233	475.42	0.0021034	18.162	20.498	75.191	39.460	84.972	347.90	1.8776	37.723	0.055467	supercritical
130.00	25.267	476.01	0.0021008	18.156	20.492	75.170	39.462	84.975	348.17	1.8729	37.768	0.055519	supercritical
130.00	25.300	476.60	0.0020982	18.151	20.487	75.149	39.463	84.977	348.44	1.8683	37.812	0.055571	supercritical
130.00	25.333	477.19	0.0020956	18.145	20.482	75.129	39.465	84.979	348.71	1.8637	37.856	0.055622	supercritical
130.00	25.367	477.78	0.0020930	18.140	20.476	75.108	39.466	84.981	348.97	1.8591	37.900	0.055674	supercritical
130.00	25.400	478.37	0.0020904	18.134	20.471	75.087	39.467	84.982	349.24	1.8545	37.944	0.055726	supercritical
130.00	25.433	478.96	0.0020879	18.129	20.466	75.067	39.469	84.984	349.51	1.8499	37.988	0.055777	supercritical
130.00	25.467	479.54	0.0020853	18.123	20.461	75.046	39.470	84.985	349.78	1.8453	38.032	0.055829	supercritical
130.00	25.500	480.13	0.0020828	18.118	20.455	75.026	39.472	84.986	350.05	1.8407	38.076	0.055880	supercritical
130.00	25.533	480.72	0.0020802	18.113	20.450	75.005	39.473	84.986	350.32	1.8362	38.120	0.055932	supercritical
130.00	25.567	481.30	0.0020777	18.107	20.445	74.985	39.474	84.987	350.59	1.8316	38.164	0.055983	supercritical
130.00	25.600	481.88	0.0020752	18.102	20.440	74.964	39.476	84.987	350.86	1.8271	38.209	0.056034	supercritical
130.00	25.633	482.47	0.0020727	18.096	20.435	74.944	39.477	84.988	351.13	1.8226	38.253	0.056085	supercritical
130.00	25.667	483.05	0.0020702	18.091	20.429	74.924	39.478	84.988	351.40	1.8180	38.297	0.056137	supercritical
130.00	25.700	483.63	0.0020677	18.086	20.424	74.903	39.479	84.987	351.67	1.8135	38.341	0.056188	supercritical
130.00	25.733	484.21	0.0020652	18.080	20.419	74.883	39.481	84.987	351.95	1.8090	38.385	0.056239	supercritical
130.00	25.767	484.79	0.0020628	18.075	20.414	74.863	39.482	84.987	352.22	1.8046	38.429	0.056290	supercritical
130.00	25.800	485.36	0.0020603	18.070	20.409	74.843	39.483	84.986	352.49	1.8001	38.473	0.056341	supercritical
130.00	25.833	485.94	0.0020579	18.064	20.404	74.822	39.484	84.985	352.76	1.7956	38.517	0.056392	supercritical
130.00	25.867	486.52	0.0020554	18.059	20.399	74.802	39.486	84.984	353.04	1.7912	38.561	0.056443	supercritical
130.00	25.900	487.09	0.0020530	18.054	20.394	74.782	39.487	84.982	353.31	1.7868	38.605	0.056494	supercritical
130.00	25.933	487.67	0.0020506	18.048	20.389	74.762	39.488	84.981	353.58	1.7823	38.650	0.056545	supercritical
130.00	25.967	488.24	0.0020482	18.043	20.384	74.742	39.489	84.979	353.86	1.7779	38.694	0.056595	supercritical
130.00	26.000	488.81	0.0020458	18.038	20.379	74.722	39.491	84.977	354.13	1.7735	38.738	0.056646	supercritical
130.00	26.033	489.38	0.0020434	18.032	20.374	74.703	39.492	84.975	354.40	1.7691	38.782	0.056697	supercritical
130.00	26.067	489.95	0.0020410	18.027	20.369	74.683	39.493	84.973	354.68	1.7647	38.826	0.056748	supercritical
130.00	26.100	490.52	0.0020386	18.022	20.364	74.663	39.494	84.971	354.95	1.7604	38.870	0.056798	supercritical
130.00	26.133	491.09	0.0020363	18.017	20.359	74.643	39.495	84.968	355.23	1.7560	38.914	0.056849	supercritical
130.00	26.167	491.66	0.0020339	18.011	20.354	74.623	39.496	84.966	355.50	1.7517	38.958	0.056899	supercritical
130.00	26.200	492.23	0.0020316	18.006	20.349	74.604	39.497	84.963	355.78	1.7473	39.002	0.056950	supercritical
130.00	26.233	492.79	0.0020292	18.001	20.344	74.584	39.499	84.960	356.05	1.7430	39.046	0.057000	supercritical
130.00	26.267	493.36	0.0020269	17.996	20.339	74.564	39.500	84.956	356.33	1.7387	39.090	0.057050	supercritical
130.00	26.300	493.92	0.0020246	17.990	20.334	74.545	39.501	84.953	356.61	1.7344	39.134	0.057101	supercritical
130.00	26.333	494.49	0.0020223	17.985	20.329	74.525	39.502	84.949	356.88	1.7301	39.178	0.057151	supercritical
130.00	26.367	495.05	0.0020200	17.980	20.324	74.506	39.503	84.946	357.16	1.7258	39.222	0.057201	supercritical
130.00	26.400	495.61	0.0020177	17.975	20.319	74.486	39.504	84.942	357.43	1.7215	39.266	0.057251	supercritical
130.00	26.433	496.17	0.0020154	17.970	20.314	74.467	39.505	84.938	357.71	1.7173	39.310	0.057301	supercritical
130.00	26.467	496.73	0.0020132	17.965	20.309	74.448	39.506	84.934	357.99	1.7130	39.354	0.057351	supercritical
130.00	26.500	497.29	0.0020109	17.959	20.305	74.428	39.507	84.929	358.27	1.7088	39.398	0.057401	supercritical
130.00	26.533	497.85	0.0020086	17.954	20.300	74.409	39.508	84.925	358.54	1.7045	39.442	0.057451	supercritical
130.00	26.567	498.40	0.0020064	17.949	20.295	74.390	39.509	84.920	358.82	1.7003	39.486	0.057501	supercritical
130.00	26.600	498.96	0.0020042	17.944	20.290	74.371	39.510	84.915	359.10	1.6961	39.530	0.057551	supercritical
130.00	26.633	499.52	0.0020019	17.939	20.285	74.351	39.511	84.910	359.38	1.6919	39.574	0.057601	supercritical
130.00	26.667	500.07	0.0019997	17.934	20.281	74.332	39.512	84.905	359.66	1.6877	39.618	0.057650	supercritical
130.00	26.700	500.62	0.0019975	17.929	20.276	74.313	39.513	84.900	359.94	1.6835	39.662	0.057700	supercritical
130.00	26.733	501.18	0.0019953	17.924	20.271	74.294	39.514	84.894	360.22	1.6794	39.706	0.057750	supercritical
130.00	26.767	501.73	0.0019931	17.918	20.266	74.275	39.515	84.889	360.50	1.6752	39.750	0.057799	supercritical
130.00	26.800	502.28	0.0019909	17.913	20.262	74.256	39.516	84.883	360.77	1.6711	39.794	0.057849	supercritical
130.00	26.833	502.83	0.0019888	17.908	20.257	74.237	39.517	84.877	361.05	1.6670	39.837	0.057898	supercritical
130.00	26.867	503.38	0.0019866	17.903	20.252	74.218	39.518	84.871	361.33	1.6628	39.881	0.057948	supercritical
130.00	26.900	503.92	0.0019844	17.898	20.247	74.199	39.519	84.865	361.61	1.6587	39.925	0.057997	supercritical
130.00	26.933	504.47	0.0019823	17.893	20.243	74.180	39.520	84.859	361.90	1.6546	39.969	0.058047	supercritical
130.00	26.967	505.02	0.0019801	17.888	20.238	74.162	39.521	84.852	362.18	1.6505	40.013	0.058096	supercritical
130.00	27.000	505.56	0.0019780	17.883	20.233	74.143	39.522	84.846	362.46	1.6465	40.057	0.058145	supercritical
130.00	27.033	506.11	0.0019759	17.878	20.229	74.124	39.523	84.839	362.74	1.6424	40.101	0.058194	supercritical
130.00	27.067	506.65	0.0019738	17.873	20.224	74.105	39.523	84.832	363.02	1.6383	40.144	0.058243	supercritical
130.00	27.100	507.19	0.0019716	17.868	20.220	74.087	39.524	84.825	363.30	1.6343	40.188	0.058292	supercritical
130.00	27.133	507.73	0.0019695	17.863	20.215	74.068	39.525	84.818	363.58	1.6302	40.232	0.058342	supercritical
130.00	27.167	508.27	0.0019674	17.858	20.210	74.050	39.526	84.811	363.86	1.6262	40.276	0.058391	supercritical
130.00	27.200	508.81	0.0019654	17.853	20.206	74.031	39.527	84.803	364.15	1.6222	40.320	0.058439	supercritical
130.00	27.233	509.35	0.0019633	17.848	20.201	74.013	39.528	84.796	364.43	1.6182	40.363	0.058488	supercritical
130.00	27.267	509.89	0.0019612	17.843	20.197	73.994	39.529	84.788	364.71	1.6142	40.407	0.058537	supercritical
130.00	27.300	510.43	0.0019591	17.838	20.192	73.976	39.529	84.780	364.99	1.6102	40.451	0.058586	supercritical
130.00	27.333	510.96	0.0019571	17.833	20.187	73.957	39.530	84.772	365.27	1.6062	40.495	0.058635	supercritical
130.00	27.367	511.50	0.0019550	17.828	20.183	73.939	39.531	84.764	365.56	1.6023	40.538	0.058683	supercritical
130.00	27.400	512.03	0.0019530	17.823	20.178	73.921	39.532	84.756	365.84	1.5983	40.582	0.058732	supercritical
130.00	27.433	512.57	0.0019510	17.818	20.174	73.902	39.533	84.748	366.12	1.5944	40.626	0.058781	supercritical
130.00	27.467	513.10	0.0019489	17.814	20.169	73.884	39.533	84.739	366.41	1.5905	40.669	0.058829	supercritical
130.00	27.500	513.63	0.0019469	17.809	20.165	73.866	39.534	84.731	366.69	1.5865	40.713	0.058878	supercritical
130.00	27.533	514.16	0.0019449	17.804	20.160	73.848	39.535	84.722	366.97	1.5826	40.757	0.058926	supercritical
130.00	27.567	514.69	0.0019429	17.799	20.156	73.829	39.536	84.713	367.26	1.5787	40.800	0.058975	supercritical
130.00	27.600	515.22	0.0019409	17.794	20.152	73.811	39.537	84.704	367.54	1.5748	40.844	0.059023	supercritical
130.00	27.633	515.75	0.0019389	17.789	20.147	73.793	39.537	84.695	367.83	1.5709	40.888	0.059071	supercritical
130.00	27.667	516.28	0.0019369	17.784	20.143	73.775	39.538	84.686	368.11	1.5671	40.931	0.059120	supercritical
130.00	27.700	516.80	0.0019350	17.779	20.138	73.757	39.539	84.677	368.39	1.5632	40.975	0.059168	supercritical
130.00	27.733	517.33	0.0019330	17.775	20.134	73.739	39.540	84.668	368.68	1.5594	41.018	0.059216	supercritical
130.00	27.767	517.85	0.0019310	17.770	20.129	73.721	39.540	84.658	368.96	1.5555	41.062	0.059264	supercritical
130.00	27.800	518.38	0.0019291	17.765	20.125	73.703	39.541	84.649	369.25	1.5517	41.106	0.059312	supercritical
130.00	27.833	518.90	0.0019272	17.760	20.121	73.686	39.542	84.639	369.53	1.5479	41.149	0.059360	supercritical
130.00	27.867	519.42	0.0019252	17.755	20.116	73.668	39.542	84.629	369.82	1.5441	41.193	0.059408	supercritical
130.00	27.900	519.94	0.0019233	17.750	20.112	73.650	39.543	84.619	370.10	1.5403	41.236	0.059456	supercritical
130.00	27.933	520.46	0.0019214	17.746	20.108	73.632	39.544	84.609	370.39	1.5365	41.280	0.059504	supercritical
130.00	27.967	520.98	0.0019194	17.741	20.103	73.614	39.545	84.599	370.68	1.5327	41.323	0.059552	supercritical
130.00	28.000	521.50	0.0019175	17.736	20.099	73.597	39.545	84.589	370.96	1.5289	41.367	0.059600	supercritical
130.00	28.033	522.02	0.0019156	17.731	20.095	73.579	39.546	84.578	371.25	1.5252	41.410	0.059647	supercritical
130.00	28.067	522.54	0.0019137	17.727	20.090	73.562	39.547	84.568	371.53	1.5214	41.453	0.059695	supercritical
130.00	28.100	523.05	0.0019119	17.722	20.086	73.544	39.547	84.557	371.82	1.5177	41.497	0.059743	supercritical
130.00	28.133	523.57	0.0019100	17.717	20.082	73.526	39.548	84.547	372.11	1.5140	41.540	0.059790	supercritical
130.00	28.167	524.08	0.0019081	17.712	20.078	73.509	39.549	84.536	372.39	1.5102	41.584	0.059838	supercritical
130.00	28.200	524.60	0.0019062	17.708	20.073	73.491	39.549	84.525	372.68	1.5065	41.627	0.059885	supercritical
130.00	28.233	525.11	0.0019044	17.703	20.069	73.474	39.550	84.514	372.97	1.5028	41.670	0.059933	supercritical
130.00	28.267	525.62	0.0019025	17.698	20.065	73.457	39.551	84.503	373.25	1.4992	41.714	0.059980	supercritical
130.00	28.300	526.13	0.0019007	17.693	20.061	73.439	39.551	84.492	373.54	1.4955	41.757	0.060027	supercritical
130.00	28.333	526.64	0.0018988	17.689	20.056	73.422	39.552	84.481	373.83	1.4918	41.800	0.060075	supercritical
130.00	28.367	527.15	0.0018970	17.684	20.052	73.404	39.552	84.470	374.11	1.4881	41.844	0.060122	supercritical
130.00	28.400	527.66	0.0018952	17.679	20.048	73.387	39.553	84.458	374.40	1.4845	41.887	0.060169	supercritical
130.00	28.433	528.16	0.0018933	17.675	20.044	73.370	39.554	84.447	374.69	1.4809	41.930	0.060216	supercritical
130.00	28.467	528.67	0.0018915	17.670	20.040	73.353	39.554	84.435	374.98	1.4772	41.973	0.060263	supercritical
130.00	28.500	529.18	0.0018897	17.665	20.036	73.336	39.555	84.423	375.26	1.4736	42.017	0.060310	supercritical
130.00	28.533	529.68	0.0018879	17.661	20.031	73.318	39.555	84.412	375.55	1.4700	42.060	0.060357	supercritical
130.00	28.567	530.19	0.0018861	17.656	20.027	73.301	39.556	84.400	375.84	1.4664	42.103	0.060404	supercritical
130.00	28.600	530.69	0.0018843	17.651	20.023	73.284	39.557	84.388	376.13	1.4628	42.146	0.060451	supercritical
130.00	28.633	531.19	0.0018826	17.647	20.019	73.267	39.557	84.376	376.42	1.4592	42.189	0.060498	supercritical
130.00	28.667	531.69	0.0018808	17.642	20.015	73.250	39.558	84.364	376.70	1.4557	42.232	0.060545	supercritical
130.00	28.700	532.19	0.0018790	17.638	20.011	73.233	39.558	84.352	376.99	1.4521	42.275	0.060592	supercritical
130.00	28.733	532.69	0.0018773	17.633	20.007	73.216	39.559	84.339	377.28	1.4486	42.319	0.060638	supercritical
130.00	28.767	533.19	0.0018755	17.628	20.003	73.199	39.559	84.327	377.57	1.4450	42.362	0.060685	supercritical
130.00	28.800	533.69	0.0018738	17.624	19.999	73.182	39.560	84.315	377.86	1.4415	42.405	0.060732	supercritical
130.00	28.833	534.19	0.0018720	17.619	19.995	73.166	39.560	84.302	378.15	1.4380	42.448	0.060778	supercritical
130.00	28.867	534.68	0.0018703	17.615	19.991	73.149	39.561	84.289	378.44	1.4344	42.491	0.060825	supercritical
130.00	28.900	535.18	0.0018685	17.610	19.987	73.132	39.562	84.277	378.72	1.4309	42.534	0.060871	supercritical
130.00	28.933	535.67	0.0018668	17.605	19.983	73.115	39.562	84.264	379.01	1.4275	42.577	0.060918	supercritical
130.00	28.967	536.17	0.0018651	17.601	19.979	73.099	39.563	84.251	379.30	1.4240	42.620	0.060964	supercritical
130.00	29.000	536.66	0.0018634	17.596	19.975	73.082	39.563	84.238	379.59	1.4205	42.663	0.061010	supercritical
130.00	29.033	537.15	0.0018617	17.592	19.971	73.065	39.564	84.225	379.88	1.4170	42.706	0.061057	supercritical
130.00	29.067	537.64	0.0018600	17.587	19.967	73.049	39.564	84.212	380.17	1.4136	42.748	0.061103	supercritical
130.00	29.100	538.13	0.0018583	17.583	19.963	73.032	39.565	84.199	380.46	1.4101	42.791	0.061149	supercritical
130.00	29.133	538.62	0.0018566	17.578	19.959	73.015	39.565	84.186	380.75	1.4067	42.834	0.061195	supercritical
130.00	29.167	539.11	0.0018549	17.574	19.955	72.999	39.566	84.173	381.04	1.4033	42.877	0.061241	supercritical
130.00	29.200	539.60	0.0018532	17.569	19.951	72.982	39.566	84.159	381.33	1.3998	42.920	0.061288	supercritical
130.00	29.233	540.09	0.0018516	17.565	19.947	72.966	39.567	84.146	381.62	1.3964	42.963	0.061334	supercritical
130.00	29.267	540.57	0.0018499	17.560	19.943	72.949	39.567	84.133	381.91	1.3930	43.006	0.061380	supercritical
130.00	29.300	541.06	0.0018482	17.556	19.939	72.933	39.568	84.119	382.20	1.3897	43.048	0.061425	supercritical
130.00	29.333	541.54	0.0018466	17.551	19.935	72.917	39.568	84.106	382.49	1.3863	43.091	0.061471	supercritical
130.00	29.367	542.03	0.0018449	17.547	19.931	72.900	39.569	84.092	382.78	1.3829	43.134	0.061517	supercritical
130.00	29.400	542.51	0.0018433	17.542	19.927	72.884	39.569	84.078	383.07	1.3795	43.177	0.061563	supercritical
130.00	29.433	542.99	0.0018416	17.538	19.924	72.868	39.570	84.064	383.36	1.3762	43.219	0.061609	supercritical
130.00	29.467	543.47	0.0018400	17.534	19.920	72.851	39.570	84.051	383.65	1.3728	43.262	0.061654	supercritical
130.00	29.500	543.96	0.0018384	17.529	19.916	72.835	39.570	84.037	383.94	1.3695	43.305	0.061700	supercritical
130.00	29.533	544.43	0.0018368	17.525	19.912	72.819	39.571	84.023	384.23	1.3662	43.347	0.061746	supercritical
130.00	29.567	544.91	0.0018352	17.520	19.908	72.803	39.571	84.009	384.52	1.3629	43.390	0.061791	supercritical
130.00	29.600	545.39	0.0018335	17.516	19.904	72.787	39.572	83.995	384.81	1.3596	43.432	0.061837	supercritical
130.00	29.633	545.87	0.0018319	17.511	19.901	72.771	39.572	83.980	385.10	1.3563	43.475	0.061882	supercritical
130.00	29.667	546.35	0.0018303	17.507	19.897	72.755	39.573	83.966	385.39	1.3530	43.517	0.061928	supercritical
130.00	29.700	546.82	0.0018287	17.503	19.893	72.739	39.573	83.952	385.68	1.3497	43.560	0.061973	supercritical
130.00	29.733	547.30	0.0018272	17.498	19.889	72.723	39.574	83.938	385.97	1.3464	43.603	0.062018	supercritical
130.00	29.767	547.77	0.0018256	17.494	19.885	72.707	39.574	83.923	386.26	1.3432	43.645	0.062064	supercritical
130.00	29.800	548.24	0.0018240	17.490	19.882	72.691	39.574	83.909	386.55	1.3399	43.688	0.062109	supercritical
130.00	29.833	548.72	0.0018224	17.485	19.878	72.675	39.575	83.894	386.84	1.3367	43.730	0.062154	supercritical
130.00	29.867	549.19	0.0018209	17.481	19.874	72.659	39.575	83.880	387.13	1.3334	43.772	0.062199	supercritical
130.00	29.900	549.66	0.0018193	17.477	19.871	72.643	39.576	83.865	387.43	1.3302	43.815	0.062244	supercritical
130.00	29.933	550.13	0.0018178	17.472	19.867	72.627	39.576	83.851	387.72	1.3270	43.857	0.062289	supercritical
130.00	29.967	550.60	0.0018162	17.468	19.863	72.611	39.576	83.836	388.01	1.3238	43.900	0.062334	supercritical
130.00	30.000	551.07	0.0018147	17.464	19.859	72.596	39.577	83.821	388.30	1.3206	43.942	0.062379	supercritical
