Temperature (C)	Pressure (MPa)	Density (kg/m3)	Volume (m3/kg)	Internal Energy (kJ/mol)	Enthalpy (kJ/mol)	Entropy (J/mol*K)	Cv (J/mol*K)	Cp (J/mol*K)	Sound Spd. (m/s)	Joule-Thomson (K/MPa)	Viscosity (uPa*s)	Therm. Cond. (W/m*K)	Phase
140.00	10.000	151.89	0.0065838	21.716	24.614	91.134	36.457	56.422	294.84	4.2453	22.846	0.032274	supercritical
140.00	10.033	152.48	0.0065582	21.710	24.606	91.091	36.467	56.487	294.82	4.2415	22.860	0.032306	supercritical
140.00	10.067	153.08	0.0065327	21.704	24.598	91.049	36.477	56.553	294.81	4.2376	22.875	0.032338	supercritical
140.00	10.100	153.67	0.0065074	21.697	24.590	91.006	36.487	56.618	294.79	4.2338	22.890	0.032370	supercritical
140.00	10.133	154.27	0.0064823	21.691	24.582	90.964	36.497	56.684	294.78	4.2299	22.905	0.032402	supercritical
140.00	10.167	154.86	0.0064574	21.685	24.574	90.922	36.507	56.749	294.76	4.2261	22.920	0.032434	supercritical
140.00	10.200	155.46	0.0064326	21.678	24.566	90.879	36.517	56.815	294.75	4.2222	22.935	0.032467	supercritical
140.00	10.233	156.06	0.0064080	21.672	24.558	90.837	36.526	56.881	294.73	4.2183	22.951	0.032499	supercritical
140.00	10.267	156.65	0.0063835	21.665	24.550	90.795	36.536	56.947	294.72	4.2143	22.966	0.032531	supercritical
140.00	10.300	157.25	0.0063592	21.659	24.542	90.753	36.546	57.013	294.71	4.2104	22.981	0.032564	supercritical
140.00	10.333	157.85	0.0063351	21.653	24.534	90.711	36.556	57.079	294.69	4.2065	22.997	0.032597	supercritical
140.00	10.367	158.45	0.0063111	21.646	24.526	90.669	36.566	57.145	294.68	4.2025	23.012	0.032629	supercritical
140.00	10.400	159.05	0.0062873	21.640	24.518	90.628	36.576	57.212	294.67	4.1986	23.027	0.032662	supercritical
140.00	10.433	159.65	0.0062636	21.634	24.510	90.586	36.585	57.278	294.66	4.1946	23.043	0.032695	supercritical
140.00	10.467	160.25	0.0062401	21.627	24.502	90.544	36.595	57.344	294.65	4.1906	23.059	0.032728	supercritical
140.00	10.500	160.85	0.0062168	21.621	24.494	90.503	36.605	57.411	294.64	4.1866	23.074	0.032761	supercritical
140.00	10.533	161.46	0.0061936	21.615	24.486	90.462	36.615	57.478	294.63	4.1826	23.090	0.032795	supercritical
140.00	10.567	162.06	0.0061705	21.608	24.478	90.420	36.625	57.544	294.62	4.1786	23.106	0.032828	supercritical
140.00	10.600	162.66	0.0061476	21.602	24.470	90.379	36.634	57.611	294.61	4.1746	23.121	0.032861	supercritical
140.00	10.633	163.27	0.0061249	21.595	24.462	90.338	36.644	57.678	294.60	4.1706	23.137	0.032895	supercritical
140.00	10.667	163.87	0.0061023	21.589	24.454	90.297	36.654	57.745	294.59	4.1665	23.153	0.032928	supercritical
140.00	10.700	164.48	0.0060798	21.583	24.446	90.256	36.664	57.812	294.58	4.1625	23.169	0.032962	supercritical
140.00	10.733	165.08	0.0060575	21.576	24.438	90.215	36.673	57.880	294.58	4.1584	23.185	0.032996	supercritical
140.00	10.767	165.69	0.0060353	21.570	24.430	90.174	36.683	57.947	294.57	4.1543	23.201	0.033029	supercritical
140.00	10.800	166.30	0.0060133	21.563	24.422	90.133	36.693	58.014	294.56	4.1502	23.217	0.033063	supercritical
140.00	10.833	166.91	0.0059914	21.557	24.414	90.092	36.703	58.082	294.56	4.1461	23.234	0.033097	supercritical
140.00	10.867	167.51	0.0059696	21.551	24.406	90.051	36.712	58.149	294.55	4.1420	23.250	0.033131	supercritical
140.00	10.900	168.12	0.0059480	21.544	24.397	90.011	36.722	58.217	294.55	4.1379	23.266	0.033166	supercritical
140.00	10.933	168.73	0.0059265	21.538	24.389	89.970	36.732	58.285	294.54	4.1337	23.283	0.033200	supercritical
140.00	10.967	169.34	0.0059052	21.531	24.381	89.930	36.741	58.352	294.54	4.1296	23.299	0.033234	supercritical
140.00	11.000	169.95	0.0058840	21.525	24.373	89.890	36.751	58.420	294.53	4.1254	23.316	0.033269	supercritical
140.00	11.033	170.56	0.0058629	21.518	24.365	89.849	36.761	58.488	294.53	4.1212	23.332	0.033303	supercritical
140.00	11.067	171.18	0.0058419	21.512	24.357	89.809	36.770	58.556	294.53	4.1171	23.349	0.033338	supercritical
140.00	11.100	171.79	0.0058211	21.506	24.349	89.769	36.780	58.624	294.52	4.1129	23.365	0.033372	supercritical
140.00	11.133	172.40	0.0058004	21.499	24.341	89.729	36.790	58.692	294.52	4.1087	23.382	0.033407	supercritical
140.00	11.167	173.01	0.0057799	21.493	24.333	89.689	36.799	58.761	294.52	4.1044	23.399	0.033442	supercritical
140.00	11.200	173.63	0.0057594	21.486	24.325	89.649	36.809	58.829	294.52	4.1002	23.416	0.033477	supercritical
140.00	11.233	174.24	0.0057391	21.480	24.317	89.609	36.819	58.898	294.52	4.0960	23.433	0.033512	supercritical
140.00	11.267	174.86	0.0057189	21.473	24.309	89.569	36.828	58.966	294.52	4.0917	23.450	0.033547	supercritical
140.00	11.300	175.47	0.0056989	21.467	24.301	89.529	36.838	59.035	294.52	4.0875	23.467	0.033582	supercritical
140.00	11.333	176.09	0.0056789	21.460	24.293	89.490	36.847	59.103	294.52	4.0832	23.484	0.033618	supercritical
140.00	11.367	176.71	0.0056591	21.454	24.285	89.450	36.857	59.172	294.52	4.0789	23.501	0.033653	supercritical
140.00	11.400	177.32	0.0056394	21.448	24.277	89.411	36.866	59.241	294.52	4.0746	23.518	0.033689	supercritical
140.00	11.433	177.94	0.0056198	21.441	24.269	89.371	36.876	59.310	294.52	4.0703	23.535	0.033724	supercritical
140.00	11.467	178.56	0.0056004	21.435	24.261	89.332	36.886	59.379	294.53	4.0660	23.553	0.033760	supercritical
140.00	11.500	179.18	0.0055810	21.428	24.253	89.292	36.895	59.448	294.53	4.0617	23.570	0.033796	supercritical
140.00	11.533	179.80	0.0055618	21.422	24.245	89.253	36.905	59.517	294.53	4.0573	23.588	0.033831	supercritical
140.00	11.567	180.42	0.0055427	21.415	24.237	89.214	36.914	59.586	294.54	4.0530	23.605	0.033867	supercritical
140.00	11.600	181.04	0.0055237	21.409	24.229	89.175	36.924	59.655	294.54	4.0486	23.623	0.033903	supercritical
140.00	11.633	181.66	0.0055048	21.402	24.221	89.136	36.933	59.724	294.54	4.0442	23.640	0.033939	supercritical
140.00	11.667	182.28	0.0054861	21.396	24.213	89.097	36.943	59.794	294.55	4.0399	23.658	0.033976	supercritical
140.00	11.700	182.90	0.0054674	21.389	24.204	89.058	36.952	59.863	294.56	4.0355	23.676	0.034012	supercritical
140.00	11.733	183.53	0.0054488	21.383	24.196	89.019	36.962	59.933	294.56	4.0311	23.694	0.034048	supercritical
140.00	11.767	184.15	0.0054304	21.376	24.188	88.980	36.971	60.002	294.57	4.0267	23.711	0.034085	supercritical
140.00	11.800	184.77	0.0054121	21.370	24.180	88.941	36.981	60.072	294.58	4.0222	23.729	0.034121	supercritical
140.00	11.833	185.40	0.0053938	21.363	24.172	88.903	36.990	60.142	294.58	4.0178	23.747	0.034158	supercritical
140.00	11.867	186.02	0.0053757	21.357	24.164	88.864	36.999	60.211	294.59	4.0134	23.766	0.034195	supercritical
140.00	11.900	186.65	0.0053577	21.350	24.156	88.826	37.009	60.281	294.60	4.0089	23.784	0.034231	supercritical
140.00	11.933	187.27	0.0053398	21.344	24.148	88.787	37.018	60.351	294.61	4.0044	23.802	0.034268	supercritical
140.00	11.967	187.90	0.0053220	21.337	24.140	88.749	37.028	60.421	294.62	4.0000	23.820	0.034305	supercritical
140.00	12.000	188.53	0.0053043	21.331	24.132	88.710	37.037	60.491	294.63	3.9955	23.838	0.034342	supercritical
140.00	12.033	189.15	0.0052867	21.324	24.124	88.672	37.046	60.561	294.64	3.9910	23.857	0.034380	supercritical
140.00	12.067	189.78	0.0052692	21.318	24.116	88.634	37.056	60.631	294.65	3.9865	23.875	0.034417	supercritical
140.00	12.100	190.41	0.0052518	21.311	24.108	88.596	37.065	60.701	294.66	3.9820	23.894	0.034454	supercritical
140.00	12.133	191.04	0.0052345	21.305	24.100	88.557	37.075	60.772	294.68	3.9774	23.912	0.034492	supercritical
140.00	12.167	191.67	0.0052174	21.298	24.092	88.519	37.084	60.842	294.69	3.9729	23.931	0.034529	supercritical
140.00	12.200	192.30	0.0052003	21.292	24.084	88.481	37.093	60.912	294.70	3.9683	23.950	0.034567	supercritical
140.00	12.233	192.93	0.0051833	21.285	24.076	88.443	37.102	60.983	294.72	3.9638	23.968	0.034604	supercritical
140.00	12.267	193.56	0.0051664	21.278	24.068	88.406	37.112	61.053	294.73	3.9592	23.987	0.034642	supercritical
140.00	12.300	194.19	0.0051496	21.272	24.059	88.368	37.121	61.124	294.75	3.9546	24.006	0.034680	supercritical
140.00	12.333	194.82	0.0051329	21.265	24.051	88.330	37.130	61.194	294.76	3.9500	24.025	0.034718	supercritical
140.00	12.367	195.46	0.0051163	21.259	24.043	88.292	37.140	61.265	294.78	3.9455	24.044	0.034756	supercritical
140.00	12.400	196.09	0.0050997	21.252	24.035	88.255	37.149	61.335	294.79	3.9408	24.063	0.034794	supercritical
140.00	12.433	196.72	0.0050833	21.246	24.027	88.217	37.158	61.406	294.81	3.9362	24.082	0.034832	supercritical
140.00	12.467	197.36	0.0050670	21.239	24.019	88.180	37.167	61.477	294.83	3.9316	24.102	0.034871	supercritical
140.00	12.500	197.99	0.0050507	21.233	24.011	88.142	37.177	61.548	294.85	3.9270	24.121	0.034909	supercritical
140.00	12.533	198.63	0.0050346	21.226	24.003	88.105	37.186	61.618	294.86	3.9223	24.140	0.034948	supercritical
140.00	12.567	199.26	0.0050185	21.219	23.995	88.067	37.195	61.689	294.88	3.9176	24.160	0.034986	supercritical
140.00	12.600	199.90	0.0050026	21.213	23.987	88.030	37.204	61.760	294.90	3.9130	24.179	0.035025	supercritical
140.00	12.633	200.53	0.0049867	21.206	23.979	87.993	37.213	61.831	294.92	3.9083	24.199	0.035064	supercritical
140.00	12.667	201.17	0.0049709	21.200	23.971	87.956	37.222	61.902	294.94	3.9036	24.218	0.035102	supercritical
140.00	12.700	201.81	0.0049552	21.193	23.963	87.918	37.232	61.973	294.96	3.8989	24.238	0.035141	supercritical
140.00	12.733	202.45	0.0049396	21.187	23.955	87.881	37.241	62.044	294.99	3.8942	24.258	0.035180	supercritical
140.00	12.767	203.08	0.0049241	21.180	23.947	87.844	37.250	62.115	295.01	3.8895	24.277	0.035219	supercritical
140.00	12.800	203.72	0.0049086	21.173	23.939	87.807	37.259	62.187	295.03	3.8848	24.297	0.035259	supercritical
140.00	12.833	204.36	0.0048933	21.167	23.931	87.771	37.268	62.258	295.05	3.8800	24.317	0.035298	supercritical
140.00	12.867	205.00	0.0048780	21.160	23.923	87.734	37.277	62.329	295.08	3.8753	24.337	0.035337	supercritical
140.00	12.900	205.64	0.0048628	21.154	23.914	87.697	37.286	62.400	295.10	3.8705	24.357	0.035377	supercritical
140.00	12.933	206.28	0.0048477	21.147	23.906	87.660	37.295	62.471	295.13	3.8657	24.377	0.035416	supercritical
140.00	12.967	206.93	0.0048327	21.141	23.898	87.624	37.304	62.543	295.15	3.8610	24.398	0.035456	supercritical
140.00	13.000	207.57	0.0048177	21.134	23.890	87.587	37.313	62.614	295.18	3.8562	24.418	0.035495	supercritical
140.00	13.033	208.21	0.0048029	21.127	23.882	87.550	37.322	62.685	295.21	3.8514	24.438	0.035535	supercritical
140.00	13.067	208.85	0.0047881	21.121	23.874	87.514	37.331	62.757	295.23	3.8466	24.459	0.035575	supercritical
140.00	13.100	209.50	0.0047734	21.114	23.866	87.477	37.340	62.828	295.26	3.8418	24.479	0.035615	supercritical
140.00	13.133	210.14	0.0047588	21.108	23.858	87.441	37.349	62.900	295.29	3.8370	24.500	0.035655	supercritical
140.00	13.167	210.78	0.0047442	21.101	23.850	87.405	37.358	62.971	295.32	3.8321	24.520	0.035695	supercritical
140.00	13.200	211.43	0.0047298	21.094	23.842	87.368	37.367	63.043	295.35	3.8273	24.541	0.035736	supercritical
140.00	13.233	212.07	0.0047154	21.088	23.834	87.332	37.376	63.114	295.38	3.8224	24.561	0.035776	supercritical
140.00	13.267	212.72	0.0047011	21.081	23.826	87.296	37.385	63.186	295.41	3.8176	24.582	0.035816	supercritical
140.00	13.300	213.36	0.0046868	21.075	23.818	87.260	37.394	63.257	295.44	3.8127	24.603	0.035857	supercritical
140.00	13.333	214.01	0.0046727	21.068	23.810	87.224	37.403	63.329	295.47	3.8078	24.624	0.035897	supercritical
140.00	13.367	214.66	0.0046586	21.061	23.802	87.188	37.412	63.400	295.50	3.8029	24.645	0.035938	supercritical
140.00	13.400	215.30	0.0046446	21.055	23.794	87.152	37.420	63.472	295.53	3.7980	24.666	0.035979	supercritical
140.00	13.433	215.95	0.0046307	21.048	23.786	87.116	37.429	63.544	295.57	3.7931	24.687	0.036020	supercritical
140.00	13.467	216.60	0.0046168	21.042	23.778	87.080	37.438	63.615	295.60	3.7882	24.708	0.036060	supercritical
140.00	13.500	217.25	0.0046030	21.035	23.770	87.044	37.447	63.687	295.63	3.7833	24.730	0.036101	supercritical
140.00	13.533	217.90	0.0045893	21.028	23.762	87.008	37.456	63.759	295.67	3.7784	24.751	0.036143	supercritical
140.00	13.567	218.55	0.0045757	21.022	23.754	86.973	37.464	63.830	295.70	3.7734	24.772	0.036184	supercritical
140.00	13.600	219.20	0.0045621	21.015	23.746	86.937	37.473	63.902	295.74	3.7685	24.794	0.036225	supercritical
140.00	13.633	219.85	0.0045487	21.008	23.738	86.902	37.482	63.974	295.78	3.7635	24.815	0.036266	supercritical
140.00	13.667	220.50	0.0045352	21.002	23.730	86.866	37.491	64.045	295.81	3.7586	24.837	0.036308	supercritical
140.00	13.700	221.15	0.0045219	20.995	23.722	86.830	37.499	64.117	295.85	3.7536	24.859	0.036349	supercritical
140.00	13.733	221.80	0.0045086	20.989	23.714	86.795	37.508	64.189	295.89	3.7486	24.880	0.036391	supercritical
140.00	13.767	222.45	0.0044954	20.982	23.705	86.760	37.517	64.261	295.93	3.7436	24.902	0.036432	supercritical
140.00	13.800	223.10	0.0044823	20.975	23.697	86.724	37.526	64.332	295.97	3.7386	24.924	0.036474	supercritical
140.00	13.833	223.75	0.0044692	20.969	23.689	86.689	37.534	64.404	296.01	3.7336	24.946	0.036516	supercritical
140.00	13.867	224.41	0.0044562	20.962	23.681	86.654	37.543	64.476	296.05	3.7286	24.968	0.036558	supercritical
140.00	13.900	225.06	0.0044432	20.955	23.673	86.619	37.551	64.547	296.09	3.7236	24.990	0.036600	supercritical
140.00	13.933	225.71	0.0044304	20.949	23.665	86.583	37.560	64.619	296.13	3.7185	25.012	0.036642	supercritical
140.00	13.967	226.37	0.0044176	20.942	23.657	86.548	37.569	64.691	296.17	3.7135	25.035	0.036684	supercritical
140.00	14.000	227.02	0.0044048	20.935	23.649	86.513	37.577	64.763	296.22	3.7085	25.057	0.036726	supercritical
140.00	14.033	227.68	0.0043922	20.929	23.641	86.478	37.586	64.834	296.26	3.7034	25.079	0.036769	supercritical
140.00	14.067	228.33	0.0043796	20.922	23.633	86.443	37.594	64.906	296.30	3.6983	25.102	0.036811	supercritical
140.00	14.100	228.99	0.0043670	20.916	23.625	86.408	37.603	64.978	296.35	3.6933	25.124	0.036854	supercritical
140.00	14.133	229.65	0.0043545	20.909	23.617	86.374	37.611	65.049	296.39	3.6882	25.147	0.036896	supercritical
140.00	14.167	230.30	0.0043421	20.902	23.609	86.339	37.620	65.121	296.44	3.6831	25.169	0.036939	supercritical
140.00	14.200	230.96	0.0043298	20.896	23.601	86.304	37.628	65.193	296.49	3.6780	25.192	0.036982	supercritical
140.00	14.233	231.62	0.0043175	20.889	23.593	86.269	37.637	65.264	296.53	3.6729	25.215	0.037024	supercritical
140.00	14.267	232.27	0.0043053	20.882	23.585	86.235	37.645	65.336	296.58	3.6678	25.238	0.037067	supercritical
140.00	14.300	232.93	0.0042931	20.876	23.577	86.200	37.654	65.407	296.63	3.6627	25.261	0.037110	supercritical
140.00	14.333	233.59	0.0042810	20.869	23.569	86.166	37.662	65.479	296.68	3.6575	25.284	0.037153	supercritical
140.00	14.367	234.25	0.0042690	20.862	23.561	86.131	37.671	65.550	296.73	3.6524	25.307	0.037196	supercritical
140.00	14.400	234.91	0.0042570	20.856	23.554	86.097	37.679	65.622	296.78	3.6473	25.330	0.037240	supercritical
140.00	14.433	235.57	0.0042451	20.849	23.546	86.062	37.687	65.693	296.83	3.6421	25.353	0.037283	supercritical
140.00	14.467	236.23	0.0042332	20.842	23.538	86.028	37.696	65.765	296.88	3.6370	25.376	0.037326	supercritical
140.00	14.500	236.89	0.0042214	20.836	23.530	85.994	37.704	65.836	296.93	3.6318	25.399	0.037370	supercritical
140.00	14.533	237.55	0.0042097	20.829	23.522	85.959	37.712	65.908	296.98	3.6266	25.423	0.037413	supercritical
140.00	14.567	238.21	0.0041980	20.822	23.514	85.925	37.721	65.979	297.04	3.6215	25.446	0.037457	supercritical
140.00	14.600	238.87	0.0041864	20.816	23.506	85.891	37.729	66.051	297.09	3.6163	25.470	0.037501	supercritical
140.00	14.633	239.53	0.0041749	20.809	23.498	85.857	37.737	66.122	297.15	3.6111	25.494	0.037544	supercritical
140.00	14.667	240.19	0.0041634	20.802	23.490	85.823	37.745	66.193	297.20	3.6059	25.517	0.037588	supercritical
140.00	14.700	240.85	0.0041519	20.796	23.482	85.789	37.754	66.265	297.26	3.6007	25.541	0.037632	supercritical
140.00	14.733	241.52	0.0041405	20.789	23.474	85.755	37.762	66.336	297.31	3.5955	25.565	0.037676	supercritical
140.00	14.767	242.18	0.0041292	20.782	23.466	85.721	37.770	66.407	297.37	3.5902	25.589	0.037720	supercritical
140.00	14.800	242.84	0.0041179	20.776	23.458	85.687	37.778	66.478	297.43	3.5850	25.613	0.037764	supercritical
140.00	14.833	243.50	0.0041067	20.769	23.450	85.653	37.786	66.549	297.48	3.5798	25.637	0.037809	supercritical
140.00	14.867	244.17	0.0040956	20.762	23.442	85.619	37.794	66.620	297.54	3.5745	25.661	0.037853	supercritical
140.00	14.900	244.83	0.0040844	20.756	23.434	85.586	37.803	66.691	297.60	3.5693	25.685	0.037897	supercritical
140.00	14.933	245.50	0.0040734	20.749	23.426	85.552	37.811	66.762	297.66	3.5640	25.709	0.037942	supercritical
140.00	14.967	246.16	0.0040624	20.742	23.418	85.518	37.819	66.833	297.72	3.5588	25.733	0.037986	supercritical
140.00	15.000	246.82	0.0040515	20.736	23.410	85.485	37.827	66.904	297.78	3.5535	25.758	0.038031	supercritical
140.00	15.033	247.49	0.0040406	20.729	23.402	85.451	37.835	66.975	297.84	3.5483	25.782	0.038076	supercritical
140.00	15.067	248.15	0.0040297	20.722	23.395	85.418	37.843	67.046	297.91	3.5430	25.807	0.038120	supercritical
140.00	15.100	248.82	0.0040190	20.716	23.387	85.384	37.851	67.117	297.97	3.5377	25.831	0.038165	supercritical
140.00	15.133	249.49	0.0040082	20.709	23.379	85.351	37.859	67.187	298.03	3.5324	25.856	0.038210	supercritical
140.00	15.167	250.15	0.0039976	20.702	23.371	85.317	37.867	67.258	298.10	3.5271	25.881	0.038255	supercritical
140.00	15.200	250.82	0.0039869	20.696	23.363	85.284	37.875	67.328	298.16	3.5218	25.906	0.038300	supercritical
140.00	15.233	251.49	0.0039764	20.689	23.355	85.251	37.883	67.399	298.23	3.5165	25.930	0.038345	supercritical
140.00	15.267	252.15	0.0039659	20.682	23.347	85.218	37.891	67.469	298.29	3.5112	25.955	0.038390	supercritical
140.00	15.300	252.82	0.0039554	20.676	23.339	85.185	37.898	67.540	298.36	3.5059	25.980	0.038436	supercritical
140.00	15.333	253.49	0.0039450	20.669	23.331	85.151	37.906	67.610	298.43	3.5005	26.005	0.038481	supercritical
140.00	15.367	254.15	0.0039346	20.662	23.323	85.118	37.914	67.680	298.50	3.4952	26.031	0.038526	supercritical
140.00	15.400	254.82	0.0039243	20.656	23.316	85.085	37.922	67.751	298.56	3.4899	26.056	0.038572	supercritical
140.00	15.433	255.49	0.0039140	20.649	23.308	85.052	37.930	67.821	298.63	3.4845	26.081	0.038617	supercritical
140.00	15.467	256.16	0.0039038	20.642	23.300	85.019	37.938	67.891	298.70	3.4792	26.107	0.038663	supercritical
140.00	15.500	256.83	0.0038937	20.636	23.292	84.986	37.945	67.961	298.77	3.4738	26.132	0.038709	supercritical
140.00	15.533	257.50	0.0038835	20.629	23.284	84.954	37.953	68.031	298.85	3.4684	26.157	0.038754	supercritical
140.00	15.567	258.17	0.0038735	20.622	23.276	84.921	37.961	68.101	298.92	3.4631	26.183	0.038800	supercritical
140.00	15.600	258.84	0.0038635	20.616	23.268	84.888	37.969	68.171	298.99	3.4577	26.209	0.038846	supercritical
140.00	15.633	259.50	0.0038535	20.609	23.260	84.855	37.976	68.240	299.06	3.4523	26.234	0.038892	supercritical
140.00	15.667	260.17	0.0038436	20.602	23.253	84.823	37.984	68.310	299.14	3.4469	26.260	0.038938	supercritical
140.00	15.700	260.84	0.0038337	20.596	23.245	84.790	37.992	68.380	299.21	3.4416	26.286	0.038984	supercritical
140.00	15.733	261.51	0.0038239	20.589	23.237	84.757	37.999	68.449	299.29	3.4362	26.312	0.039030	supercritical
140.00	15.767	262.19	0.0038141	20.583	23.229	84.725	38.007	68.518	299.36	3.4308	26.338	0.039077	supercritical
140.00	15.800	262.86	0.0038044	20.576	23.221	84.692	38.015	68.588	299.44	3.4254	26.364	0.039123	supercritical
140.00	15.833	263.53	0.0037947	20.569	23.213	84.660	38.022	68.657	299.51	3.4200	26.390	0.039169	supercritical
140.00	15.867	264.20	0.0037850	20.563	23.206	84.628	38.030	68.726	299.59	3.4145	26.416	0.039216	supercritical
140.00	15.900	264.87	0.0037754	20.556	23.198	84.595	38.037	68.795	299.67	3.4091	26.443	0.039262	supercritical
140.00	15.933	265.54	0.0037659	20.549	23.190	84.563	38.045	68.864	299.75	3.4037	26.469	0.039309	supercritical
140.00	15.967	266.21	0.0037564	20.543	23.182	84.531	38.052	68.933	299.83	3.3983	26.495	0.039355	supercritical
140.00	16.000	266.88	0.0037469	20.536	23.174	84.498	38.060	69.002	299.91	3.3928	26.522	0.039402	supercritical
140.00	16.033	267.56	0.0037375	20.529	23.167	84.466	38.067	69.071	299.99	3.3874	26.548	0.039449	supercritical
140.00	16.067	268.23	0.0037282	20.523	23.159	84.434	38.075	69.139	300.07	3.3820	26.575	0.039496	supercritical
140.00	16.100	268.90	0.0037188	20.516	23.151	84.402	38.082	69.208	300.15	3.3765	26.602	0.039543	supercritical
140.00	16.133	269.57	0.0037096	20.509	23.143	84.370	38.090	69.276	300.24	3.3711	26.629	0.039590	supercritical
140.00	16.167	270.25	0.0037003	20.503	23.135	84.338	38.097	69.345	300.32	3.3656	26.655	0.039637	supercritical
140.00	16.200	270.92	0.0036911	20.496	23.128	84.306	38.104	69.413	300.40	3.3602	26.682	0.039684	supercritical
140.00	16.233	271.59	0.0036820	20.489	23.120	84.274	38.112	69.481	300.49	3.3547	26.709	0.039731	supercritical
140.00	16.267	272.26	0.0036729	20.483	23.112	84.242	38.119	69.549	300.57	3.3492	26.736	0.039778	supercritical
140.00	16.300	272.94	0.0036638	20.476	23.104	84.211	38.126	69.617	300.66	3.3438	26.763	0.039825	supercritical
140.00	16.333	273.61	0.0036548	20.469	23.097	84.179	38.134	69.685	300.75	3.3383	26.791	0.039872	supercritical
140.00	16.367	274.28	0.0036458	20.463	23.089	84.147	38.141	69.753	300.83	3.3328	26.818	0.039920	supercritical
140.00	16.400	274.96	0.0036369	20.456	23.081	84.115	38.148	69.820	300.92	3.3273	26.845	0.039967	supercritical
140.00	16.433	275.63	0.0036280	20.449	23.073	84.084	38.155	69.888	301.01	3.3218	26.873	0.040015	supercritical
140.00	16.467	276.31	0.0036192	20.443	23.066	84.052	38.163	69.955	301.10	3.3164	26.900	0.040062	supercritical
140.00	16.500	276.98	0.0036104	20.436	23.058	84.021	38.170	70.022	301.19	3.3109	26.928	0.040110	supercritical
140.00	16.533	277.65	0.0036016	20.429	23.050	83.989	38.177	70.089	301.28	3.3054	26.955	0.040158	supercritical
140.00	16.567	278.33	0.0035929	20.423	23.042	83.958	38.184	70.156	301.37	3.2999	26.983	0.040205	supercritical
140.00	16.600	279.00	0.0035842	20.416	23.035	83.926	38.191	70.223	301.46	3.2944	27.011	0.040253	supercritical
140.00	16.633	279.68	0.0035756	20.410	23.027	83.895	38.198	70.290	301.55	3.2889	27.038	0.040301	supercritical
140.00	16.667	280.35	0.0035669	20.403	23.019	83.864	38.205	70.357	301.65	3.2834	27.066	0.040349	supercritical
140.00	16.700	281.03	0.0035584	20.396	23.012	83.832	38.212	70.423	301.74	3.2778	27.094	0.040397	supercritical
140.00	16.733	281.70	0.0035499	20.390	23.004	83.801	38.219	70.490	301.84	3.2723	27.122	0.040445	supercritical
140.00	16.767	282.38	0.0035414	20.383	22.996	83.770	38.226	70.556	301.93	3.2668	27.150	0.040493	supercritical
140.00	16.800	283.05	0.0035329	20.376	22.988	83.739	38.233	70.622	302.03	3.2613	27.179	0.040541	supercritical
140.00	16.833	283.73	0.0035245	20.370	22.981	83.708	38.240	70.688	302.12	3.2558	27.207	0.040589	supercritical
140.00	16.867	284.40	0.0035162	20.363	22.973	83.676	38.247	70.754	302.22	3.2502	27.235	0.040637	supercritical
140.00	16.900	285.08	0.0035078	20.356	22.965	83.645	38.254	70.820	302.32	3.2447	27.263	0.040686	supercritical
140.00	16.933	285.75	0.0034995	20.350	22.958	83.615	38.261	70.886	302.42	3.2392	27.292	0.040734	supercritical
140.00	16.967	286.43	0.0034913	20.343	22.950	83.584	38.268	70.951	302.52	3.2336	27.320	0.040783	supercritical
140.00	17.000	287.10	0.0034831	20.337	22.943	83.553	38.275	71.017	302.62	3.2281	27.349	0.040831	supercritical
140.00	17.033	287.78	0.0034749	20.330	22.935	83.522	38.282	71.082	302.72	3.2226	27.378	0.040879	supercritical
140.00	17.067	288.45	0.0034668	20.323	22.927	83.491	38.289	71.147	302.82	3.2170	27.406	0.040928	supercritical
140.00	17.100	289.13	0.0034587	20.317	22.920	83.460	38.295	71.212	302.92	3.2115	27.435	0.040977	supercritical
140.00	17.133	289.80	0.0034506	20.310	22.912	83.430	38.302	71.277	303.02	3.2059	27.464	0.041025	supercritical
140.00	17.167	290.48	0.0034426	20.304	22.904	83.399	38.309	71.342	303.13	3.2004	27.493	0.041074	supercritical
140.00	17.200	291.16	0.0034346	20.297	22.897	83.368	38.316	71.406	303.23	3.1948	27.522	0.041123	supercritical
140.00	17.233	291.83	0.0034266	20.290	22.889	83.338	38.322	71.471	303.33	3.1893	27.551	0.041171	supercritical
140.00	17.267	292.51	0.0034187	20.284	22.882	83.307	38.329	71.535	303.44	3.1837	27.580	0.041220	supercritical
140.00	17.300	293.18	0.0034108	20.277	22.874	83.277	38.336	71.599	303.54	3.1782	27.609	0.041269	supercritical
140.00	17.333	293.86	0.0034030	20.270	22.866	83.246	38.342	71.663	303.65	3.1726	27.638	0.041318	supercritical
140.00	17.367	294.53	0.0033952	20.264	22.859	83.216	38.349	71.727	303.76	3.1670	27.668	0.041367	supercritical
140.00	17.400	295.21	0.0033874	20.257	22.851	83.185	38.356	71.790	303.87	3.1615	27.697	0.041416	supercritical
140.00	17.433	295.88	0.0033797	20.251	22.844	83.155	38.362	71.854	303.97	3.1559	27.727	0.041465	supercritical
140.00	17.467	296.56	0.0033720	20.244	22.836	83.125	38.369	71.917	304.08	3.1503	27.756	0.041514	supercritical
140.00	17.500	297.24	0.0033643	20.238	22.829	83.095	38.375	71.981	304.19	3.1448	27.786	0.041564	supercritical
140.00	17.533	297.91	0.0033567	20.231	22.821	83.064	38.382	72.044	304.30	3.1392	27.815	0.041613	supercritical
140.00	17.567	298.59	0.0033491	20.224	22.814	83.034	38.388	72.107	304.41	3.1336	27.845	0.041662	supercritical
140.00	17.600	299.26	0.0033415	20.218	22.806	83.004	38.395	72.169	304.53	3.1281	27.875	0.041711	supercritical
140.00	17.633	299.94	0.0033340	20.211	22.798	82.974	38.401	72.232	304.64	3.1225	27.905	0.041761	supercritical
140.00	17.667	300.61	0.0033265	20.205	22.791	82.944	38.408	72.294	304.75	3.1169	27.935	0.041810	supercritical
140.00	17.700	301.29	0.0033191	20.198	22.783	82.914	38.414	72.356	304.86	3.1113	27.965	0.041860	supercritical
140.00	17.733	301.97	0.0033116	20.191	22.776	82.884	38.420	72.419	304.98	3.1058	27.995	0.041909	supercritical
140.00	17.767	302.64	0.0033042	20.185	22.768	82.854	38.427	72.480	305.09	3.1002	28.025	0.041959	supercritical
140.00	17.800	303.32	0.0032969	20.178	22.761	82.825	38.433	72.542	305.21	3.0946	28.055	0.042008	supercritical
140.00	17.833	303.99	0.0032896	20.172	22.754	82.795	38.439	72.604	305.33	3.0890	28.085	0.042058	supercritical
140.00	17.867	304.67	0.0032823	20.165	22.746	82.765	38.446	72.665	305.44	3.0834	28.116	0.042107	supercritical
140.00	17.900	305.34	0.0032750	20.159	22.739	82.735	38.452	72.726	305.56	3.0779	28.146	0.042157	supercritical
140.00	17.933	306.02	0.0032678	20.152	22.731	82.706	38.458	72.788	305.68	3.0723	28.176	0.042207	supercritical
140.00	17.967	306.69	0.0032606	20.145	22.724	82.676	38.464	72.848	305.80	3.0667	28.207	0.042257	supercritical
140.00	18.000	307.37	0.0032534	20.139	22.716	82.646	38.471	72.909	305.92	3.0611	28.237	0.042306	supercritical
140.00	18.033	308.04	0.0032463	20.132	22.709	82.617	38.477	72.970	306.04	3.0555	28.268	0.042356	supercritical
140.00	18.067	308.72	0.0032392	20.126	22.701	82.587	38.483	73.030	306.16	3.0500	28.299	0.042406	supercritical
140.00	18.100	309.39	0.0032321	20.119	22.694	82.558	38.489	73.090	306.28	3.0444	28.330	0.042456	supercritical
140.00	18.133	310.07	0.0032251	20.113	22.687	82.529	38.495	73.150	306.40	3.0388	28.360	0.042506	supercritical
140.00	18.167	310.74	0.0032181	20.106	22.679	82.499	38.501	73.210	306.53	3.0332	28.391	0.042556	supercritical
140.00	18.200	311.42	0.0032111	20.100	22.672	82.470	38.507	73.270	306.65	3.0276	28.422	0.042606	supercritical
140.00	18.233	312.09	0.0032042	20.093	22.664	82.441	38.513	73.329	306.77	3.0220	28.453	0.042656	supercritical
140.00	18.267	312.77	0.0031973	20.087	22.657	82.411	38.519	73.388	306.90	3.0165	28.484	0.042706	supercritical
140.00	18.300	313.44	0.0031904	20.080	22.650	82.382	38.525	73.448	307.02	3.0109	28.515	0.042756	supercritical
140.00	18.333	314.11	0.0031836	20.074	22.642	82.353	38.531	73.506	307.15	3.0053	28.547	0.042806	supercritical
140.00	18.367	314.79	0.0031767	20.067	22.635	82.324	38.537	73.565	307.28	2.9997	28.578	0.042857	supercritical
140.00	18.400	315.46	0.0031700	20.061	22.627	82.295	38.543	73.624	307.40	2.9941	28.609	0.042907	supercritical
140.00	18.433	316.14	0.0031632	20.054	22.620	82.266	38.549	73.682	307.53	2.9885	28.641	0.042957	supercritical
140.00	18.467	316.81	0.0031565	20.048	22.613	82.237	38.555	73.740	307.66	2.9830	28.672	0.043007	supercritical
140.00	18.500	317.48	0.0031498	20.041	22.605	82.208	38.561	73.798	307.79	2.9774	28.704	0.043058	supercritical
140.00	18.533	318.16	0.0031431	20.034	22.598	82.179	38.567	73.856	307.92	2.9718	28.735	0.043108	supercritical
140.00	18.567	318.83	0.0031365	20.028	22.591	82.150	38.573	73.913	308.05	2.9662	28.767	0.043158	supercritical
140.00	18.600	319.50	0.0031299	20.021	22.584	82.121	38.578	73.971	308.18	2.9607	28.799	0.043209	supercritical
140.00	18.633	320.17	0.0031233	20.015	22.576	82.093	38.584	74.028	308.31	2.9551	28.830	0.043259	supercritical
140.00	18.667	320.85	0.0031167	20.009	22.569	82.064	38.590	74.085	308.45	2.9495	28.862	0.043310	supercritical
140.00	18.700	321.52	0.0031102	20.002	22.562	82.035	38.596	74.142	308.58	2.9439	28.894	0.043360	supercritical
140.00	18.733	322.19	0.0031037	19.996	22.554	82.007	38.601	74.198	308.71	2.9384	28.926	0.043411	supercritical
140.00	18.767	322.86	0.0030973	19.989	22.547	81.978	38.607	74.255	308.85	2.9328	28.958	0.043461	supercritical
140.00	18.800	323.54	0.0030908	19.983	22.540	81.949	38.613	74.311	308.98	2.9272	28.990	0.043512	supercritical
140.00	18.833	324.21	0.0030844	19.976	22.533	81.921	38.618	74.367	309.12	2.9216	29.022	0.043563	supercritical
140.00	18.867	324.88	0.0030781	19.970	22.525	81.892	38.624	74.423	309.26	2.9161	29.055	0.043613	supercritical
140.00	18.900	325.55	0.0030717	19.963	22.518	81.864	38.630	74.478	309.39	2.9105	29.087	0.043664	supercritical
140.00	18.933	326.22	0.0030654	19.957	22.511	81.836	38.635	74.533	309.53	2.9049	29.119	0.043715	supercritical
140.00	18.967	326.89	0.0030591	19.950	22.504	81.807	38.641	74.589	309.67	2.8994	29.152	0.043765	supercritical
140.00	19.000	327.56	0.0030528	19.944	22.497	81.779	38.646	74.644	309.81	2.8938	29.184	0.043816	supercritical
140.00	19.033	328.24	0.0030466	19.937	22.489	81.751	38.652	74.698	309.95	2.8883	29.217	0.043867	supercritical
140.00	19.067	328.91	0.0030404	19.931	22.482	81.723	38.657	74.753	310.09	2.8827	29.249	0.043918	supercritical
140.00	19.100	329.58	0.0030342	19.924	22.475	81.694	38.663	74.807	310.23	2.8771	29.282	0.043968	supercritical
140.00	19.133	330.25	0.0030280	19.918	22.468	81.666	38.668	74.861	310.37	2.8716	29.314	0.044019	supercritical
140.00	19.167	330.92	0.0030219	19.912	22.461	81.638	38.674	74.915	310.52	2.8660	29.347	0.044070	supercritical
140.00	19.200	331.59	0.0030158	19.905	22.453	81.610	38.679	74.969	310.66	2.8605	29.380	0.044121	supercritical
140.00	19.233	332.25	0.0030097	19.899	22.446	81.582	38.684	75.022	310.80	2.8549	29.413	0.044172	supercritical
140.00	19.267	332.92	0.0030037	19.892	22.439	81.554	38.690	75.075	310.95	2.8494	29.446	0.044223	supercritical
140.00	19.300	333.59	0.0029977	19.886	22.432	81.526	38.695	75.129	311.09	2.8438	29.479	0.044274	supercritical
140.00	19.333	334.26	0.0029917	19.879	22.425	81.499	38.700	75.181	311.24	2.8383	29.512	0.044325	supercritical
140.00	19.367	334.93	0.0029857	19.873	22.418	81.471	38.706	75.234	311.38	2.8328	29.545	0.044376	supercritical
140.00	19.400	335.60	0.0029798	19.867	22.411	81.443	38.711	75.286	311.53	2.8272	29.578	0.044427	supercritical
140.00	19.433	336.27	0.0029738	19.860	22.404	81.415	38.716	75.338	311.68	2.8217	29.611	0.044478	supercritical
140.00	19.467	336.93	0.0029679	19.854	22.397	81.387	38.721	75.390	311.82	2.8162	29.644	0.044529	supercritical
140.00	19.500	337.60	0.0029621	19.847	22.390	81.360	38.727	75.442	311.97	2.8106	29.678	0.044580	supercritical
140.00	19.533	338.27	0.0029562	19.841	22.382	81.332	38.732	75.494	312.12	2.8051	29.711	0.044631	supercritical
140.00	19.567	338.93	0.0029504	19.835	22.375	81.305	38.737	75.545	312.27	2.7996	29.745	0.044682	supercritical
140.00	19.600	339.60	0.0029446	19.828	22.368	81.277	38.742	75.596	312.42	2.7941	29.778	0.044733	supercritical
140.00	19.633	340.27	0.0029389	19.822	22.361	81.250	38.747	75.647	312.57	2.7886	29.812	0.044784	supercritical
140.00	19.667	340.93	0.0029331	19.816	22.354	81.222	38.752	75.697	312.73	2.7830	29.845	0.044835	supercritical
140.00	19.700	341.60	0.0029274	19.809	22.347	81.195	38.757	75.748	312.88	2.7775	29.879	0.044887	supercritical
140.00	19.733	342.26	0.0029217	19.803	22.340	81.168	38.762	75.798	313.03	2.7720	29.913	0.044938	supercritical
140.00	19.767	342.93	0.0029161	19.797	22.333	81.140	38.767	75.848	313.19	2.7665	29.946	0.044989	supercritical
140.00	19.800	343.59	0.0029104	19.790	22.326	81.113	38.772	75.898	313.34	2.7610	29.980	0.045040	supercritical
140.00	19.833	344.26	0.0029048	19.784	22.319	81.086	38.777	75.947	313.49	2.7555	30.014	0.045091	supercritical
140.00	19.867	344.92	0.0028992	19.777	22.312	81.059	38.782	75.996	313.65	2.7500	30.048	0.045143	supercritical
140.00	19.900	345.59	0.0028936	19.771	22.305	81.031	38.787	76.045	313.81	2.7445	30.082	0.045194	supercritical
140.00	19.933	346.25	0.0028881	19.765	22.298	81.004	38.792	76.094	313.96	2.7390	30.116	0.045245	supercritical
140.00	19.967	346.91	0.0028826	19.758	22.291	80.977	38.797	76.143	314.12	2.7336	30.150	0.045296	supercritical
140.00	20.000	347.58	0.0028771	19.752	22.285	80.950	38.802	76.191	314.28	2.7281	30.184	0.045348	supercritical
140.00	20.033	348.24	0.0028716	19.746	22.278	80.923	38.807	76.239	314.44	2.7226	30.218	0.045399	supercritical
140.00	20.067	348.90	0.0028661	19.740	22.271	80.896	38.812	76.287	314.60	2.7171	30.253	0.045450	supercritical
140.00	20.100	349.56	0.0028607	19.733	22.264	80.870	38.816	76.335	314.76	2.7117	30.287	0.045501	supercritical
140.00	20.133	350.22	0.0028553	19.727	22.257	80.843	38.821	76.382	314.92	2.7062	30.321	0.045553	supercritical
140.00	20.167	350.88	0.0028499	19.721	22.250	80.816	38.826	76.429	315.08	2.7007	30.356	0.045604	supercritical
140.00	20.200	351.55	0.0028446	19.714	22.243	80.789	38.831	76.476	315.24	2.6953	30.390	0.045655	supercritical
140.00	20.233	352.21	0.0028392	19.708	22.236	80.762	38.835	76.523	315.40	2.6898	30.425	0.045707	supercritical
140.00	20.267	352.87	0.0028339	19.702	22.229	80.736	38.840	76.569	315.56	2.6844	30.459	0.045758	supercritical
140.00	20.300	353.53	0.0028286	19.695	22.223	80.709	38.845	76.616	315.73	2.6789	30.494	0.045809	supercritical
140.00	20.333	354.19	0.0028234	19.689	22.216	80.683	38.849	76.662	315.89	2.6735	30.529	0.045861	supercritical
140.00	20.367	354.84	0.0028181	19.683	22.209	80.656	38.854	76.707	316.06	2.6680	30.563	0.045912	supercritical
140.00	20.400	355.50	0.0028129	19.677	22.202	80.629	38.859	76.753	316.22	2.6626	30.598	0.045964	supercritical
140.00	20.433	356.16	0.0028077	19.670	22.195	80.603	38.863	76.798	316.39	2.6572	30.633	0.046015	supercritical
140.00	20.467	356.82	0.0028025	19.664	22.188	80.577	38.868	76.843	316.55	2.6518	30.668	0.046066	supercritical
140.00	20.500	357.48	0.0027974	19.658	22.182	80.550	38.872	76.888	316.72	2.6463	30.703	0.046118	supercritical
140.00	20.533	358.13	0.0027923	19.652	22.175	80.524	38.877	76.933	316.89	2.6409	30.738	0.046169	supercritical
140.00	20.567	358.79	0.0027871	19.645	22.168	80.498	38.881	76.977	317.06	2.6355	30.773	0.046220	supercritical
140.00	20.600	359.45	0.0027821	19.639	22.161	80.471	38.886	77.021	317.23	2.6301	30.808	0.046272	supercritical
140.00	20.633	360.10	0.0027770	19.633	22.155	80.445	38.890	77.065	317.39	2.6247	30.843	0.046323	supercritical
140.00	20.667	360.76	0.0027719	19.627	22.148	80.419	38.895	77.109	317.56	2.6193	30.878	0.046375	supercritical
140.00	20.700	361.41	0.0027669	19.621	22.141	80.393	38.899	77.152	317.74	2.6139	30.913	0.046426	supercritical
140.00	20.733	362.07	0.0027619	19.614	22.134	80.367	38.904	77.195	317.91	2.6086	30.949	0.046477	supercritical
140.00	20.767	362.72	0.0027569	19.608	22.128	80.341	38.908	77.238	318.08	2.6032	30.984	0.046529	supercritical
140.00	20.800	363.38	0.0027520	19.602	22.121	80.315	38.912	77.281	318.25	2.5978	31.019	0.046580	supercritical
140.00	20.833	364.03	0.0027470	19.596	22.114	80.289	38.917	77.323	318.42	2.5924	31.055	0.046632	supercritical
140.00	20.867	364.68	0.0027421	19.590	22.108	80.263	38.921	77.366	318.60	2.5871	31.090	0.046683	supercritical
140.00	20.900	365.33	0.0027372	19.583	22.101	80.237	38.925	77.407	318.77	2.5817	31.126	0.046735	supercritical
140.00	20.933	365.99	0.0027323	19.577	22.094	80.211	38.929	77.449	318.94	2.5763	31.161	0.046786	supercritical
140.00	20.967	366.64	0.0027275	19.571	22.088	80.186	38.934	77.491	319.12	2.5710	31.197	0.046837	supercritical
140.00	21.000	367.29	0.0027226	19.565	22.081	80.160	38.938	77.532	319.30	2.5657	31.232	0.046889	supercritical
140.00	21.033	367.94	0.0027178	19.559	22.074	80.134	38.942	77.573	319.47	2.5603	31.268	0.046940	supercritical
140.00	21.067	368.59	0.0027130	19.552	22.068	80.108	38.946	77.614	319.65	2.5550	31.304	0.046992	supercritical
140.00	21.100	369.24	0.0027083	19.546	22.061	80.083	38.950	77.654	319.83	2.5497	31.340	0.047043	supercritical
140.00	21.133	369.89	0.0027035	19.540	22.055	80.057	38.955	77.694	320.00	2.5443	31.375	0.047094	supercritical
140.00	21.167	370.54	0.0026988	19.534	22.048	80.032	38.959	77.734	320.18	2.5390	31.411	0.047146	supercritical
140.00	21.200	371.19	0.0026941	19.528	22.041	80.006	38.963	77.774	320.36	2.5337	31.447	0.047197	supercritical
140.00	21.233	371.84	0.0026894	19.522	22.035	79.981	38.967	77.814	320.54	2.5284	31.483	0.047249	supercritical
140.00	21.267	372.48	0.0026847	19.516	22.028	79.955	38.971	77.853	320.72	2.5231	31.519	0.047300	supercritical
140.00	21.300	373.13	0.0026800	19.510	22.022	79.930	38.975	77.892	320.90	2.5178	31.555	0.047351	supercritical
140.00	21.333	373.78	0.0026754	19.503	22.015	79.905	38.979	77.931	321.08	2.5125	31.591	0.047403	supercritical
140.00	21.367	374.42	0.0026708	19.497	22.009	79.879	38.983	77.970	321.27	2.5072	31.627	0.047454	supercritical
140.00	21.400	375.07	0.0026662	19.491	22.002	79.854	38.987	78.008	321.45	2.5020	31.664	0.047505	supercritical
140.00	21.433	375.71	0.0026616	19.485	21.996	79.829	38.991	78.046	321.63	2.4967	31.700	0.047557	supercritical
140.00	21.467	376.36	0.0026570	19.479	21.989	79.804	38.995	78.084	321.81	2.4914	31.736	0.047608	supercritical
140.00	21.500	377.00	0.0026525	19.473	21.983	79.779	38.999	78.121	322.00	2.4862	31.772	0.047659	supercritical
140.00	21.533	377.65	0.0026480	19.467	21.976	79.754	39.003	78.159	322.18	2.4809	31.809	0.047711	supercritical
140.00	21.567	378.29	0.0026435	19.461	21.970	79.729	39.007	78.196	322.37	2.4757	31.845	0.047762	supercritical
140.00	21.600	378.93	0.0026390	19.455	21.963	79.704	39.010	78.233	322.55	2.4704	31.881	0.047813	supercritical
140.00	21.633	379.58	0.0026345	19.449	21.957	79.679	39.014	78.269	322.74	2.4652	31.918	0.047865	supercritical
140.00	21.667	380.22	0.0026301	19.443	21.951	79.654	39.018	78.306	322.93	2.4600	31.954	0.047916	supercritical
140.00	21.700	380.86	0.0026256	19.437	21.944	79.629	39.022	78.342	323.11	2.4548	31.991	0.047967	supercritical
140.00	21.733	381.50	0.0026212	19.431	21.938	79.604	39.026	78.378	323.30	2.4495	32.028	0.048019	supercritical
140.00	21.767	382.14	0.0026168	19.425	21.931	79.579	39.030	78.414	323.49	2.4443	32.064	0.048070	supercritical
140.00	21.800	382.78	0.0026125	19.419	21.925	79.555	39.033	78.449	323.68	2.4391	32.101	0.048121	supercritical
140.00	21.833	383.42	0.0026081	19.413	21.919	79.530	39.037	78.484	323.87	2.4339	32.138	0.048173	supercritical
140.00	21.867	384.06	0.0026038	19.406	21.912	79.505	39.041	78.519	324.06	2.4287	32.174	0.048224	supercritical
140.00	21.900	384.70	0.0025995	19.400	21.906	79.481	39.044	78.554	324.25	2.4236	32.211	0.048275	supercritical
140.00	21.933	385.33	0.0025952	19.394	21.900	79.456	39.048	78.588	324.44	2.4184	32.248	0.048326	supercritical
140.00	21.967	385.97	0.0025909	19.388	21.893	79.432	39.052	78.622	324.63	2.4132	32.285	0.048377	supercritical
140.00	22.000	386.61	0.0025866	19.382	21.887	79.407	39.055	78.656	324.82	2.4081	32.322	0.048429	supercritical
140.00	22.033	387.24	0.0025824	19.377	21.881	79.383	39.059	78.690	325.01	2.4029	32.359	0.048480	supercritical
140.00	22.067	387.88	0.0025781	19.371	21.874	79.358	39.062	78.724	325.21	2.3978	32.396	0.048531	supercritical
140.00	22.100	388.51	0.0025739	19.365	21.868	79.334	39.066	78.757	325.40	2.3926	32.433	0.048582	supercritical
140.00	22.133	389.15	0.0025697	19.359	21.862	79.310	39.070	78.790	325.60	2.3875	32.470	0.048633	supercritical
140.00	22.167	389.78	0.0025655	19.353	21.855	79.285	39.073	78.823	325.79	2.3824	32.507	0.048685	supercritical
140.00	22.200	390.41	0.0025614	19.347	21.849	79.261	39.077	78.855	325.99	2.3772	32.544	0.048736	supercritical
140.00	22.233	391.05	0.0025572	19.341	21.843	79.237	39.080	78.887	326.18	2.3721	32.581	0.048787	supercritical
140.00	22.267	391.68	0.0025531	19.335	21.837	79.213	39.084	78.919	326.38	2.3670	32.618	0.048838	supercritical
140.00	22.300	392.31	0.0025490	19.329	21.831	79.189	39.087	78.951	326.57	2.3619	32.655	0.048889	supercritical
140.00	22.333	392.94	0.0025449	19.323	21.824	79.164	39.091	78.983	326.77	2.3568	32.693	0.048940	supercritical
140.00	22.367	393.57	0.0025408	19.317	21.818	79.140	39.094	79.014	326.97	2.3517	32.730	0.048991	supercritical
140.00	22.400	394.20	0.0025368	19.311	21.812	79.116	39.097	79.045	327.17	2.3467	32.767	0.049042	supercritical
140.00	22.433	394.83	0.0025327	19.305	21.806	79.093	39.101	79.076	327.36	2.3416	32.805	0.049093	supercritical
140.00	22.467	395.46	0.0025287	19.299	21.800	79.069	39.104	79.107	327.56	2.3365	32.842	0.049144	supercritical
140.00	22.500	396.09	0.0025247	19.293	21.793	79.045	39.107	79.137	327.76	2.3315	32.879	0.049195	supercritical
140.00	22.533	396.72	0.0025207	19.288	21.787	79.021	39.111	79.167	327.96	2.3264	32.917	0.049246	supercritical
140.00	22.567	397.34	0.0025167	19.282	21.781	78.997	39.114	79.197	328.16	2.3214	32.954	0.049297	supercritical
140.00	22.600	397.97	0.0025128	19.276	21.775	78.973	39.117	79.227	328.36	2.3163	32.992	0.049348	supercritical
140.00	22.633	398.60	0.0025088	19.270	21.769	78.950	39.121	79.256	328.57	2.3113	33.030	0.049399	supercritical
140.00	22.667	399.22	0.0025049	19.264	21.763	78.926	39.124	79.285	328.77	2.3063	33.067	0.049450	supercritical
140.00	22.700	399.85	0.0025010	19.258	21.757	78.902	39.127	79.314	328.97	2.3013	33.105	0.049501	supercritical
140.00	22.733	400.47	0.0024971	19.252	21.751	78.879	39.130	79.343	329.17	2.2963	33.142	0.049552	supercritical
140.00	22.767	401.09	0.0024932	19.246	21.745	78.855	39.133	79.372	329.38	2.2913	33.180	0.049603	supercritical
140.00	22.800	401.72	0.0024893	19.241	21.739	78.832	39.137	79.400	329.58	2.2863	33.218	0.049653	supercritical
140.00	22.833	402.34	0.0024855	19.235	21.732	78.808	39.140	79.428	329.78	2.2813	33.256	0.049704	supercritical
140.00	22.867	402.96	0.0024816	19.229	21.726	78.785	39.143	79.456	329.99	2.2763	33.293	0.049755	supercritical
140.00	22.900	403.58	0.0024778	19.223	21.720	78.761	39.146	79.483	330.19	2.2714	33.331	0.049806	supercritical
140.00	22.933	404.20	0.0024740	19.217	21.714	78.738	39.149	79.510	330.40	2.2664	33.369	0.049857	supercritical
140.00	22.967	404.82	0.0024702	19.212	21.708	78.715	39.152	79.538	330.61	2.2614	33.407	0.049907	supercritical
140.00	23.000	405.44	0.0024665	19.206	21.702	78.692	39.155	79.564	330.81	2.2565	33.445	0.049958	supercritical
140.00	23.033	406.06	0.0024627	19.200	21.696	78.668	39.158	79.591	331.02	2.2516	33.483	0.050009	supercritical
140.00	23.067	406.68	0.0024590	19.194	21.690	78.645	39.161	79.617	331.23	2.2466	33.521	0.050059	supercritical
140.00	23.100	407.29	0.0024552	19.188	21.684	78.622	39.165	79.644	331.44	2.2417	33.559	0.050110	supercritical
140.00	23.133	407.91	0.0024515	19.183	21.679	78.599	39.168	79.669	331.64	2.2368	33.597	0.050161	supercritical
140.00	23.167	408.53	0.0024478	19.177	21.673	78.576	39.171	79.695	331.85	2.2319	33.635	0.050211	supercritical
140.00	23.200	409.14	0.0024441	19.171	21.667	78.553	39.173	79.721	332.06	2.2270	33.673	0.050262	supercritical
140.00	23.233	409.76	0.0024405	19.165	21.661	78.530	39.176	79.746	332.27	2.2221	33.711	0.050313	supercritical
140.00	23.267	410.37	0.0024368	19.160	21.655	78.507	39.179	79.771	332.48	2.2172	33.749	0.050363	supercritical
140.00	23.300	410.99	0.0024332	19.154	21.649	78.484	39.182	79.796	332.69	2.2124	33.787	0.050414	supercritical
140.00	23.333	411.60	0.0024296	19.148	21.643	78.461	39.185	79.820	332.91	2.2075	33.826	0.050464	supercritical
140.00	23.367	412.21	0.0024259	19.142	21.637	78.438	39.188	79.845	333.12	2.2026	33.864	0.050515	supercritical
140.00	23.400	412.82	0.0024224	19.137	21.631	78.415	39.191	79.869	333.33	2.1978	33.902	0.050565	supercritical
140.00	23.433	413.43	0.0024188	19.131	21.626	78.393	39.194	79.892	333.54	2.1929	33.940	0.050615	supercritical
140.00	23.467	414.04	0.0024152	19.125	21.620	78.370	39.197	79.916	333.75	2.1881	33.979	0.050666	supercritical
140.00	23.500	414.65	0.0024117	19.120	21.614	78.347	39.199	79.940	333.97	2.1833	34.017	0.050716	supercritical
140.00	23.533	415.26	0.0024081	19.114	21.608	78.325	39.202	79.963	334.18	2.1785	34.055	0.050767	supercritical
140.00	23.567	415.87	0.0024046	19.108	21.602	78.302	39.205	79.986	334.40	2.1736	34.094	0.050817	supercritical
140.00	23.600	416.48	0.0024011	19.103	21.596	78.280	39.208	80.008	334.61	2.1688	34.132	0.050867	supercritical
140.00	23.633	417.09	0.0023976	19.097	21.591	78.257	39.211	80.031	334.83	2.1641	34.171	0.050918	supercritical
140.00	23.667	417.69	0.0023941	19.091	21.585	78.235	39.213	80.053	335.04	2.1593	34.209	0.050968	supercritical
140.00	23.700	418.30	0.0023906	19.086	21.579	78.212	39.216	80.075	335.26	2.1545	34.248	0.051018	supercritical
140.00	23.733	418.90	0.0023872	19.080	21.573	78.190	39.219	80.097	335.47	2.1497	34.286	0.051068	supercritical
140.00	23.767	419.51	0.0023837	19.074	21.568	78.167	39.221	80.119	335.69	2.1450	34.325	0.051119	supercritical
140.00	23.800	420.11	0.0023803	19.069	21.562	78.145	39.224	80.140	335.91	2.1402	34.363	0.051169	supercritical
140.00	23.833	420.72	0.0023769	19.063	21.556	78.123	39.227	80.161	336.13	2.1355	34.402	0.051219	supercritical
140.00	23.867	421.32	0.0023735	19.058	21.551	78.101	39.229	80.182	336.34	2.1307	34.440	0.051269	supercritical
140.00	23.900	421.92	0.0023701	19.052	21.545	78.078	39.232	80.203	336.56	2.1260	34.479	0.051319	supercritical
140.00	23.933	422.52	0.0023667	19.046	21.539	78.056	39.235	80.224	336.78	2.1213	34.518	0.051369	supercritical
140.00	23.967	423.12	0.0023634	19.041	21.534	78.034	39.237	80.244	337.00	2.1166	34.556	0.051419	supercritical
140.00	24.000	423.72	0.0023600	19.035	21.528	78.012	39.240	80.264	337.22	2.1119	34.595	0.051469	supercritical
140.00	24.033	424.32	0.0023567	19.030	21.522	77.990	39.242	80.284	337.44	2.1072	34.634	0.051519	supercritical
140.00	24.067	424.92	0.0023534	19.024	21.517	77.968	39.245	80.304	337.66	2.1025	34.672	0.051569	supercritical
140.00	24.100	425.52	0.0023501	19.018	21.511	77.946	39.247	80.323	337.88	2.0978	34.711	0.051619	supercritical
140.00	24.133	426.11	0.0023468	19.013	21.505	77.924	39.250	80.342	338.10	2.0931	34.750	0.051669	supercritical
140.00	24.167	426.71	0.0023435	19.007	21.500	77.902	39.253	80.361	338.32	2.0885	34.789	0.051719	supercritical
140.00	24.200	427.31	0.0023402	19.002	21.494	77.881	39.255	80.380	338.55	2.0838	34.828	0.051769	supercritical
140.00	24.233	427.90	0.0023370	18.996	21.489	77.859	39.257	80.399	338.77	2.0792	34.866	0.051818	supercritical
140.00	24.267	428.50	0.0023337	18.991	21.483	77.837	39.260	80.417	338.99	2.0745	34.905	0.051868	supercritical
140.00	24.300	429.09	0.0023305	18.985	21.477	77.815	39.262	80.435	339.21	2.0699	34.944	0.051918	supercritical
140.00	24.333	429.68	0.0023273	18.980	21.472	77.794	39.265	80.453	339.44	2.0653	34.983	0.051968	supercritical
140.00	24.367	430.28	0.0023241	18.974	21.466	77.772	39.267	80.471	339.66	2.0607	35.022	0.052017	supercritical
140.00	24.400	430.87	0.0023209	18.969	21.461	77.750	39.270	80.489	339.89	2.0561	35.061	0.052067	supercritical
140.00	24.433	431.46	0.0023177	18.963	21.455	77.729	39.272	80.506	340.11	2.0515	35.100	0.052117	supercritical
140.00	24.467	432.05	0.0023145	18.958	21.450	77.707	39.274	80.523	340.34	2.0469	35.139	0.052166	supercritical
140.00	24.500	432.64	0.0023114	18.952	21.444	77.686	39.277	80.540	340.56	2.0423	35.178	0.052216	supercritical
140.00	24.533	433.23	0.0023083	18.947	21.439	77.664	39.279	80.557	340.79	2.0377	35.217	0.052265	supercritical
140.00	24.567	433.82	0.0023051	18.941	21.433	77.643	39.281	80.573	341.01	2.0332	35.256	0.052315	supercritical
140.00	24.600	434.40	0.0023020	18.936	21.428	77.621	39.284	80.590	341.24	2.0286	35.295	0.052364	supercritical
140.00	24.633	434.99	0.0022989	18.930	21.423	77.600	39.286	80.606	341.47	2.0241	35.334	0.052414	supercritical
140.00	24.667	435.58	0.0022958	18.925	21.417	77.579	39.288	80.622	341.70	2.0195	35.373	0.052463	supercritical
140.00	24.700	436.16	0.0022927	18.919	21.412	77.557	39.291	80.637	341.92	2.0150	35.412	0.052513	supercritical
140.00	24.733	436.75	0.0022897	18.914	21.406	77.536	39.293	80.653	342.15	2.0105	35.451	0.052562	supercritical
140.00	24.767	437.33	0.0022866	18.909	21.401	77.515	39.295	80.668	342.38	2.0060	35.490	0.052611	supercritical
140.00	24.800	437.91	0.0022835	18.903	21.395	77.494	39.297	80.683	342.61	2.0015	35.529	0.052661	supercritical
140.00	24.833	438.50	0.0022805	18.898	21.390	77.473	39.300	80.698	342.84	1.9970	35.569	0.052710	supercritical
140.00	24.867	439.08	0.0022775	18.892	21.385	77.452	39.302	80.713	343.07	1.9925	35.608	0.052759	supercritical
140.00	24.900	439.66	0.0022745	18.887	21.379	77.431	39.304	80.727	343.30	1.9880	35.647	0.052809	supercritical
140.00	24.933	440.24	0.0022715	18.882	21.374	77.410	39.306	80.742	343.53	1.9836	35.686	0.052858	supercritical
140.00	24.967	440.82	0.0022685	18.876	21.369	77.389	39.308	80.756	343.76	1.9791	35.725	0.052907	supercritical
140.00	25.000	441.40	0.0022655	18.871	21.363	77.368	39.310	80.770	343.99	1.9747	35.765	0.052956	supercritical
140.00	25.033	441.98	0.0022626	18.865	21.358	77.347	39.313	80.783	344.22	1.9702	35.804	0.053005	supercritical
140.00	25.067	442.56	0.0022596	18.860	21.353	77.326	39.315	80.797	344.45	1.9658	35.843	0.053054	supercritical
140.00	25.100	443.13	0.0022567	18.855	21.347	77.305	39.317	80.810	344.69	1.9614	35.882	0.053103	supercritical
140.00	25.133	443.71	0.0022537	18.849	21.342	77.284	39.319	80.823	344.92	1.9570	35.922	0.053152	supercritical
140.00	25.167	444.29	0.0022508	18.844	21.337	77.264	39.321	80.836	345.15	1.9525	35.961	0.053201	supercritical
140.00	25.200	444.86	0.0022479	18.839	21.332	77.243	39.323	80.849	345.38	1.9481	36.000	0.053250	supercritical
140.00	25.233	445.43	0.0022450	18.833	21.326	77.222	39.325	80.862	345.62	1.9438	36.040	0.053299	supercritical
140.00	25.267	446.01	0.0022421	18.828	21.321	77.202	39.327	80.874	345.85	1.9394	36.079	0.053348	supercritical
140.00	25.300	446.58	0.0022392	18.823	21.316	77.181	39.329	80.886	346.09	1.9350	36.118	0.053397	supercritical
140.00	25.333	447.15	0.0022364	18.817	21.311	77.160	39.331	80.898	346.32	1.9306	36.158	0.053445	supercritical
140.00	25.367	447.72	0.0022335	18.812	21.306	77.140	39.333	80.910	346.55	1.9263	36.197	0.053494	supercritical
140.00	25.400	448.29	0.0022307	18.807	21.300	77.119	39.335	80.922	346.79	1.9219	36.237	0.053543	supercritical
140.00	25.433	448.86	0.0022278	18.802	21.295	77.099	39.337	80.933	347.02	1.9176	36.276	0.053592	supercritical
140.00	25.467	449.43	0.0022250	18.796	21.290	77.079	39.339	80.944	347.26	1.9133	36.315	0.053640	supercritical
140.00	25.500	450.00	0.0022222	18.791	21.285	77.058	39.341	80.956	347.50	1.9090	36.355	0.053689	supercritical
140.00	25.533	450.57	0.0022194	18.786	21.280	77.038	39.343	80.966	347.73	1.9046	36.394	0.053737	supercritical
140.00	25.567	451.14	0.0022166	18.780	21.275	77.018	39.345	80.977	347.97	1.9003	36.434	0.053786	supercritical
140.00	25.600	451.70	0.0022138	18.775	21.269	76.997	39.347	80.988	348.21	1.8961	36.473	0.053835	supercritical
140.00	25.633	452.27	0.0022111	18.770	21.264	76.977	39.349	80.998	348.44	1.8918	36.513	0.053883	supercritical
140.00	25.667	452.83	0.0022083	18.765	21.259	76.957	39.351	81.008	348.68	1.8875	36.552	0.053931	supercritical
140.00	25.700	453.40	0.0022056	18.760	21.254	76.937	39.353	81.018	348.92	1.8832	36.592	0.053980	supercritical
140.00	25.733	453.96	0.0022028	18.754	21.249	76.917	39.354	81.028	349.16	1.8790	36.631	0.054028	supercritical
140.00	25.767	454.52	0.0022001	18.749	21.244	76.897	39.356	81.037	349.40	1.8747	36.671	0.054077	supercritical
140.00	25.800	455.08	0.0021974	18.744	21.239	76.876	39.358	81.047	349.64	1.8705	36.710	0.054125	supercritical
140.00	25.833	455.65	0.0021947	18.739	21.234	76.856	39.360	81.056	349.87	1.8662	36.750	0.054173	supercritical
140.00	25.867	456.21	0.0021920	18.734	21.229	76.836	39.362	81.065	350.11	1.8620	36.789	0.054221	supercritical
140.00	25.900	456.77	0.0021893	18.728	21.224	76.817	39.364	81.074	350.35	1.8578	36.829	0.054270	supercritical
140.00	25.933	457.33	0.0021866	18.723	21.219	76.797	39.365	81.083	350.59	1.8536	36.868	0.054318	supercritical
140.00	25.967	457.88	0.0021840	18.718	21.214	76.777	39.367	81.091	350.83	1.8494	36.908	0.054366	supercritical
140.00	26.000	458.44	0.0021813	18.713	21.209	76.757	39.369	81.100	351.08	1.8452	36.947	0.054414	supercritical
140.00	26.033	459.00	0.0021787	18.708	21.204	76.737	39.371	81.108	351.32	1.8410	36.987	0.054462	supercritical
140.00	26.067	459.55	0.0021760	18.703	21.199	76.717	39.372	81.116	351.56	1.8369	37.027	0.054510	supercritical
140.00	26.100	460.11	0.0021734	18.697	21.194	76.698	39.374	81.124	351.80	1.8327	37.066	0.054558	supercritical
140.00	26.133	460.66	0.0021708	18.692	21.189	76.678	39.376	81.132	352.04	1.8285	37.106	0.054606	supercritical
140.00	26.167	461.22	0.0021682	18.687	21.184	76.658	39.378	81.139	352.28	1.8244	37.145	0.054654	supercritical
140.00	26.200	461.77	0.0021656	18.682	21.179	76.639	39.379	81.147	352.53	1.8202	37.185	0.054702	supercritical
140.00	26.233	462.32	0.0021630	18.677	21.174	76.619	39.381	81.154	352.77	1.8161	37.225	0.054750	supercritical
140.00	26.267	462.87	0.0021604	18.672	21.169	76.599	39.383	81.161	353.01	1.8120	37.264	0.054798	supercritical
140.00	26.300	463.43	0.0021578	18.667	21.164	76.580	39.384	81.168	353.26	1.8079	37.304	0.054845	supercritical
140.00	26.333	463.98	0.0021553	18.662	21.159	76.560	39.386	81.175	353.50	1.8038	37.343	0.054893	supercritical
140.00	26.367	464.52	0.0021527	18.657	21.155	76.541	39.388	81.181	353.74	1.7997	37.383	0.054941	supercritical
140.00	26.400	465.07	0.0021502	18.652	21.150	76.522	39.389	81.187	353.99	1.7956	37.423	0.054989	supercritical
140.00	26.433	465.62	0.0021477	18.646	21.145	76.502	39.391	81.194	354.23	1.7915	37.462	0.055036	supercritical
140.00	26.467	466.17	0.0021451	18.641	21.140	76.483	39.393	81.200	354.48	1.7875	37.502	0.055084	supercritical
140.00	26.500	466.71	0.0021426	18.636	21.135	76.464	39.394	81.206	354.72	1.7834	37.542	0.055131	supercritical
140.00	26.533	467.26	0.0021401	18.631	21.130	76.444	39.396	81.211	354.97	1.7793	37.581	0.055179	supercritical
140.00	26.567	467.81	0.0021376	18.626	21.126	76.425	39.397	81.217	355.21	1.7753	37.621	0.055226	supercritical
140.00	26.600	468.35	0.0021352	18.621	21.121	76.406	39.399	81.222	355.46	1.7713	37.661	0.055274	supercritical
140.00	26.633	468.89	0.0021327	18.616	21.116	76.387	39.401	81.228	355.70	1.7672	37.700	0.055321	supercritical
140.00	26.667	469.44	0.0021302	18.611	21.111	76.368	39.402	81.233	355.95	1.7632	37.740	0.055369	supercritical
140.00	26.700	469.98	0.0021278	18.606	21.106	76.348	39.404	81.238	356.20	1.7592	37.780	0.055416	supercritical
140.00	26.733	470.52	0.0021253	18.601	21.102	76.329	39.405	81.243	356.44	1.7552	37.819	0.055463	supercritical
140.00	26.767	471.06	0.0021229	18.596	21.097	76.310	39.407	81.247	356.69	1.7512	37.859	0.055511	supercritical
140.00	26.800	471.60	0.0021204	18.591	21.092	76.291	39.408	81.252	356.94	1.7473	37.899	0.055558	supercritical
140.00	26.833	472.14	0.0021180	18.586	21.087	76.272	39.410	81.256	357.19	1.7433	37.938	0.055605	supercritical
140.00	26.867	472.68	0.0021156	18.581	21.083	76.253	39.411	81.260	357.43	1.7393	37.978	0.055652	supercritical
140.00	26.900	473.21	0.0021132	18.576	21.078	76.235	39.413	81.264	357.68	1.7354	38.018	0.055699	supercritical
140.00	26.933	473.75	0.0021108	18.571	21.073	76.216	39.414	81.268	357.93	1.7314	38.058	0.055746	supercritical
140.00	26.967	474.29	0.0021084	18.566	21.069	76.197	39.416	81.272	358.18	1.7275	38.097	0.055793	supercritical
140.00	27.000	474.82	0.0021060	18.561	21.064	76.178	39.417	81.275	358.43	1.7235	38.137	0.055840	supercritical
140.00	27.033	475.36	0.0021037	18.557	21.059	76.159	39.419	81.279	358.68	1.7196	38.177	0.055887	supercritical
140.00	27.067	475.89	0.0021013	18.552	21.055	76.141	39.420	81.282	358.93	1.7157	38.216	0.055934	supercritical
140.00	27.100	476.42	0.0020990	18.547	21.050	76.122	39.421	81.285	359.18	1.7118	38.256	0.055981	supercritical
140.00	27.133	476.96	0.0020966	18.542	21.045	76.103	39.423	81.288	359.43	1.7079	38.296	0.056028	supercritical
140.00	27.167	477.49	0.0020943	18.537	21.041	76.085	39.424	81.291	359.68	1.7040	38.336	0.056075	supercritical
140.00	27.200	478.02	0.0020920	18.532	21.036	76.066	39.426	81.294	359.93	1.7001	38.375	0.056122	supercritical
140.00	27.233	478.55	0.0020896	18.527	21.032	76.047	39.427	81.297	360.18	1.6963	38.415	0.056169	supercritical
140.00	27.267	479.08	0.0020873	18.522	21.027	76.029	39.428	81.299	360.43	1.6924	38.455	0.056215	supercritical
140.00	27.300	479.61	0.0020850	18.517	21.022	76.010	39.430	81.301	360.68	1.6885	38.494	0.056262	supercritical
140.00	27.333	480.14	0.0020827	18.512	21.018	75.992	39.431	81.304	360.93	1.6847	38.534	0.056309	supercritical
140.00	27.367	480.66	0.0020805	18.508	21.013	75.974	39.433	81.306	361.18	1.6809	38.574	0.056355	supercritical
140.00	27.400	481.19	0.0020782	18.503	21.009	75.955	39.434	81.307	361.43	1.6770	38.614	0.056402	supercritical
140.00	27.433	481.72	0.0020759	18.498	21.004	75.937	39.435	81.309	361.68	1.6732	38.653	0.056448	supercritical
140.00	27.467	482.24	0.0020737	18.493	21.000	75.918	39.437	81.311	361.94	1.6694	38.693	0.056495	supercritical
140.00	27.500	482.76	0.0020714	18.488	20.995	75.900	39.438	81.312	362.19	1.6656	38.733	0.056541	supercritical
140.00	27.533	483.29	0.0020692	18.483	20.991	75.882	39.439	81.314	362.44	1.6618	38.772	0.056588	supercritical
140.00	27.567	483.81	0.0020669	18.479	20.986	75.864	39.440	81.315	362.69	1.6580	38.812	0.056634	supercritical
140.00	27.600	484.33	0.0020647	18.474	20.982	75.845	39.442	81.316	362.95	1.6542	38.852	0.056680	supercritical
140.00	27.633	484.85	0.0020625	18.469	20.977	75.827	39.443	81.317	363.20	1.6505	38.892	0.056727	supercritical
140.00	27.667	485.37	0.0020603	18.464	20.973	75.809	39.444	81.318	363.45	1.6467	38.931	0.056773	supercritical
140.00	27.700	485.89	0.0020581	18.459	20.968	75.791	39.446	81.318	363.71	1.6430	38.971	0.056819	supercritical
140.00	27.733	486.41	0.0020559	18.455	20.964	75.773	39.447	81.319	363.96	1.6392	39.011	0.056865	supercritical
140.00	27.767	486.93	0.0020537	18.450	20.959	75.755	39.448	81.319	364.22	1.6355	39.050	0.056911	supercritical
140.00	27.800	487.45	0.0020515	18.445	20.955	75.737	39.449	81.320	364.47	1.6318	39.090	0.056957	supercritical
140.00	27.833	487.97	0.0020493	18.440	20.950	75.719	39.451	81.320	364.73	1.6280	39.130	0.057003	supercritical
140.00	27.867	488.48	0.0020472	18.435	20.946	75.701	39.452	81.320	364.98	1.6243	39.169	0.057049	supercritical
140.00	27.900	489.00	0.0020450	18.431	20.942	75.683	39.453	81.320	365.23	1.6206	39.209	0.057095	supercritical
140.00	27.933	489.51	0.0020428	18.426	20.937	75.665	39.454	81.320	365.49	1.6169	39.249	0.057141	supercritical
140.00	27.967	490.03	0.0020407	18.421	20.933	75.647	39.456	81.319	365.75	1.6133	39.289	0.057187	supercritical
140.00	28.000	490.54	0.0020386	18.416	20.929	75.630	39.457	81.319	366.00	1.6096	39.328	0.057233	supercritical
140.00	28.033	491.05	0.0020364	18.412	20.924	75.612	39.458	81.318	366.26	1.6059	39.368	0.057279	supercritical
140.00	28.067	491.56	0.0020343	18.407	20.920	75.594	39.459	81.317	366.51	1.6023	39.408	0.057325	supercritical
140.00	28.100	492.08	0.0020322	18.402	20.915	75.576	39.460	81.317	366.77	1.5986	39.447	0.057371	supercritical
140.00	28.133	492.59	0.0020301	18.398	20.911	75.559	39.461	81.316	367.02	1.5950	39.487	0.057416	supercritical
140.00	28.167	493.10	0.0020280	18.393	20.907	75.541	39.463	81.315	367.28	1.5913	39.527	0.057462	supercritical
140.00	28.200	493.60	0.0020259	18.388	20.903	75.523	39.464	81.313	367.54	1.5877	39.566	0.057508	supercritical
140.00	28.233	494.11	0.0020238	18.384	20.898	75.506	39.465	81.312	367.79	1.5841	39.606	0.057553	supercritical
140.00	28.267	494.62	0.0020218	18.379	20.894	75.488	39.466	81.311	368.05	1.5805	39.646	0.057599	supercritical
140.00	28.300	495.13	0.0020197	18.374	20.890	75.471	39.467	81.309	368.31	1.5769	39.685	0.057644	supercritical
140.00	28.333	495.63	0.0020176	18.370	20.885	75.453	39.468	81.308	368.57	1.5733	39.725	0.057690	supercritical
140.00	28.367	496.14	0.0020156	18.365	20.881	75.436	39.469	81.306	368.82	1.5697	39.764	0.057735	supercritical
140.00	28.400	496.64	0.0020135	18.360	20.877	75.418	39.470	81.304	369.08	1.5661	39.804	0.057781	supercritical
140.00	28.433	497.15	0.0020115	18.356	20.873	75.401	39.472	81.302	369.34	1.5625	39.844	0.057826	supercritical
140.00	28.467	497.65	0.0020095	18.351	20.868	75.383	39.473	81.300	369.60	1.5590	39.883	0.057871	supercritical
140.00	28.500	498.15	0.0020074	18.346	20.864	75.366	39.474	81.298	369.86	1.5554	39.923	0.057917	supercritical
140.00	28.533	498.65	0.0020054	18.342	20.860	75.349	39.475	81.295	370.11	1.5519	39.963	0.057962	supercritical
140.00	28.567	499.15	0.0020034	18.337	20.856	75.331	39.476	81.293	370.37	1.5484	40.002	0.058007	supercritical
140.00	28.600	499.65	0.0020014	18.332	20.852	75.314	39.477	81.290	370.63	1.5448	40.042	0.058052	supercritical
140.00	28.633	500.15	0.0019994	18.328	20.847	75.297	39.478	81.288	370.89	1.5413	40.081	0.058097	supercritical
140.00	28.667	500.65	0.0019974	18.323	20.843	75.280	39.479	81.285	371.15	1.5378	40.121	0.058142	supercritical
140.00	28.700	501.15	0.0019954	18.319	20.839	75.263	39.480	81.282	371.41	1.5343	40.161	0.058188	supercritical
140.00	28.733	501.65	0.0019934	18.314	20.835	75.246	39.481	81.279	371.67	1.5308	40.200	0.058233	supercritical
140.00	28.767	502.14	0.0019915	18.310	20.831	75.228	39.482	81.276	371.93	1.5273	40.240	0.058278	supercritical
140.00	28.800	502.64	0.0019895	18.305	20.827	75.211	39.483	81.273	372.19	1.5238	40.279	0.058322	supercritical
140.00	28.833	503.13	0.0019875	18.300	20.823	75.194	39.484	81.270	372.45	1.5204	40.319	0.058367	supercritical
140.00	28.867	503.63	0.0019856	18.296	20.818	75.177	39.485	81.266	372.71	1.5169	40.358	0.058412	supercritical
140.00	28.900	504.12	0.0019837	18.291	20.814	75.160	39.486	81.263	372.97	1.5134	40.398	0.058457	supercritical
140.00	28.933	504.61	0.0019817	18.287	20.810	75.143	39.487	81.259	373.23	1.5100	40.437	0.058502	supercritical
140.00	28.967	505.11	0.0019798	18.282	20.806	75.126	39.488	81.256	373.49	1.5066	40.477	0.058547	supercritical
140.00	29.000	505.60	0.0019779	18.278	20.802	75.110	39.489	81.252	373.75	1.5031	40.516	0.058591	supercritical
140.00	29.033	506.09	0.0019759	18.273	20.798	75.093	39.490	81.248	374.01	1.4997	40.556	0.058636	supercritical
140.00	29.067	506.58	0.0019740	18.269	20.794	75.076	39.491	81.244	374.27	1.4963	40.595	0.058681	supercritical
140.00	29.100	507.07	0.0019721	18.264	20.790	75.059	39.492	81.240	374.53	1.4929	40.635	0.058725	supercritical
140.00	29.133	507.55	0.0019702	18.260	20.786	75.042	39.493	81.236	374.79	1.4895	40.674	0.058770	supercritical
140.00	29.167	508.04	0.0019683	18.255	20.782	75.026	39.494	81.231	375.06	1.4861	40.714	0.058814	supercritical
140.00	29.200	508.53	0.0019665	18.251	20.778	75.009	39.495	81.227	375.32	1.4827	40.753	0.058859	supercritical
140.00	29.233	509.02	0.0019646	18.246	20.774	74.992	39.496	81.223	375.58	1.4793	40.793	0.058903	supercritical
140.00	29.267	509.50	0.0019627	18.242	20.770	74.975	39.497	81.218	375.84	1.4760	40.832	0.058948	supercritical
140.00	29.300	509.99	0.0019608	18.237	20.766	74.959	39.498	81.213	376.10	1.4726	40.872	0.058992	supercritical
140.00	29.333	510.47	0.0019590	18.233	20.762	74.942	39.499	81.209	376.36	1.4693	40.911	0.059036	supercritical
140.00	29.367	510.95	0.0019571	18.228	20.758	74.926	39.500	81.204	376.63	1.4659	40.951	0.059081	supercritical
140.00	29.400	511.44	0.0019553	18.224	20.754	74.909	39.501	81.199	376.89	1.4626	40.990	0.059125	supercritical
140.00	29.433	511.92	0.0019534	18.220	20.750	74.893	39.501	81.194	377.15	1.4593	41.029	0.059169	supercritical
140.00	29.467	512.40	0.0019516	18.215	20.746	74.876	39.502	81.189	377.41	1.4559	41.069	0.059213	supercritical
140.00	29.500	512.88	0.0019498	18.211	20.742	74.860	39.503	81.184	377.68	1.4526	41.108	0.059257	supercritical
140.00	29.533	513.36	0.0019479	18.206	20.738	74.843	39.504	81.178	377.94	1.4493	41.148	0.059301	supercritical
140.00	29.567	513.84	0.0019461	18.202	20.734	74.827	39.505	81.173	378.20	1.4460	41.187	0.059345	supercritical
140.00	29.600	514.32	0.0019443	18.197	20.730	74.811	39.506	81.168	378.47	1.4428	41.226	0.059389	supercritical
140.00	29.633	514.80	0.0019425	18.193	20.726	74.794	39.507	81.162	378.73	1.4395	41.266	0.059433	supercritical
140.00	29.667	515.27	0.0019407	18.189	20.723	74.778	39.508	81.156	378.99	1.4362	41.305	0.059477	supercritical
140.00	29.700	515.75	0.0019389	18.184	20.719	74.762	39.508	81.151	379.26	1.4329	41.344	0.059521	supercritical
140.00	29.733	516.23	0.0019371	18.180	20.715	74.745	39.509	81.145	379.52	1.4297	41.384	0.059565	supercritical
140.00	29.767	516.70	0.0019354	18.176	20.711	74.729	39.510	81.139	379.78	1.4264	41.423	0.059609	supercritical
140.00	29.800	517.17	0.0019336	18.171	20.707	74.713	39.511	81.133	380.05	1.4232	41.462	0.059653	supercritical
140.00	29.833	517.65	0.0019318	18.167	20.703	74.697	39.512	81.127	380.31	1.4200	41.502	0.059696	supercritical
140.00	29.867	518.12	0.0019301	18.162	20.699	74.681	39.513	81.121	380.58	1.4167	41.541	0.059740	supercritical
140.00	29.900	518.59	0.0019283	18.158	20.696	74.665	39.514	81.115	380.84	1.4135	41.580	0.059784	supercritical
140.00	29.933	519.06	0.0019265	18.154	20.692	74.648	39.514	81.109	381.10	1.4103	41.619	0.059827	supercritical
140.00	29.967	519.54	0.0019248	18.149	20.688	74.632	39.515	81.102	381.37	1.4071	41.659	0.059871	supercritical
140.00	30.000	520.01	0.0019231	18.145	20.684	74.616	39.516	81.096	381.63	1.4039	41.698	0.059915	supercritical
