Temperature (C)	Pressure (MPa)	Density (kg/m3)	Volume (m3/kg)	Internal Energy (kJ/mol)	Enthalpy (kJ/mol)	Entropy (J/mol*K)	Cv (J/mol*K)	Cp (J/mol*K)	Sound Spd. (m/s)	Joule-Thomson (K/MPa)	Viscosity (uPa*s)	Therm. Cond. (W/m*K)	Phase
150.00	10.000	145.56	0.0068699	22.148	25.171	92.468	36.503	55.160	300.53	4.0143	23.152	0.032677	supercritical
150.00	10.033	146.12	0.0068436	22.142	25.164	92.427	36.512	55.216	300.52	4.0108	23.165	0.032705	supercritical
150.00	10.067	146.68	0.0068176	22.136	25.157	92.385	36.521	55.272	300.51	4.0074	23.179	0.032734	supercritical
150.00	10.100	147.24	0.0067917	22.130	25.149	92.344	36.530	55.328	300.50	4.0040	23.192	0.032763	supercritical
150.00	10.133	147.80	0.0067660	22.124	25.142	92.303	36.539	55.384	300.49	4.0005	23.206	0.032792	supercritical
150.00	10.167	148.36	0.0067405	22.119	25.134	92.263	36.547	55.440	300.48	3.9971	23.220	0.032821	supercritical
150.00	10.200	148.92	0.0067151	22.113	25.127	92.222	36.556	55.496	300.47	3.9936	23.234	0.032850	supercritical
150.00	10.233	149.48	0.0066899	22.107	25.120	92.181	36.565	55.553	300.46	3.9901	23.248	0.032880	supercritical
150.00	10.267	150.04	0.0066649	22.101	25.112	92.141	36.574	55.609	300.45	3.9866	23.262	0.032909	supercritical
150.00	10.300	150.60	0.0066400	22.095	25.105	92.100	36.582	55.666	300.44	3.9831	23.276	0.032938	supercritical
150.00	10.333	151.16	0.0066153	22.089	25.098	92.060	36.591	55.722	300.43	3.9796	23.290	0.032968	supercritical
150.00	10.367	151.73	0.0065908	22.083	25.090	92.019	36.600	55.779	300.42	3.9761	23.304	0.032997	supercritical
150.00	10.400	152.29	0.0065664	22.077	25.083	91.979	36.608	55.835	300.41	3.9726	23.318	0.033027	supercritical
150.00	10.433	152.85	0.0065422	22.071	25.075	91.939	36.617	55.892	300.41	3.9691	23.332	0.033056	supercritical
150.00	10.467	153.42	0.0065182	22.065	25.068	91.899	36.626	55.949	300.40	3.9655	23.346	0.033086	supercritical
150.00	10.500	153.98	0.0064943	22.060	25.061	91.859	36.635	56.006	300.39	3.9620	23.360	0.033116	supercritical
150.00	10.533	154.55	0.0064705	22.054	25.053	91.819	36.643	56.063	300.39	3.9584	23.375	0.033146	supercritical
150.00	10.567	155.11	0.0064469	22.048	25.046	91.779	36.652	56.120	300.38	3.9548	23.389	0.033176	supercritical
150.00	10.600	155.68	0.0064235	22.042	25.038	91.739	36.661	56.177	300.38	3.9513	23.403	0.033206	supercritical
150.00	10.633	156.24	0.0064002	22.036	25.031	91.699	36.669	56.234	300.37	3.9477	23.418	0.033236	supercritical
150.00	10.667	156.81	0.0063771	22.030	25.024	91.660	36.678	56.291	300.37	3.9441	23.432	0.033266	supercritical
150.00	10.700	157.38	0.0063541	22.024	25.016	91.620	36.687	56.348	300.36	3.9405	23.447	0.033296	supercritical
150.00	10.733	157.95	0.0063313	22.018	25.009	91.581	36.695	56.406	300.36	3.9369	23.461	0.033326	supercritical
150.00	10.767	158.51	0.0063086	22.012	25.001	91.541	36.704	56.463	300.35	3.9332	23.476	0.033357	supercritical
150.00	10.800	159.08	0.0062860	22.006	24.994	91.502	36.713	56.521	300.35	3.9296	23.491	0.033387	supercritical
150.00	10.833	159.65	0.0062636	22.000	24.987	91.463	36.721	56.578	300.35	3.9260	23.505	0.033418	supercritical
150.00	10.867	160.22	0.0062414	21.994	24.979	91.423	36.730	56.636	300.35	3.9223	23.520	0.033448	supercritical
150.00	10.900	160.79	0.0062192	21.988	24.972	91.384	36.739	56.693	300.34	3.9187	23.535	0.033479	supercritical
150.00	10.933	161.36	0.0061972	21.982	24.964	91.345	36.747	56.751	300.34	3.9150	23.550	0.033509	supercritical
150.00	10.967	161.93	0.0061754	21.976	24.957	91.306	36.756	56.809	300.34	3.9113	23.565	0.033540	supercritical
150.00	11.000	162.50	0.0061537	21.970	24.949	91.267	36.764	56.866	300.34	3.9076	23.580	0.033571	supercritical
150.00	11.033	163.08	0.0061321	21.964	24.942	91.229	36.773	56.924	300.34	3.9039	23.595	0.033602	supercritical
150.00	11.067	163.65	0.0061107	21.959	24.935	91.190	36.782	56.982	300.34	3.9002	23.610	0.033633	supercritical
150.00	11.100	164.22	0.0060893	21.953	24.927	91.151	36.790	57.040	300.34	3.8965	23.625	0.033664	supercritical
150.00	11.133	164.79	0.0060682	21.947	24.920	91.113	36.799	57.098	300.34	3.8928	23.640	0.033695	supercritical
150.00	11.167	165.37	0.0060471	21.941	24.912	91.074	36.807	57.156	300.34	3.8891	23.655	0.033726	supercritical
150.00	11.200	165.94	0.0060262	21.935	24.905	91.036	36.816	57.214	300.34	3.8853	23.671	0.033758	supercritical
150.00	11.233	166.52	0.0060054	21.929	24.898	90.997	36.824	57.273	300.35	3.8816	23.686	0.033789	supercritical
150.00	11.267	167.09	0.0059848	21.923	24.890	90.959	36.833	57.331	300.35	3.8778	23.701	0.033820	supercritical
150.00	11.300	167.67	0.0059642	21.917	24.883	90.921	36.842	57.389	300.35	3.8740	23.717	0.033852	supercritical
150.00	11.333	168.24	0.0059438	21.911	24.875	90.883	36.850	57.448	300.35	3.8703	23.732	0.033883	supercritical
150.00	11.367	168.82	0.0059235	21.905	24.868	90.845	36.859	57.506	300.36	3.8665	23.748	0.033915	supercritical
150.00	11.400	169.40	0.0059033	21.899	24.861	90.807	36.867	57.564	300.36	3.8627	23.763	0.033947	supercritical
150.00	11.433	169.97	0.0058833	21.893	24.853	90.769	36.876	57.623	300.37	3.8589	23.779	0.033978	supercritical
150.00	11.467	170.55	0.0058634	21.887	24.846	90.731	36.884	57.681	300.37	3.8551	23.794	0.034010	supercritical
150.00	11.500	171.13	0.0058436	21.881	24.838	90.693	36.893	57.740	300.38	3.8513	23.810	0.034042	supercritical
150.00	11.533	171.71	0.0058239	21.875	24.831	90.655	36.901	57.799	300.38	3.8474	23.826	0.034074	supercritical
150.00	11.567	172.29	0.0058043	21.869	24.824	90.618	36.910	57.857	300.39	3.8436	23.842	0.034106	supercritical
150.00	11.600	172.86	0.0057849	21.863	24.816	90.580	36.918	57.916	300.39	3.8398	23.858	0.034138	supercritical
150.00	11.633	173.44	0.0057655	21.857	24.809	90.542	36.926	57.975	300.40	3.8359	23.874	0.034171	supercritical
150.00	11.667	174.02	0.0057463	21.851	24.801	90.505	36.935	58.034	300.41	3.8320	23.890	0.034203	supercritical
150.00	11.700	174.61	0.0057272	21.845	24.794	90.468	36.943	58.093	300.42	3.8282	23.906	0.034235	supercritical
150.00	11.733	175.19	0.0057082	21.839	24.786	90.430	36.952	58.152	300.42	3.8243	23.922	0.034268	supercritical
150.00	11.767	175.77	0.0056893	21.833	24.779	90.393	36.960	58.211	300.43	3.8204	23.938	0.034300	supercritical
150.00	11.800	176.35	0.0056706	21.827	24.772	90.356	36.969	58.270	300.44	3.8165	23.954	0.034333	supercritical
150.00	11.833	176.93	0.0056519	21.821	24.764	90.319	36.977	58.329	300.45	3.8126	23.970	0.034365	supercritical
150.00	11.867	177.51	0.0056333	21.815	24.757	90.281	36.985	58.388	300.46	3.8087	23.986	0.034398	supercritical
150.00	11.900	178.10	0.0056149	21.809	24.749	90.244	36.994	58.447	300.47	3.8048	24.003	0.034431	supercritical
150.00	11.933	178.68	0.0055966	21.803	24.742	90.208	37.002	58.506	300.48	3.8008	24.019	0.034464	supercritical
150.00	11.967	179.27	0.0055783	21.797	24.735	90.171	37.011	58.566	300.49	3.7969	24.036	0.034497	supercritical
150.00	12.000	179.85	0.0055602	21.791	24.727	90.134	37.019	58.625	300.50	3.7929	24.052	0.034530	supercritical
150.00	12.033	180.43	0.0055422	21.785	24.720	90.097	37.027	58.684	300.52	3.7890	24.069	0.034563	supercritical
150.00	12.067	181.02	0.0055243	21.779	24.712	90.060	37.036	58.744	300.53	3.7850	24.085	0.034596	supercritical
150.00	12.100	181.60	0.0055065	21.773	24.705	90.024	37.044	58.803	300.54	3.7811	24.102	0.034629	supercritical
150.00	12.133	182.19	0.0054887	21.767	24.698	89.987	37.052	58.862	300.55	3.7771	24.118	0.034662	supercritical
150.00	12.167	182.78	0.0054711	21.761	24.690	89.951	37.061	58.922	300.57	3.7731	24.135	0.034696	supercritical
150.00	12.200	183.36	0.0054536	21.755	24.683	89.914	37.069	58.982	300.58	3.7691	24.152	0.034729	supercritical
150.00	12.233	183.95	0.0054362	21.748	24.675	89.878	37.077	59.041	300.60	3.7651	24.169	0.034763	supercritical
150.00	12.267	184.54	0.0054189	21.742	24.668	89.841	37.086	59.101	300.61	3.7611	24.186	0.034796	supercritical
150.00	12.300	185.13	0.0054017	21.736	24.660	89.805	37.094	59.160	300.63	3.7570	24.203	0.034830	supercritical
150.00	12.333	185.72	0.0053846	21.730	24.653	89.769	37.102	59.220	300.64	3.7530	24.220	0.034864	supercritical
150.00	12.367	186.30	0.0053676	21.724	24.646	89.733	37.110	59.280	300.66	3.7490	24.237	0.034898	supercritical
150.00	12.400	186.89	0.0053506	21.718	24.638	89.697	37.119	59.340	300.68	3.7449	24.254	0.034931	supercritical
150.00	12.433	187.48	0.0053338	21.712	24.631	89.661	37.127	59.399	300.69	3.7409	24.271	0.034965	supercritical
150.00	12.467	188.07	0.0053171	21.706	24.623	89.625	37.135	59.459	300.71	3.7368	24.288	0.034999	supercritical
150.00	12.500	188.66	0.0053004	21.700	24.616	89.589	37.143	59.519	300.73	3.7327	24.306	0.035034	supercritical
150.00	12.533	189.25	0.0052839	21.694	24.609	89.553	37.152	59.579	300.75	3.7287	24.323	0.035068	supercritical
150.00	12.567	189.85	0.0052674	21.688	24.601	89.517	37.160	59.639	300.77	3.7246	24.340	0.035102	supercritical
150.00	12.600	190.44	0.0052511	21.682	24.594	89.481	37.168	59.699	300.79	3.7205	24.358	0.035136	supercritical
150.00	12.633	191.03	0.0052348	21.676	24.586	89.446	37.176	59.759	300.81	3.7164	24.375	0.035171	supercritical
150.00	12.667	191.62	0.0052186	21.670	24.579	89.410	37.184	59.819	300.83	3.7123	24.393	0.035205	supercritical
150.00	12.700	192.21	0.0052025	21.664	24.572	89.375	37.193	59.879	300.85	3.7082	24.410	0.035240	supercritical
150.00	12.733	192.81	0.0051865	21.658	24.564	89.339	37.201	59.939	300.87	3.7040	24.428	0.035274	supercritical
150.00	12.767	193.40	0.0051706	21.652	24.557	89.304	37.209	59.999	300.89	3.6999	24.446	0.035309	supercritical
150.00	12.800	193.99	0.0051548	21.646	24.549	89.268	37.217	60.059	300.91	3.6957	24.463	0.035344	supercritical
150.00	12.833	194.59	0.0051390	21.640	24.542	89.233	37.225	60.119	300.94	3.6916	24.481	0.035378	supercritical
150.00	12.867	195.18	0.0051234	21.633	24.535	89.198	37.233	60.179	300.96	3.6874	24.499	0.035413	supercritical
150.00	12.900	195.78	0.0051078	21.627	24.527	89.162	37.241	60.239	300.98	3.6833	24.517	0.035448	supercritical
150.00	12.933	196.37	0.0050923	21.621	24.520	89.127	37.249	60.300	301.01	3.6791	24.535	0.035483	supercritical
150.00	12.967	196.97	0.0050769	21.615	24.512	89.092	37.258	60.360	301.03	3.6749	24.553	0.035518	supercritical
150.00	13.000	197.57	0.0050616	21.609	24.505	89.057	37.266	60.420	301.06	3.6707	24.571	0.035554	supercritical
150.00	13.033	198.16	0.0050464	21.603	24.498	89.022	37.274	60.480	301.08	3.6665	24.589	0.035589	supercritical
150.00	13.067	198.76	0.0050312	21.597	24.490	88.987	37.282	60.541	301.11	3.6623	24.607	0.035624	supercritical
150.00	13.100	199.36	0.0050161	21.591	24.483	88.952	37.290	60.601	301.13	3.6581	24.626	0.035660	supercritical
150.00	13.133	199.95	0.0050012	21.585	24.475	88.918	37.298	60.661	301.16	3.6539	24.644	0.035695	supercritical
150.00	13.167	200.55	0.0049862	21.579	24.468	88.883	37.306	60.722	301.19	3.6497	24.662	0.035731	supercritical
150.00	13.200	201.15	0.0049714	21.573	24.461	88.848	37.314	60.782	301.22	3.6454	24.681	0.035766	supercritical
150.00	13.233	201.75	0.0049567	21.567	24.453	88.813	37.322	60.842	301.24	3.6412	24.699	0.035802	supercritical
150.00	13.267	202.35	0.0049420	21.560	24.446	88.779	37.330	60.903	301.27	3.6370	24.718	0.035838	supercritical
150.00	13.300	202.95	0.0049274	21.554	24.439	88.744	37.338	60.963	301.30	3.6327	24.736	0.035873	supercritical
150.00	13.333	203.55	0.0049129	21.548	24.431	88.710	37.346	61.024	301.33	3.6284	24.755	0.035909	supercritical
150.00	13.367	204.15	0.0048984	21.542	24.424	88.675	37.354	61.084	301.36	3.6242	24.774	0.035945	supercritical
150.00	13.400	204.75	0.0048841	21.536	24.416	88.641	37.362	61.144	301.39	3.6199	24.792	0.035981	supercritical
150.00	13.433	205.35	0.0048698	21.530	24.409	88.607	37.370	61.205	301.42	3.6156	24.811	0.036017	supercritical
150.00	13.467	205.95	0.0048556	21.524	24.402	88.572	37.377	61.265	301.46	3.6113	24.830	0.036054	supercritical
150.00	13.500	206.55	0.0048414	21.518	24.394	88.538	37.385	61.326	301.49	3.6070	24.849	0.036090	supercritical
150.00	13.533	207.15	0.0048274	21.512	24.387	88.504	37.393	61.386	301.52	3.6027	24.868	0.036126	supercritical
150.00	13.567	207.75	0.0048134	21.506	24.380	88.470	37.401	61.447	301.55	3.5984	24.887	0.036162	supercritical
150.00	13.600	208.36	0.0047995	21.500	24.372	88.436	37.409	61.507	301.59	3.5941	24.906	0.036199	supercritical
150.00	13.633	208.96	0.0047856	21.493	24.365	88.402	37.417	61.568	301.62	3.5898	24.925	0.036235	supercritical
150.00	13.667	209.56	0.0047719	21.487	24.357	88.368	37.425	61.628	301.65	3.5854	24.944	0.036272	supercritical
150.00	13.700	210.17	0.0047582	21.481	24.350	88.334	37.433	61.689	301.69	3.5811	24.963	0.036309	supercritical
150.00	13.733	210.77	0.0047445	21.475	24.343	88.300	37.440	61.749	301.73	3.5767	24.983	0.036345	supercritical
150.00	13.767	211.37	0.0047310	21.469	24.335	88.266	37.448	61.810	301.76	3.5724	25.002	0.036382	supercritical
150.00	13.800	211.98	0.0047175	21.463	24.328	88.232	37.456	61.870	301.80	3.5680	25.022	0.036419	supercritical
150.00	13.833	212.58	0.0047041	21.457	24.321	88.199	37.464	61.931	301.83	3.5637	25.041	0.036456	supercritical
150.00	13.867	213.19	0.0046907	21.451	24.313	88.165	37.472	61.991	301.87	3.5593	25.061	0.036493	supercritical
150.00	13.900	213.79	0.0046774	21.445	24.306	88.131	37.479	62.052	301.91	3.5549	25.080	0.036530	supercritical
150.00	13.933	214.40	0.0046642	21.438	24.299	88.098	37.487	62.112	301.95	3.5505	25.100	0.036567	supercritical
150.00	13.967	215.00	0.0046511	21.432	24.291	88.064	37.495	62.173	301.99	3.5461	25.119	0.036605	supercritical
150.00	14.000	215.61	0.0046380	21.426	24.284	88.031	37.503	62.233	302.03	3.5417	25.139	0.036642	supercritical
150.00	14.033	216.22	0.0046250	21.420	24.277	87.997	37.510	62.294	302.07	3.5373	25.159	0.036679	supercritical
150.00	14.067	216.82	0.0046120	21.414	24.269	87.964	37.518	62.354	302.11	3.5329	25.179	0.036717	supercritical
150.00	14.100	217.43	0.0045992	21.408	24.262	87.931	37.526	62.415	302.15	3.5285	25.199	0.036754	supercritical
150.00	14.133	218.04	0.0045863	21.402	24.254	87.897	37.533	62.475	302.19	3.5240	25.219	0.036792	supercritical
150.00	14.167	218.65	0.0045736	21.396	24.247	87.864	37.541	62.536	302.23	3.5196	25.239	0.036829	supercritical
150.00	14.200	219.25	0.0045609	21.390	24.240	87.831	37.549	62.596	302.27	3.5152	25.259	0.036867	supercritical
150.00	14.233	219.86	0.0045483	21.383	24.232	87.798	37.556	62.657	302.32	3.5107	25.279	0.036905	supercritical
150.00	14.267	220.47	0.0045357	21.377	24.225	87.765	37.564	62.717	302.36	3.5063	25.299	0.036943	supercritical
150.00	14.300	221.08	0.0045232	21.371	24.218	87.732	37.571	62.778	302.40	3.5018	25.319	0.036981	supercritical
150.00	14.333	221.69	0.0045108	21.365	24.210	87.699	37.579	62.838	302.45	3.4974	25.340	0.037019	supercritical
150.00	14.367	222.30	0.0044984	21.359	24.203	87.666	37.587	62.899	302.49	3.4929	25.360	0.037057	supercritical
150.00	14.400	222.91	0.0044861	21.353	24.196	87.633	37.594	62.959	302.54	3.4884	25.381	0.037095	supercritical
150.00	14.433	223.52	0.0044739	21.347	24.189	87.600	37.602	63.020	302.58	3.4839	25.401	0.037133	supercritical
150.00	14.467	224.13	0.0044617	21.341	24.181	87.567	37.609	63.080	302.63	3.4794	25.422	0.037171	supercritical
150.00	14.500	224.74	0.0044496	21.334	24.174	87.535	37.617	63.140	302.68	3.4749	25.442	0.037209	supercritical
150.00	14.533	225.35	0.0044375	21.328	24.167	87.502	37.624	63.201	302.73	3.4704	25.463	0.037248	supercritical
150.00	14.567	225.96	0.0044255	21.322	24.159	87.469	37.632	63.261	302.77	3.4659	25.484	0.037286	supercritical
150.00	14.600	226.57	0.0044136	21.316	24.152	87.437	37.639	63.321	302.82	3.4614	25.504	0.037325	supercritical
150.00	14.633	227.18	0.0044017	21.310	24.145	87.404	37.647	63.382	302.87	3.4569	25.525	0.037363	supercritical
150.00	14.667	227.80	0.0043899	21.304	24.137	87.372	37.654	63.442	302.92	3.4524	25.546	0.037402	supercritical
150.00	14.700	228.41	0.0043781	21.298	24.130	87.339	37.662	63.502	302.97	3.4478	25.567	0.037441	supercritical
150.00	14.733	229.02	0.0043664	21.292	24.123	87.307	37.669	63.562	303.02	3.4433	25.588	0.037479	supercritical
150.00	14.767	229.63	0.0043548	21.285	24.115	87.274	37.677	63.623	303.07	3.4388	25.609	0.037518	supercritical
150.00	14.800	230.25	0.0043432	21.279	24.108	87.242	37.684	63.683	303.12	3.4342	25.630	0.037557	supercritical
150.00	14.833	230.86	0.0043316	21.273	24.101	87.210	37.691	63.743	303.18	3.4297	25.651	0.037596	supercritical
150.00	14.867	231.47	0.0043202	21.267	24.094	87.178	37.699	63.803	303.23	3.4251	25.673	0.037635	supercritical
150.00	14.900	232.09	0.0043087	21.261	24.086	87.145	37.706	63.863	303.28	3.4205	25.694	0.037674	supercritical
150.00	14.933	232.70	0.0042974	21.255	24.079	87.113	37.714	63.923	303.34	3.4160	25.715	0.037714	supercritical
150.00	14.967	233.31	0.0042861	21.249	24.072	87.081	37.721	63.983	303.39	3.4114	25.737	0.037753	supercritical
150.00	15.000	233.93	0.0042748	21.242	24.064	87.049	37.728	64.043	303.44	3.4068	25.758	0.037792	supercritical
150.00	15.033	234.54	0.0042636	21.236	24.057	87.017	37.736	64.103	303.50	3.4022	25.780	0.037831	supercritical
150.00	15.067	235.16	0.0042524	21.230	24.050	86.985	37.743	64.163	303.56	3.3976	25.801	0.037871	supercritical
150.00	15.100	235.77	0.0042414	21.224	24.043	86.953	37.750	64.223	303.61	3.3930	25.823	0.037910	supercritical
150.00	15.133	236.39	0.0042303	21.218	24.035	86.922	37.757	64.283	303.67	3.3884	25.845	0.037950	supercritical
150.00	15.167	237.00	0.0042193	21.212	24.028	86.890	37.765	64.343	303.73	3.3838	25.866	0.037990	supercritical
150.00	15.200	237.62	0.0042084	21.206	24.021	86.858	37.772	64.403	303.78	3.3792	25.888	0.038029	supercritical
150.00	15.233	238.24	0.0041975	21.200	24.014	86.826	37.779	64.463	303.84	3.3746	25.910	0.038069	supercritical
150.00	15.267	238.85	0.0041867	21.193	24.006	86.795	37.786	64.522	303.90	3.3700	25.932	0.038109	supercritical
150.00	15.300	239.47	0.0041759	21.187	23.999	86.763	37.794	64.582	303.96	3.3653	25.954	0.038149	supercritical
150.00	15.333	240.09	0.0041652	21.181	23.992	86.731	37.801	64.642	304.02	3.3607	25.976	0.038189	supercritical
150.00	15.367	240.70	0.0041545	21.175	23.985	86.700	37.808	64.701	304.08	3.3561	25.998	0.038229	supercritical
150.00	15.400	241.32	0.0041439	21.169	23.977	86.668	37.815	64.761	304.14	3.3514	26.020	0.038269	supercritical
150.00	15.433	241.94	0.0041333	21.163	23.970	86.637	37.822	64.820	304.20	3.3468	26.043	0.038309	supercritical
150.00	15.467	242.55	0.0041228	21.157	23.963	86.606	37.829	64.880	304.27	3.3421	26.065	0.038349	supercritical
150.00	15.500	243.17	0.0041123	21.151	23.956	86.574	37.836	64.939	304.33	3.3375	26.087	0.038389	supercritical
150.00	15.533	243.79	0.0041019	21.144	23.949	86.543	37.844	64.999	304.39	3.3328	26.110	0.038430	supercritical
150.00	15.567	244.41	0.0040915	21.138	23.941	86.512	37.851	65.058	304.46	3.3282	26.132	0.038470	supercritical
150.00	15.600	245.03	0.0040812	21.132	23.934	86.480	37.858	65.118	304.52	3.3235	26.154	0.038510	supercritical
150.00	15.633	245.64	0.0040709	21.126	23.927	86.449	37.865	65.177	304.59	3.3188	26.177	0.038551	supercritical
150.00	15.667	246.26	0.0040607	21.120	23.920	86.418	37.872	65.236	304.65	3.3141	26.200	0.038591	supercritical
150.00	15.700	246.88	0.0040505	21.114	23.912	86.387	37.879	65.295	304.72	3.3094	26.222	0.038632	supercritical
150.00	15.733	247.50	0.0040404	21.108	23.905	86.356	37.886	65.354	304.78	3.3048	26.245	0.038673	supercritical
150.00	15.767	248.12	0.0040303	21.101	23.898	86.325	37.893	65.413	304.85	3.3001	26.268	0.038713	supercritical
150.00	15.800	248.74	0.0040203	21.095	23.891	86.294	37.900	65.472	304.92	3.2954	26.291	0.038754	supercritical
150.00	15.833	249.36	0.0040103	21.089	23.884	86.263	37.907	65.531	304.99	3.2907	26.314	0.038795	supercritical
150.00	15.867	249.98	0.0040004	21.083	23.876	86.232	37.914	65.590	305.05	3.2860	26.337	0.038836	supercritical
150.00	15.900	250.60	0.0039905	21.077	23.869	86.201	37.921	65.649	305.12	3.2813	26.360	0.038877	supercritical
150.00	15.933	251.22	0.0039806	21.071	23.862	86.171	37.927	65.708	305.19	3.2765	26.383	0.038918	supercritical
150.00	15.967	251.84	0.0039708	21.065	23.855	86.140	37.934	65.767	305.26	3.2718	26.406	0.038959	supercritical
150.00	16.000	252.46	0.0039611	21.059	23.848	86.109	37.941	65.825	305.33	3.2671	26.429	0.039000	supercritical
150.00	16.033	253.08	0.0039513	21.052	23.841	86.079	37.948	65.884	305.41	3.2624	26.452	0.039041	supercritical
150.00	16.067	253.70	0.0039417	21.046	23.833	86.048	37.955	65.943	305.48	3.2576	26.476	0.039083	supercritical
150.00	16.100	254.32	0.0039321	21.040	23.826	86.017	37.962	66.001	305.55	3.2529	26.499	0.039124	supercritical
150.00	16.133	254.94	0.0039225	21.034	23.819	85.987	37.969	66.060	305.62	3.2482	26.522	0.039165	supercritical
150.00	16.167	255.56	0.0039130	21.028	23.812	85.956	37.975	66.118	305.70	3.2434	26.546	0.039207	supercritical
150.00	16.200	256.18	0.0039035	21.022	23.805	85.926	37.982	66.176	305.77	3.2387	26.570	0.039248	supercritical
150.00	16.233	256.80	0.0038940	21.016	23.798	85.896	37.989	66.234	305.84	3.2339	26.593	0.039290	supercritical
150.00	16.267	257.42	0.0038846	21.010	23.791	85.865	37.996	66.293	305.92	3.2292	26.617	0.039331	supercritical
150.00	16.300	258.05	0.0038753	21.003	23.783	85.835	38.003	66.351	306.00	3.2244	26.641	0.039373	supercritical
150.00	16.333	258.67	0.0038660	20.997	23.776	85.805	38.009	66.409	306.07	3.2197	26.664	0.039415	supercritical
150.00	16.367	259.29	0.0038567	20.991	23.769	85.774	38.016	66.467	306.15	3.2149	26.688	0.039457	supercritical
150.00	16.400	259.91	0.0038475	20.985	23.762	85.744	38.023	66.525	306.23	3.2101	26.712	0.039498	supercritical
150.00	16.433	260.53	0.0038383	20.979	23.755	85.714	38.029	66.583	306.30	3.2054	26.736	0.039540	supercritical
150.00	16.467	261.16	0.0038291	20.973	23.748	85.684	38.036	66.640	306.38	3.2006	26.760	0.039582	supercritical
150.00	16.500	261.78	0.0038200	20.967	23.741	85.654	38.043	66.698	306.46	3.1958	26.784	0.039624	supercritical
150.00	16.533	262.40	0.0038110	20.961	23.734	85.624	38.049	66.756	306.54	3.1910	26.808	0.039666	supercritical
150.00	16.567	263.02	0.0038020	20.955	23.727	85.594	38.056	66.813	306.62	3.1863	26.832	0.039708	supercritical
150.00	16.600	263.65	0.0037930	20.948	23.719	85.564	38.063	66.871	306.70	3.1815	26.857	0.039751	supercritical
150.00	16.633	264.27	0.0037840	20.942	23.712	85.534	38.069	66.928	306.78	3.1767	26.881	0.039793	supercritical
150.00	16.667	264.89	0.0037751	20.936	23.705	85.504	38.076	66.985	306.86	3.1719	26.905	0.039835	supercritical
150.00	16.700	265.51	0.0037663	20.930	23.698	85.475	38.082	67.042	306.95	3.1671	26.930	0.039877	supercritical
150.00	16.733	266.14	0.0037575	20.924	23.691	85.445	38.089	67.100	307.03	3.1623	26.954	0.039920	supercritical
150.00	16.767	266.76	0.0037487	20.918	23.684	85.415	38.095	67.157	307.11	3.1575	26.979	0.039962	supercritical
150.00	16.800	267.38	0.0037400	20.912	23.677	85.385	38.102	67.214	307.20	3.1527	27.003	0.040005	supercritical
150.00	16.833	268.01	0.0037313	20.906	23.670	85.356	38.108	67.271	307.28	3.1479	27.028	0.040047	supercritical
150.00	16.867	268.63	0.0037226	20.900	23.663	85.326	38.115	67.327	307.37	3.1431	27.053	0.040090	supercritical
150.00	16.900	269.25	0.0037140	20.893	23.656	85.297	38.121	67.384	307.45	3.1383	27.077	0.040132	supercritical
150.00	16.933	269.88	0.0037054	20.887	23.649	85.267	38.128	67.441	307.54	3.1335	27.102	0.040175	supercritical
150.00	16.967	270.50	0.0036969	20.881	23.642	85.238	38.134	67.497	307.62	3.1286	27.127	0.040218	supercritical
150.00	17.000	271.12	0.0036884	20.875	23.635	85.208	38.140	67.554	307.71	3.1238	27.152	0.040260	supercritical
150.00	17.033	271.75	0.0036799	20.869	23.628	85.179	38.147	67.610	307.80	3.1190	27.177	0.040303	supercritical
150.00	17.067	272.37	0.0036715	20.863	23.621	85.149	38.153	67.666	307.89	3.1142	27.202	0.040346	supercritical
150.00	17.100	272.99	0.0036631	20.857	23.614	85.120	38.160	67.723	307.98	3.1093	27.227	0.040389	supercritical
150.00	17.133	273.62	0.0036547	20.851	23.607	85.091	38.166	67.779	308.07	3.1045	27.252	0.040432	supercritical
150.00	17.167	274.24	0.0036464	20.845	23.600	85.062	38.172	67.835	308.16	3.0997	27.278	0.040475	supercritical
150.00	17.200	274.86	0.0036382	20.839	23.593	85.032	38.179	67.891	308.25	3.0948	27.303	0.040518	supercritical
150.00	17.233	275.49	0.0036299	20.832	23.586	85.003	38.185	67.947	308.34	3.0900	27.328	0.040561	supercritical
150.00	17.267	276.11	0.0036217	20.826	23.579	84.974	38.191	68.002	308.43	3.0852	27.354	0.040604	supercritical
150.00	17.300	276.74	0.0036136	20.820	23.572	84.945	38.197	68.058	308.52	3.0803	27.379	0.040648	supercritical
150.00	17.333	277.36	0.0036054	20.814	23.565	84.916	38.204	68.113	308.62	3.0755	27.405	0.040691	supercritical
150.00	17.367	277.98	0.0035973	20.808	23.558	84.887	38.210	68.169	308.71	3.0706	27.430	0.040734	supercritical
150.00	17.400	278.61	0.0035893	20.802	23.551	84.858	38.216	68.224	308.80	3.0658	27.456	0.040778	supercritical
150.00	17.433	279.23	0.0035813	20.796	23.544	84.829	38.222	68.279	308.90	3.0609	27.481	0.040821	supercritical
150.00	17.467	279.86	0.0035733	20.790	23.537	84.800	38.228	68.335	308.99	3.0561	27.507	0.040864	supercritical
150.00	17.500	280.48	0.0035653	20.784	23.530	84.772	38.235	68.390	309.09	3.0512	27.533	0.040908	supercritical
150.00	17.533	281.10	0.0035574	20.778	23.523	84.743	38.241	68.445	309.18	3.0464	27.559	0.040951	supercritical
150.00	17.567	281.73	0.0035495	20.772	23.516	84.714	38.247	68.499	309.28	3.0415	27.585	0.040995	supercritical
150.00	17.600	282.35	0.0035417	20.766	23.509	84.685	38.253	68.554	309.38	3.0367	27.611	0.041039	supercritical
150.00	17.633	282.98	0.0035339	20.760	23.502	84.657	38.259	68.609	309.48	3.0318	27.637	0.041082	supercritical
150.00	17.667	283.60	0.0035261	20.753	23.495	84.628	38.265	68.663	309.57	3.0270	27.663	0.041126	supercritical
150.00	17.700	284.22	0.0035183	20.747	23.488	84.600	38.271	68.718	309.67	3.0221	27.689	0.041170	supercritical
150.00	17.733	284.85	0.0035106	20.741	23.481	84.571	38.277	68.772	309.77	3.0172	27.715	0.041214	supercritical
150.00	17.767	285.47	0.0035030	20.735	23.474	84.542	38.283	68.826	309.87	3.0124	27.741	0.041257	supercritical
150.00	17.800	286.10	0.0034953	20.729	23.467	84.514	38.289	68.880	309.97	3.0075	27.767	0.041301	supercritical
150.00	17.833	286.72	0.0034877	20.723	23.460	84.486	38.295	68.934	310.07	3.0026	27.794	0.041345	supercritical
150.00	17.867	287.35	0.0034801	20.717	23.454	84.457	38.301	68.988	310.18	2.9978	27.820	0.041389	supercritical
150.00	17.900	287.97	0.0034726	20.711	23.447	84.429	38.307	69.042	310.28	2.9929	27.847	0.041433	supercritical
150.00	17.933	288.59	0.0034651	20.705	23.440	84.401	38.313	69.095	310.38	2.9880	27.873	0.041477	supercritical
150.00	17.967	289.22	0.0034576	20.699	23.433	84.372	38.319	69.149	310.49	2.9832	27.900	0.041521	supercritical
150.00	18.000	289.84	0.0034502	20.693	23.426	84.344	38.325	69.202	310.59	2.9783	27.926	0.041565	supercritical
150.00	18.033	290.47	0.0034428	20.687	23.419	84.316	38.331	69.256	310.69	2.9734	27.953	0.041610	supercritical
150.00	18.067	291.09	0.0034354	20.681	23.412	84.288	38.337	69.309	310.80	2.9685	27.980	0.041654	supercritical
150.00	18.100	291.71	0.0034280	20.675	23.405	84.260	38.342	69.362	310.90	2.9637	28.007	0.041698	supercritical
150.00	18.133	292.34	0.0034207	20.669	23.399	84.232	38.348	69.415	311.01	2.9588	28.033	0.041742	supercritical
150.00	18.167	292.96	0.0034134	20.663	23.392	84.204	38.354	69.468	311.12	2.9539	28.060	0.041787	supercritical
150.00	18.200	293.58	0.0034062	20.657	23.385	84.176	38.360	69.520	311.22	2.9490	28.087	0.041831	supercritical
150.00	18.233	294.21	0.0033990	20.651	23.378	84.148	38.366	69.573	311.33	2.9442	28.114	0.041876	supercritical
150.00	18.267	294.83	0.0033918	20.645	23.371	84.120	38.371	69.625	311.44	2.9393	28.141	0.041920	supercritical
150.00	18.300	295.46	0.0033846	20.639	23.364	84.092	38.377	69.678	311.55	2.9344	28.168	0.041964	supercritical
150.00	18.333	296.08	0.0033775	20.633	23.358	84.064	38.383	69.730	311.66	2.9295	28.196	0.042009	supercritical
150.00	18.367	296.70	0.0033704	20.626	23.351	84.036	38.389	69.782	311.77	2.9246	28.223	0.042054	supercritical
150.00	18.400	297.33	0.0033633	20.620	23.344	84.009	38.394	69.834	311.88	2.9198	28.250	0.042098	supercritical
150.00	18.433	297.95	0.0033563	20.614	23.337	83.981	38.400	69.886	311.99	2.9149	28.277	0.042143	supercritical
150.00	18.467	298.57	0.0033493	20.608	23.330	83.953	38.406	69.937	312.10	2.9100	28.305	0.042187	supercritical
150.00	18.500	299.19	0.0033423	20.602	23.324	83.926	38.411	69.989	312.22	2.9051	28.332	0.042232	supercritical
150.00	18.533	299.82	0.0033354	20.596	23.317	83.898	38.417	70.040	312.33	2.9002	28.360	0.042277	supercritical
150.00	18.567	300.44	0.0033284	20.590	23.310	83.871	38.422	70.092	312.44	2.8954	28.387	0.042322	supercritical
150.00	18.600	301.06	0.0033216	20.584	23.303	83.843	38.428	70.143	312.56	2.8905	28.415	0.042367	supercritical
150.00	18.633	301.69	0.0033147	20.578	23.297	83.816	38.434	70.194	312.67	2.8856	28.442	0.042411	supercritical
150.00	18.667	302.31	0.0033079	20.572	23.290	83.788	38.439	70.245	312.79	2.8807	28.470	0.042456	supercritical
150.00	18.700	302.93	0.0033011	20.566	23.283	83.761	38.445	70.296	312.90	2.8758	28.498	0.042501	supercritical
150.00	18.733	303.55	0.0032943	20.560	23.276	83.733	38.450	70.346	313.02	2.8709	28.526	0.042546	supercritical
150.00	18.767	304.18	0.0032876	20.554	23.270	83.706	38.456	70.397	313.13	2.8661	28.554	0.042591	supercritical
150.00	18.800	304.80	0.0032809	20.548	23.263	83.679	38.461	70.447	313.25	2.8612	28.582	0.042636	supercritical
150.00	18.833	305.42	0.0032742	20.542	23.256	83.652	38.467	70.498	313.37	2.8563	28.609	0.042681	supercritical
150.00	18.867	306.04	0.0032675	20.536	23.250	83.624	38.472	70.548	313.49	2.8514	28.638	0.042726	supercritical
150.00	18.900	306.67	0.0032609	20.530	23.243	83.597	38.478	70.598	313.61	2.8465	28.666	0.042771	supercritical
150.00	18.933	307.29	0.0032543	20.524	23.236	83.570	38.483	70.647	313.73	2.8417	28.694	0.042817	supercritical
150.00	18.967	307.91	0.0032477	20.518	23.229	83.543	38.488	70.697	313.85	2.8368	28.722	0.042862	supercritical
150.00	19.000	308.53	0.0032412	20.513	23.223	83.516	38.494	70.747	313.97	2.8319	28.750	0.042907	supercritical
150.00	19.033	309.15	0.0032347	20.507	23.216	83.489	38.499	70.796	314.09	2.8270	28.778	0.042952	supercritical
150.00	19.067	309.77	0.0032282	20.501	23.209	83.462	38.504	70.845	314.21	2.8222	28.807	0.042997	supercritical
150.00	19.100	310.39	0.0032217	20.495	23.203	83.435	38.510	70.895	314.33	2.8173	28.835	0.043043	supercritical
150.00	19.133	311.01	0.0032153	20.489	23.196	83.408	38.515	70.944	314.45	2.8124	28.864	0.043088	supercritical
150.00	19.167	311.64	0.0032089	20.483	23.189	83.381	38.520	70.992	314.58	2.8075	28.892	0.043133	supercritical
150.00	19.200	312.26	0.0032025	20.477	23.183	83.355	38.526	71.041	314.70	2.8027	28.921	0.043179	supercritical
150.00	19.233	312.88	0.0031961	20.471	23.176	83.328	38.531	71.090	314.83	2.7978	28.949	0.043224	supercritical
150.00	19.267	313.50	0.0031898	20.465	23.170	83.301	38.536	71.138	314.95	2.7929	28.978	0.043270	supercritical
150.00	19.300	314.12	0.0031835	20.459	23.163	83.274	38.541	71.186	315.08	2.7880	29.007	0.043315	supercritical
150.00	19.333	314.74	0.0031772	20.453	23.156	83.248	38.547	71.235	315.20	2.7832	29.035	0.043361	supercritical
150.00	19.367	315.36	0.0031710	20.447	23.150	83.221	38.552	71.283	315.33	2.7783	29.064	0.043406	supercritical
150.00	19.400	315.98	0.0031648	20.441	23.143	83.195	38.557	71.330	315.46	2.7734	29.093	0.043452	supercritical
150.00	19.433	316.60	0.0031586	20.435	23.137	83.168	38.562	71.378	315.58	2.7686	29.122	0.043497	supercritical
150.00	19.467	317.22	0.0031524	20.429	23.130	83.141	38.567	71.426	315.71	2.7637	29.151	0.043543	supercritical
150.00	19.500	317.84	0.0031463	20.423	23.123	83.115	38.572	71.473	315.84	2.7588	29.180	0.043589	supercritical
150.00	19.533	318.45	0.0031402	20.417	23.117	83.089	38.577	71.520	315.97	2.7540	29.209	0.043634	supercritical
150.00	19.567	319.07	0.0031341	20.411	23.110	83.062	38.583	71.567	316.10	2.7491	29.238	0.043680	supercritical
150.00	19.600	319.69	0.0031280	20.405	23.104	83.036	38.588	71.614	316.23	2.7442	29.267	0.043726	supercritical
150.00	19.633	320.31	0.0031220	20.400	23.097	83.010	38.593	71.661	316.36	2.7394	29.296	0.043771	supercritical
150.00	19.667	320.93	0.0031160	20.394	23.091	82.983	38.598	71.708	316.49	2.7345	29.325	0.043817	supercritical
150.00	19.700	321.55	0.0031100	20.388	23.084	82.957	38.603	71.754	316.63	2.7297	29.355	0.043863	supercritical
150.00	19.733	322.17	0.0031040	20.382	23.078	82.931	38.608	71.800	316.76	2.7248	29.384	0.043909	supercritical
150.00	19.767	322.78	0.0030981	20.376	23.071	82.905	38.613	71.847	316.89	2.7200	29.413	0.043955	supercritical
150.00	19.800	323.40	0.0030921	20.370	23.064	82.879	38.618	71.893	317.02	2.7151	29.443	0.044000	supercritical
150.00	19.833	324.02	0.0030862	20.364	23.058	82.853	38.623	71.939	317.16	2.7103	29.472	0.044046	supercritical
150.00	19.867	324.64	0.0030804	20.358	23.051	82.827	38.627	71.984	317.29	2.7054	29.502	0.044092	supercritical
150.00	19.900	325.25	0.0030745	20.352	23.045	82.801	38.632	72.030	317.43	2.7006	29.532	0.044138	supercritical
150.00	19.933	325.87	0.0030687	20.346	23.039	82.775	38.637	72.075	317.56	2.6957	29.561	0.044184	supercritical
150.00	19.967	326.49	0.0030629	20.341	23.032	82.749	38.642	72.120	317.70	2.6909	29.591	0.044230	supercritical
150.00	20.000	327.10	0.0030572	20.335	23.026	82.723	38.647	72.165	317.84	2.6861	29.621	0.044276	supercritical
150.00	20.033	327.72	0.0030514	20.329	23.019	82.697	38.652	72.210	317.98	2.6812	29.650	0.044322	supercritical
150.00	20.067	328.33	0.0030457	20.323	23.013	82.671	38.657	72.255	318.11	2.6764	29.680	0.044368	supercritical
150.00	20.100	328.95	0.0030400	20.317	23.006	82.645	38.661	72.300	318.25	2.6715	29.710	0.044414	supercritical
150.00	20.133	329.56	0.0030343	20.311	23.000	82.620	38.666	72.344	318.39	2.6667	29.740	0.044460	supercritical
150.00	20.167	330.18	0.0030287	20.305	22.993	82.594	38.671	72.388	318.53	2.6619	29.770	0.044506	supercritical
150.00	20.200	330.79	0.0030230	20.299	22.987	82.568	38.676	72.433	318.67	2.6571	29.800	0.044552	supercritical
150.00	20.233	331.41	0.0030174	20.294	22.981	82.543	38.680	72.477	318.81	2.6522	29.830	0.044598	supercritical
150.00	20.267	332.02	0.0030118	20.288	22.974	82.517	38.685	72.520	318.95	2.6474	29.860	0.044645	supercritical
150.00	20.300	332.64	0.0030063	20.282	22.968	82.491	38.690	72.564	319.09	2.6426	29.890	0.044691	supercritical
150.00	20.333	333.25	0.0030007	20.276	22.961	82.466	38.695	72.607	319.23	2.6378	29.921	0.044737	supercritical
150.00	20.367	333.86	0.0029952	20.270	22.955	82.440	38.699	72.651	319.38	2.6330	29.951	0.044783	supercritical
150.00	20.400	334.48	0.0029897	20.264	22.949	82.415	38.704	72.694	319.52	2.6282	29.981	0.044829	supercritical
150.00	20.433	335.09	0.0029843	20.259	22.942	82.390	38.708	72.737	319.66	2.6234	30.011	0.044875	supercritical
150.00	20.467	335.70	0.0029788	20.253	22.936	82.364	38.713	72.780	319.81	2.6185	30.042	0.044922	supercritical
150.00	20.500	336.32	0.0029734	20.247	22.930	82.339	38.718	72.822	319.95	2.6137	30.072	0.044968	supercritical
150.00	20.533	336.93	0.0029680	20.241	22.923	82.314	38.722	72.865	320.10	2.6089	30.103	0.045014	supercritical
150.00	20.567	337.54	0.0029626	20.235	22.917	82.288	38.727	72.907	320.24	2.6041	30.133	0.045060	supercritical
150.00	20.600	338.15	0.0029572	20.229	22.911	82.263	38.731	72.949	320.39	2.5993	30.164	0.045107	supercritical
150.00	20.633	338.76	0.0029519	20.224	22.904	82.238	38.736	72.991	320.54	2.5946	30.194	0.045153	supercritical
150.00	20.667	339.38	0.0029466	20.218	22.898	82.213	38.740	73.033	320.68	2.5898	30.225	0.045199	supercritical
150.00	20.700	339.99	0.0029413	20.212	22.892	82.188	38.745	73.075	320.83	2.5850	30.256	0.045246	supercritical
150.00	20.733	340.60	0.0029360	20.206	22.885	82.163	38.749	73.116	320.98	2.5802	30.287	0.045292	supercritical
150.00	20.767	341.21	0.0029308	20.200	22.879	82.138	38.754	73.157	321.13	2.5754	30.317	0.045338	supercritical
150.00	20.800	341.82	0.0029255	20.195	22.873	82.113	38.758	73.199	321.28	2.5706	30.348	0.045385	supercritical
150.00	20.833	342.43	0.0029203	20.189	22.866	82.088	38.763	73.240	321.43	2.5659	30.379	0.045431	supercritical
150.00	20.867	343.04	0.0029151	20.183	22.860	82.063	38.767	73.280	321.58	2.5611	30.410	0.045478	supercritical
150.00	20.900	343.65	0.0029100	20.177	22.854	82.038	38.772	73.321	321.73	2.5563	30.441	0.045524	supercritical
150.00	20.933	344.25	0.0029048	20.172	22.848	82.013	38.776	73.361	321.88	2.5516	30.472	0.045570	supercritical
150.00	20.967	344.86	0.0028997	20.166	22.841	81.988	38.780	73.402	322.03	2.5468	30.503	0.045617	supercritical
150.00	21.000	345.47	0.0028946	20.160	22.835	81.964	38.785	73.442	322.18	2.5421	30.534	0.045663	supercritical
150.00	21.033	346.08	0.0028895	20.154	22.829	81.939	38.789	73.482	322.34	2.5373	30.565	0.045710	supercritical
150.00	21.067	346.69	0.0028844	20.149	22.823	81.914	38.793	73.522	322.49	2.5325	30.596	0.045756	supercritical
150.00	21.100	347.29	0.0028794	20.143	22.817	81.890	38.797	73.561	322.64	2.5278	30.628	0.045803	supercritical
150.00	21.133	347.90	0.0028744	20.137	22.810	81.865	38.802	73.601	322.80	2.5231	30.659	0.045849	supercritical
150.00	21.167	348.51	0.0028694	20.131	22.804	81.840	38.806	73.640	322.95	2.5183	30.690	0.045896	supercritical
150.00	21.200	349.11	0.0028644	20.126	22.798	81.816	38.810	73.679	323.11	2.5136	30.722	0.045942	supercritical
150.00	21.233	349.72	0.0028594	20.120	22.792	81.791	38.814	73.718	323.26	2.5089	30.753	0.045989	supercritical
150.00	21.267	350.33	0.0028545	20.114	22.786	81.767	38.819	73.757	323.42	2.5041	30.784	0.046035	supercritical
150.00	21.300	350.93	0.0028496	20.108	22.780	81.742	38.823	73.795	323.58	2.4994	30.816	0.046082	supercritical
150.00	21.333	351.54	0.0028447	20.103	22.773	81.718	38.827	73.834	323.73	2.4947	30.847	0.046128	supercritical
150.00	21.367	352.14	0.0028398	20.097	22.767	81.694	38.831	73.872	323.89	2.4900	30.879	0.046175	supercritical
150.00	21.400	352.74	0.0028349	20.091	22.761	81.669	38.835	73.910	324.05	2.4852	30.911	0.046221	supercritical
150.00	21.433	353.35	0.0028301	20.086	22.755	81.645	38.839	73.948	324.21	2.4805	30.942	0.046268	supercritical
150.00	21.467	353.95	0.0028252	20.080	22.749	81.621	38.844	73.986	324.37	2.4758	30.974	0.046315	supercritical
150.00	21.500	354.56	0.0028204	20.074	22.743	81.597	38.848	74.023	324.53	2.4711	31.006	0.046361	supercritical
150.00	21.533	355.16	0.0028156	20.068	22.737	81.573	38.852	74.060	324.69	2.4664	31.037	0.046408	supercritical
150.00	21.567	355.76	0.0028109	20.063	22.731	81.548	38.856	74.098	324.85	2.4617	31.069	0.046454	supercritical
150.00	21.600	356.36	0.0028061	20.057	22.725	81.524	38.860	74.135	325.01	2.4571	31.101	0.046501	supercritical
150.00	21.633	356.97	0.0028014	20.051	22.719	81.500	38.864	74.171	325.17	2.4524	31.133	0.046548	supercritical
150.00	21.667	357.57	0.0027967	20.046	22.712	81.476	38.868	74.208	325.33	2.4477	31.165	0.046594	supercritical
150.00	21.700	358.17	0.0027920	20.040	22.706	81.452	38.872	74.245	325.50	2.4430	31.197	0.046641	supercritical
150.00	21.733	358.77	0.0027873	20.034	22.700	81.428	38.876	74.281	325.66	2.4383	31.229	0.046687	supercritical
150.00	21.767	359.37	0.0027827	20.029	22.694	81.404	38.880	74.317	325.82	2.4337	31.261	0.046734	supercritical
150.00	21.800	359.97	0.0027780	20.023	22.688	81.380	38.884	74.353	325.99	2.4290	31.293	0.046781	supercritical
150.00	21.833	360.57	0.0027734	20.017	22.682	81.357	38.888	74.389	326.15	2.4243	31.325	0.046827	supercritical
150.00	21.867	361.17	0.0027688	20.012	22.676	81.333	38.892	74.424	326.32	2.4197	31.357	0.046874	supercritical
150.00	21.900	361.77	0.0027642	20.006	22.670	81.309	38.895	74.460	326.48	2.4150	31.390	0.046920	supercritical
150.00	21.933	362.36	0.0027596	20.000	22.664	81.285	38.899	74.495	326.65	2.4104	31.422	0.046967	supercritical
150.00	21.967	362.96	0.0027551	19.995	22.658	81.262	38.903	74.530	326.81	2.4058	31.454	0.047014	supercritical
150.00	22.000	363.56	0.0027506	19.989	22.652	81.238	38.907	74.565	326.98	2.4011	31.486	0.047060	supercritical
150.00	22.033	364.16	0.0027461	19.984	22.646	81.214	38.911	74.600	327.15	2.3965	31.519	0.047107	supercritical
150.00	22.067	364.75	0.0027416	19.978	22.640	81.191	38.915	74.634	327.32	2.3919	31.551	0.047154	supercritical
150.00	22.100	365.35	0.0027371	19.972	22.634	81.167	38.918	74.669	327.49	2.3872	31.584	0.047200	supercritical
150.00	22.133	365.95	0.0027326	19.967	22.629	81.144	38.922	74.703	327.65	2.3826	31.616	0.047247	supercritical
150.00	22.167	366.54	0.0027282	19.961	22.623	81.120	38.926	74.737	327.82	2.3780	31.648	0.047293	supercritical
150.00	22.200	367.14	0.0027238	19.956	22.617	81.097	38.930	74.771	327.99	2.3734	31.681	0.047340	supercritical
150.00	22.233	367.73	0.0027194	19.950	22.611	81.073	38.933	74.804	328.16	2.3688	31.714	0.047387	supercritical
150.00	22.267	368.33	0.0027150	19.944	22.605	81.050	38.937	74.838	328.33	2.3642	31.746	0.047433	supercritical
150.00	22.300	368.92	0.0027106	19.939	22.599	81.027	38.941	74.871	328.50	2.3596	31.779	0.047480	supercritical
150.00	22.333	369.52	0.0027062	19.933	22.593	81.003	38.945	74.904	328.68	2.3550	31.812	0.047527	supercritical
150.00	22.367	370.11	0.0027019	19.928	22.587	80.980	38.948	74.937	328.85	2.3504	31.844	0.047573	supercritical
150.00	22.400	370.70	0.0026976	19.922	22.581	80.957	38.952	74.970	329.02	2.3458	31.877	0.047620	supercritical
150.00	22.433	371.29	0.0026933	19.916	22.576	80.934	38.956	75.003	329.19	2.3413	31.910	0.047667	supercritical
150.00	22.467	371.89	0.0026890	19.911	22.570	80.911	38.959	75.035	329.37	2.3367	31.943	0.047713	supercritical
150.00	22.500	372.48	0.0026847	19.905	22.564	80.887	38.963	75.067	329.54	2.3321	31.975	0.047760	supercritical
150.00	22.533	373.07	0.0026805	19.900	22.558	80.864	38.966	75.099	329.71	2.3276	32.008	0.047806	supercritical
150.00	22.567	373.66	0.0026762	19.894	22.552	80.841	38.970	75.131	329.89	2.3230	32.041	0.047853	supercritical
150.00	22.600	374.25	0.0026720	19.889	22.546	80.818	38.973	75.163	330.06	2.3185	32.074	0.047900	supercritical
150.00	22.633	374.84	0.0026678	19.883	22.541	80.795	38.977	75.194	330.24	2.3139	32.107	0.047946	supercritical
150.00	22.667	375.43	0.0026636	19.878	22.535	80.772	38.981	75.226	330.42	2.3094	32.140	0.047993	supercritical
150.00	22.700	376.02	0.0026594	19.872	22.529	80.750	38.984	75.257	330.59	2.3048	32.173	0.048040	supercritical
150.00	22.733	376.61	0.0026553	19.867	22.523	80.727	38.988	75.288	330.77	2.3003	32.206	0.048086	supercritical
150.00	22.767	377.20	0.0026511	19.861	22.517	80.704	38.991	75.319	330.95	2.2958	32.240	0.048133	supercritical
150.00	22.800	377.78	0.0026470	19.856	22.512	80.681	38.994	75.349	331.12	2.2913	32.273	0.048179	supercritical
150.00	22.833	378.37	0.0026429	19.850	22.506	80.658	38.998	75.380	331.30	2.2868	32.306	0.048226	supercritical
150.00	22.867	378.96	0.0026388	19.845	22.500	80.636	39.001	75.410	331.48	2.2823	32.339	0.048272	supercritical
150.00	22.900	379.54	0.0026347	19.839	22.494	80.613	39.005	75.440	331.66	2.2777	32.372	0.048319	supercritical
150.00	22.933	380.13	0.0026307	19.834	22.489	80.590	39.008	75.470	331.84	2.2733	32.406	0.048366	supercritical
150.00	22.967	380.71	0.0026266	19.828	22.483	80.568	39.012	75.500	332.02	2.2688	32.439	0.048412	supercritical
150.00	23.000	381.30	0.0026226	19.823	22.477	80.545	39.015	75.530	332.20	2.2643	32.472	0.048459	supercritical
150.00	23.033	381.88	0.0026186	19.817	22.472	80.522	39.018	75.559	332.38	2.2598	32.506	0.048505	supercritical
150.00	23.067	382.47	0.0026146	19.812	22.466	80.500	39.022	75.588	332.56	2.2553	32.539	0.048552	supercritical
150.00	23.100	383.05	0.0026106	19.806	22.460	80.477	39.025	75.617	332.74	2.2508	32.573	0.048598	supercritical
150.00	23.133	383.63	0.0026066	19.801	22.455	80.455	39.028	75.646	332.92	2.2464	32.606	0.048645	supercritical
150.00	23.167	384.22	0.0026027	19.795	22.449	80.433	39.032	75.675	333.11	2.2419	32.640	0.048691	supercritical
150.00	23.200	384.80	0.0025988	19.790	22.443	80.410	39.035	75.703	333.29	2.2375	32.673	0.048738	supercritical
150.00	23.233	385.38	0.0025948	19.784	22.438	80.388	39.038	75.732	333.47	2.2330	32.707	0.048784	supercritical
150.00	23.267	385.96	0.0025909	19.779	22.432	80.366	39.041	75.760	333.66	2.2286	32.740	0.048831	supercritical
150.00	23.300	386.54	0.0025870	19.774	22.426	80.343	39.045	75.788	333.84	2.2241	32.774	0.048877	supercritical
150.00	23.333	387.12	0.0025832	19.768	22.421	80.321	39.048	75.816	334.02	2.2197	32.808	0.048924	supercritical
150.00	23.367	387.70	0.0025793	19.763	22.415	80.299	39.051	75.843	334.21	2.2153	32.841	0.048970	supercritical
150.00	23.400	388.28	0.0025754	19.757	22.410	80.277	39.054	75.871	334.40	2.2109	32.875	0.049017	supercritical
150.00	23.433	388.86	0.0025716	19.752	22.404	80.255	39.057	75.898	334.58	2.2065	32.909	0.049063	supercritical
150.00	23.467	389.44	0.0025678	19.746	22.398	80.233	39.061	75.925	334.77	2.2021	32.943	0.049110	supercritical
150.00	23.500	390.02	0.0025640	19.741	22.393	80.210	39.064	75.952	334.95	2.1977	32.976	0.049156	supercritical
150.00	23.533	390.60	0.0025602	19.736	22.387	80.188	39.067	75.979	335.14	2.1933	33.010	0.049203	supercritical
150.00	23.567	391.17	0.0025564	19.730	22.382	80.166	39.070	76.006	335.33	2.1889	33.044	0.049249	supercritical
150.00	23.600	391.75	0.0025527	19.725	22.376	80.145	39.073	76.032	335.52	2.1845	33.078	0.049296	supercritical
150.00	23.633	392.32	0.0025489	19.720	22.371	80.123	39.076	76.058	335.70	2.1801	33.112	0.049342	supercritical
150.00	23.667	392.90	0.0025452	19.714	22.365	80.101	39.079	76.085	335.89	2.1757	33.146	0.049388	supercritical
150.00	23.700	393.48	0.0025415	19.709	22.360	80.079	39.082	76.110	336.08	2.1714	33.180	0.049435	supercritical
150.00	23.733	394.05	0.0025378	19.703	22.354	80.057	39.085	76.136	336.27	2.1670	33.214	0.049481	supercritical
150.00	23.767	394.62	0.0025341	19.698	22.349	80.035	39.089	76.162	336.46	2.1627	33.248	0.049527	supercritical
150.00	23.800	395.20	0.0025304	19.693	22.343	80.014	39.092	76.187	336.65	2.1583	33.282	0.049574	supercritical
150.00	23.833	395.77	0.0025267	19.687	22.338	79.992	39.095	76.212	336.84	2.1540	33.316	0.049620	supercritical
150.00	23.867	396.34	0.0025231	19.682	22.332	79.970	39.098	76.237	337.03	2.1496	33.350	0.049666	supercritical
150.00	23.900	396.91	0.0025194	19.677	22.327	79.949	39.101	76.262	337.22	2.1453	33.384	0.049713	supercritical
150.00	23.933	397.49	0.0025158	19.671	22.321	79.927	39.104	76.287	337.42	2.1410	33.419	0.049759	supercritical
150.00	23.967	398.06	0.0025122	19.666	22.316	79.905	39.106	76.312	337.61	2.1367	33.453	0.049805	supercritical
150.00	24.000	398.63	0.0025086	19.661	22.310	79.884	39.109	76.336	337.80	2.1323	33.487	0.049852	supercritical
150.00	24.033	399.20	0.0025050	19.655	22.305	79.862	39.112	76.360	337.99	2.1280	33.521	0.049898	supercritical
150.00	24.067	399.77	0.0025015	19.650	22.300	79.841	39.115	76.384	338.19	2.1237	33.556	0.049944	supercritical
150.00	24.100	400.34	0.0024979	19.645	22.294	79.819	39.118	76.408	338.38	2.1194	33.590	0.049990	supercritical
150.00	24.133	400.90	0.0024944	19.639	22.289	79.798	39.121	76.432	338.57	2.1152	33.624	0.050037	supercritical
150.00	24.167	401.47	0.0024908	19.634	22.283	79.777	39.124	76.455	338.77	2.1109	33.658	0.050083	supercritical
150.00	24.200	402.04	0.0024873	19.629	22.278	79.755	39.127	76.479	338.96	2.1066	33.693	0.050129	supercritical
150.00	24.233	402.61	0.0024838	19.624	22.273	79.734	39.130	76.502	339.16	2.1023	33.727	0.050175	supercritical
150.00	24.267	403.17	0.0024803	19.618	22.267	79.713	39.132	76.525	339.35	2.0981	33.762	0.050221	supercritical
150.00	24.300	403.74	0.0024769	19.613	22.262	79.692	39.135	76.548	339.55	2.0938	33.796	0.050267	supercritical
150.00	24.333	404.30	0.0024734	19.608	22.257	79.670	39.138	76.570	339.75	2.0896	33.831	0.050314	supercritical
150.00	24.367	404.87	0.0024699	19.603	22.251	79.649	39.141	76.593	339.94	2.0853	33.865	0.050360	supercritical
150.00	24.400	405.43	0.0024665	19.597	22.246	79.628	39.144	76.615	340.14	2.0811	33.900	0.050406	supercritical
150.00	24.433	406.00	0.0024631	19.592	22.241	79.607	39.146	76.637	340.34	2.0769	33.934	0.050452	supercritical
150.00	24.467	406.56	0.0024597	19.587	22.235	79.586	39.149	76.659	340.53	2.0726	33.969	0.050498	supercritical
150.00	24.500	407.12	0.0024563	19.582	22.230	79.565	39.152	76.681	340.73	2.0684	34.003	0.050544	supercritical
150.00	24.533	407.68	0.0024529	19.576	22.225	79.544	39.155	76.703	340.93	2.0642	34.038	0.050590	supercritical
150.00	24.567	408.25	0.0024495	19.571	22.219	79.523	39.157	76.724	341.13	2.0600	34.073	0.050636	supercritical
150.00	24.600	408.81	0.0024461	19.566	22.214	79.502	39.160	76.746	341.33	2.0558	34.107	0.050682	supercritical
150.00	24.633	409.37	0.0024428	19.561	22.209	79.481	39.163	76.767	341.53	2.0516	34.142	0.050728	supercritical
150.00	24.667	409.93	0.0024395	19.556	22.204	79.460	39.165	76.788	341.73	2.0474	34.177	0.050774	supercritical
150.00	24.700	410.49	0.0024361	19.550	22.198	79.439	39.168	76.809	341.93	2.0433	34.211	0.050820	supercritical
150.00	24.733	411.04	0.0024328	19.545	22.193	79.419	39.171	76.829	342.13	2.0391	34.246	0.050866	supercritical
150.00	24.767	411.60	0.0024295	19.540	22.188	79.398	39.173	76.850	342.33	2.0349	34.281	0.050912	supercritical
150.00	24.800	412.16	0.0024262	19.535	22.183	79.377	39.176	76.870	342.53	2.0308	34.316	0.050958	supercritical
150.00	24.833	412.72	0.0024230	19.530	22.178	79.356	39.179	76.891	342.73	2.0266	34.351	0.051004	supercritical
150.00	24.867	413.27	0.0024197	19.524	22.172	79.336	39.181	76.911	342.94	2.0225	34.385	0.051049	supercritical
150.00	24.900	413.83	0.0024164	19.519	22.167	79.315	39.184	76.930	343.14	2.0183	34.420	0.051095	supercritical
150.00	24.933	414.39	0.0024132	19.514	22.162	79.295	39.186	76.950	343.34	2.0142	34.455	0.051141	supercritical
150.00	24.967	414.94	0.0024100	19.509	22.157	79.274	39.189	76.970	343.54	2.0101	34.490	0.051187	supercritical
150.00	25.000	415.50	0.0024068	19.504	22.152	79.253	39.191	76.989	343.75	2.0059	34.525	0.051233	supercritical
150.00	25.033	416.05	0.0024036	19.499	22.147	79.233	39.194	77.008	343.95	2.0018	34.560	0.051279	supercritical
150.00	25.067	416.60	0.0024004	19.493	22.142	79.213	39.197	77.027	344.15	1.9977	34.595	0.051324	supercritical
150.00	25.100	417.16	0.0023972	19.488	22.136	79.192	39.199	77.046	344.36	1.9936	34.630	0.051370	supercritical
150.00	25.133	417.71	0.0023940	19.483	22.131	79.172	39.202	77.065	344.56	1.9895	34.665	0.051416	supercritical
150.00	25.167	418.26	0.0023909	19.478	22.126	79.151	39.204	77.084	344.77	1.9854	34.700	0.051461	supercritical
150.00	25.200	418.81	0.0023877	19.473	22.121	79.131	39.206	77.102	344.97	1.9814	34.735	0.051507	supercritical
150.00	25.233	419.36	0.0023846	19.468	22.116	79.111	39.209	77.120	345.18	1.9773	34.770	0.051553	supercritical
150.00	25.267	419.91	0.0023815	19.463	22.111	79.090	39.211	77.138	345.39	1.9732	34.805	0.051598	supercritical
150.00	25.300	420.46	0.0023783	19.458	22.106	79.070	39.214	77.156	345.59	1.9691	34.840	0.051644	supercritical
150.00	25.333	421.01	0.0023752	19.453	22.101	79.050	39.216	77.174	345.80	1.9651	34.875	0.051690	supercritical
150.00	25.367	421.56	0.0023722	19.447	22.096	79.030	39.219	77.192	346.01	1.9610	34.910	0.051735	supercritical
150.00	25.400	422.11	0.0023691	19.442	22.091	79.010	39.221	77.209	346.21	1.9570	34.945	0.051781	supercritical
150.00	25.433	422.65	0.0023660	19.437	22.086	78.990	39.223	77.227	346.42	1.9530	34.981	0.051826	supercritical
150.00	25.467	423.20	0.0023630	19.432	22.081	78.970	39.226	77.244	346.63	1.9489	35.016	0.051872	supercritical
150.00	25.500	423.75	0.0023599	19.427	22.076	78.950	39.228	77.261	346.84	1.9449	35.051	0.051917	supercritical
150.00	25.533	424.29	0.0023569	19.422	22.071	78.930	39.231	77.278	347.05	1.9409	35.086	0.051963	supercritical
150.00	25.567	424.84	0.0023539	19.417	22.066	78.910	39.233	77.294	347.26	1.9369	35.121	0.052008	supercritical
150.00	25.600	425.38	0.0023508	19.412	22.061	78.890	39.235	77.311	347.47	1.9329	35.157	0.052054	supercritical
150.00	25.633	425.92	0.0023478	19.407	22.056	78.870	39.238	77.327	347.67	1.9289	35.192	0.052099	supercritical
150.00	25.667	426.47	0.0023448	19.402	22.051	78.850	39.240	77.343	347.88	1.9249	35.227	0.052145	supercritical
150.00	25.700	427.01	0.0023419	19.397	22.046	78.830	39.242	77.360	348.09	1.9209	35.263	0.052190	supercritical
150.00	25.733	427.55	0.0023389	19.392	22.041	78.810	39.244	77.375	348.31	1.9170	35.298	0.052235	supercritical
150.00	25.767	428.09	0.0023359	19.387	22.036	78.790	39.247	77.391	348.52	1.9130	35.333	0.052281	supercritical
150.00	25.800	428.63	0.0023330	19.382	22.031	78.771	39.249	77.407	348.73	1.9090	35.369	0.052326	supercritical
150.00	25.833	429.17	0.0023301	19.377	22.026	78.751	39.251	77.422	348.94	1.9051	35.404	0.052371	supercritical
150.00	25.867	429.71	0.0023271	19.372	22.021	78.731	39.253	77.438	349.15	1.9011	35.439	0.052416	supercritical
150.00	25.900	430.25	0.0023242	19.367	22.016	78.712	39.256	77.453	349.36	1.8972	35.475	0.052462	supercritical
150.00	25.933	430.79	0.0023213	19.362	22.011	78.692	39.258	77.468	349.58	1.8933	35.510	0.052507	supercritical
150.00	25.967	431.33	0.0023184	19.357	22.006	78.672	39.260	77.483	349.79	1.8893	35.546	0.052552	supercritical
150.00	26.000	431.87	0.0023155	19.352	22.002	78.653	39.262	77.497	350.00	1.8854	35.581	0.052597	supercritical
150.00	26.033	432.40	0.0023127	19.347	21.997	78.633	39.264	77.512	350.21	1.8815	35.616	0.052642	supercritical
150.00	26.067	432.94	0.0023098	19.342	21.992	78.614	39.267	77.526	350.43	1.8776	35.652	0.052688	supercritical
150.00	26.100	433.48	0.0023069	19.337	21.987	78.594	39.269	77.541	350.64	1.8737	35.687	0.052733	supercritical
150.00	26.133	434.01	0.0023041	19.332	21.982	78.575	39.271	77.555	350.86	1.8698	35.723	0.052778	supercritical
150.00	26.167	434.54	0.0023013	19.327	21.977	78.556	39.273	77.569	351.07	1.8659	35.758	0.052823	supercritical
150.00	26.200	435.08	0.0022984	19.322	21.972	78.536	39.275	77.583	351.29	1.8621	35.794	0.052868	supercritical
150.00	26.233	435.61	0.0022956	19.317	21.968	78.517	39.277	77.596	351.50	1.8582	35.830	0.052913	supercritical
150.00	26.267	436.14	0.0022928	19.312	21.963	78.498	39.279	77.610	351.72	1.8543	35.865	0.052958	supercritical
150.00	26.300	436.68	0.0022900	19.307	21.958	78.478	39.282	77.623	351.93	1.8505	35.901	0.053003	supercritical
150.00	26.333	437.21	0.0022872	19.303	21.953	78.459	39.284	77.637	352.15	1.8466	35.936	0.053048	supercritical
150.00	26.367	437.74	0.0022845	19.298	21.949	78.440	39.286	77.650	352.36	1.8428	35.972	0.053093	supercritical
150.00	26.400	438.27	0.0022817	19.293	21.944	78.421	39.288	77.663	352.58	1.8389	36.007	0.053138	supercritical
150.00	26.433	438.80	0.0022789	19.288	21.939	78.402	39.290	77.676	352.80	1.8351	36.043	0.053182	supercritical
150.00	26.467	439.33	0.0022762	19.283	21.934	78.382	39.292	77.688	353.02	1.8313	36.079	0.053227	supercritical
150.00	26.500	439.86	0.0022735	19.278	21.929	78.363	39.294	77.701	353.23	1.8275	36.114	0.053272	supercritical
150.00	26.533	440.39	0.0022707	19.273	21.925	78.344	39.296	77.713	353.45	1.8236	36.150	0.053317	supercritical
150.00	26.567	440.91	0.0022680	19.268	21.920	78.325	39.298	77.725	353.67	1.8198	36.186	0.053362	supercritical
150.00	26.600	441.44	0.0022653	19.263	21.915	78.306	39.300	77.738	353.89	1.8160	36.221	0.053406	supercritical
150.00	26.633	441.97	0.0022626	19.259	21.911	78.287	39.302	77.750	354.11	1.8123	36.257	0.053451	supercritical
150.00	26.667	442.49	0.0022599	19.254	21.906	78.268	39.304	77.761	354.32	1.8085	36.293	0.053496	supercritical
150.00	26.700	443.02	0.0022573	19.249	21.901	78.250	39.306	77.773	354.54	1.8047	36.328	0.053540	supercritical
150.00	26.733	443.54	0.0022546	19.244	21.897	78.231	39.308	77.785	354.76	1.8009	36.364	0.053585	supercritical
150.00	26.767	444.06	0.0022519	19.239	21.892	78.212	39.310	77.796	354.98	1.7972	36.400	0.053630	supercritical
150.00	26.800	444.59	0.0022493	19.234	21.887	78.193	39.312	77.807	355.20	1.7934	36.436	0.053674	supercritical
150.00	26.833	445.11	0.0022466	19.230	21.883	78.174	39.314	77.819	355.42	1.7897	36.471	0.053719	supercritical
150.00	26.867	445.63	0.0022440	19.225	21.878	78.155	39.316	77.830	355.64	1.7859	36.507	0.053763	supercritical
150.00	26.900	446.15	0.0022414	19.220	21.873	78.137	39.318	77.840	355.86	1.7822	36.543	0.053808	supercritical
150.00	26.933	446.67	0.0022388	19.215	21.869	78.118	39.319	77.851	356.08	1.7785	36.579	0.053852	supercritical
150.00	26.967	447.19	0.0022362	19.210	21.864	78.099	39.321	77.862	356.31	1.7747	36.615	0.053897	supercritical
150.00	27.000	447.71	0.0022336	19.205	21.860	78.081	39.323	77.872	356.53	1.7710	36.650	0.053941	supercritical
150.00	27.033	448.23	0.0022310	19.201	21.855	78.062	39.325	77.883	356.75	1.7673	36.686	0.053986	supercritical
150.00	27.067	448.75	0.0022284	19.196	21.850	78.044	39.327	77.893	356.97	1.7636	36.722	0.054030	supercritical
150.00	27.100	449.27	0.0022258	19.191	21.846	78.025	39.329	77.903	357.19	1.7599	36.758	0.054074	supercritical
150.00	27.133	449.79	0.0022233	19.186	21.841	78.007	39.331	77.913	357.42	1.7562	36.794	0.054119	supercritical
150.00	27.167	450.30	0.0022207	19.182	21.837	77.988	39.333	77.923	357.64	1.7526	36.830	0.054163	supercritical
150.00	27.200	450.82	0.0022182	19.177	21.832	77.970	39.334	77.932	357.86	1.7489	36.865	0.054207	supercritical
150.00	27.233	451.33	0.0022157	19.172	21.828	77.951	39.336	77.942	358.08	1.7452	36.901	0.054252	supercritical
150.00	27.267	451.85	0.0022131	19.167	21.823	77.933	39.338	77.951	358.31	1.7416	36.937	0.054296	supercritical
150.00	27.300	452.36	0.0022106	19.163	21.819	77.915	39.340	77.961	358.53	1.7379	36.973	0.054340	supercritical
150.00	27.333	452.88	0.0022081	19.158	21.814	77.896	39.342	77.970	358.76	1.7343	37.009	0.054384	supercritical
150.00	27.367	453.39	0.0022056	19.153	21.809	77.878	39.343	77.979	358.98	1.7306	37.045	0.054428	supercritical
150.00	27.400	453.90	0.0022031	19.148	21.805	77.860	39.345	77.988	359.20	1.7270	37.081	0.054473	supercritical
150.00	27.433	454.41	0.0022006	19.144	21.801	77.841	39.347	77.996	359.43	1.7234	37.117	0.054517	supercritical
150.00	27.467	454.93	0.0021982	19.139	21.796	77.823	39.349	78.005	359.65	1.7197	37.153	0.054561	supercritical
150.00	27.500	455.44	0.0021957	19.134	21.792	77.805	39.350	78.014	359.88	1.7161	37.189	0.054605	supercritical
150.00	27.533	455.95	0.0021932	19.129	21.787	77.787	39.352	78.022	360.10	1.7125	37.224	0.054649	supercritical
150.00	27.567	456.46	0.0021908	19.125	21.783	77.769	39.354	78.030	360.33	1.7089	37.260	0.054693	supercritical
150.00	27.600	456.96	0.0021884	19.120	21.778	77.751	39.356	78.038	360.56	1.7053	37.296	0.054737	supercritical
150.00	27.633	457.47	0.0021859	19.115	21.774	77.733	39.357	78.046	360.78	1.7018	37.332	0.054781	supercritical
150.00	27.667	457.98	0.0021835	19.111	21.769	77.715	39.359	78.054	361.01	1.6982	37.368	0.054824	supercritical
150.00	27.700	458.49	0.0021811	19.106	21.765	77.697	39.361	78.062	361.24	1.6946	37.404	0.054868	supercritical
150.00	27.733	458.99	0.0021787	19.101	21.761	77.679	39.362	78.070	361.46	1.6911	37.440	0.054912	supercritical
150.00	27.767	459.50	0.0021763	19.097	21.756	77.661	39.364	78.077	361.69	1.6875	37.476	0.054956	supercritical
150.00	27.800	460.00	0.0021739	19.092	21.752	77.643	39.366	78.085	361.92	1.6839	37.512	0.055000	supercritical
150.00	27.833	460.51	0.0021715	19.087	21.747	77.625	39.367	78.092	362.14	1.6804	37.548	0.055044	supercritical
150.00	27.867	461.01	0.0021691	19.083	21.743	77.607	39.369	78.099	362.37	1.6769	37.584	0.055087	supercritical
150.00	27.900	461.52	0.0021668	19.078	21.739	77.589	39.371	78.106	362.60	1.6733	37.620	0.055131	supercritical
150.00	27.933	462.02	0.0021644	19.074	21.734	77.571	39.372	78.113	362.83	1.6698	37.656	0.055175	supercritical
150.00	27.967	462.52	0.0021621	19.069	21.730	77.554	39.374	78.120	363.06	1.6663	37.692	0.055218	supercritical
150.00	28.000	463.02	0.0021597	19.064	21.726	77.536	39.375	78.126	363.29	1.6628	37.728	0.055262	supercritical
150.00	28.033	463.52	0.0021574	19.060	21.721	77.518	39.377	78.133	363.51	1.6593	37.764	0.055306	supercritical
150.00	28.067	464.02	0.0021551	19.055	21.717	77.501	39.379	78.139	363.74	1.6558	37.800	0.055349	supercritical
150.00	28.100	464.52	0.0021527	19.050	21.713	77.483	39.380	78.146	363.97	1.6523	37.836	0.055393	supercritical
150.00	28.133	465.02	0.0021504	19.046	21.708	77.465	39.382	78.152	364.20	1.6488	37.872	0.055436	supercritical
150.00	28.167	465.52	0.0021481	19.041	21.704	77.448	39.383	78.158	364.43	1.6453	37.909	0.055480	supercritical
150.00	28.200	466.02	0.0021458	19.037	21.700	77.430	39.385	78.164	364.66	1.6419	37.945	0.055523	supercritical
150.00	28.233	466.51	0.0021436	19.032	21.696	77.413	39.387	78.170	364.89	1.6384	37.981	0.055566	supercritical
150.00	28.267	467.01	0.0021413	19.027	21.691	77.395	39.388	78.176	365.12	1.6350	38.017	0.055610	supercritical
150.00	28.300	467.51	0.0021390	19.023	21.687	77.378	39.390	78.181	365.35	1.6315	38.053	0.055653	supercritical
150.00	28.333	468.00	0.0021367	19.018	21.683	77.360	39.391	78.187	365.58	1.6281	38.089	0.055697	supercritical
150.00	28.367	468.50	0.0021345	19.014	21.679	77.343	39.393	78.192	365.82	1.6246	38.125	0.055740	supercritical
150.00	28.400	468.99	0.0021322	19.009	21.674	77.325	39.394	78.197	366.05	1.6212	38.161	0.055783	supercritical
150.00	28.433	469.48	0.0021300	19.005	21.670	77.308	39.396	78.202	366.28	1.6178	38.197	0.055826	supercritical
150.00	28.467	469.98	0.0021278	19.000	21.666	77.291	39.397	78.208	366.51	1.6144	38.233	0.055870	supercritical
150.00	28.500	470.47	0.0021255	18.996	21.662	77.273	39.399	78.212	366.74	1.6110	38.269	0.055913	supercritical
150.00	28.533	470.96	0.0021233	18.991	21.657	77.256	39.400	78.217	366.97	1.6076	38.305	0.055956	supercritical
150.00	28.567	471.45	0.0021211	18.987	21.653	77.239	39.402	78.222	367.21	1.6042	38.341	0.055999	supercritical
150.00	28.600	471.94	0.0021189	18.982	21.649	77.222	39.403	78.227	367.44	1.6008	38.378	0.056042	supercritical
150.00	28.633	472.43	0.0021167	18.978	21.645	77.204	39.405	78.231	367.67	1.5974	38.414	0.056085	supercritical
150.00	28.667	472.92	0.0021145	18.973	21.641	77.187	39.406	78.235	367.90	1.5940	38.450	0.056128	supercritical
150.00	28.700	473.41	0.0021123	18.969	21.637	77.170	39.408	78.240	368.14	1.5907	38.486	0.056171	supercritical
150.00	28.733	473.90	0.0021102	18.964	21.632	77.153	39.409	78.244	368.37	1.5873	38.522	0.056214	supercritical
150.00	28.767	474.39	0.0021080	18.960	21.628	77.136	39.410	78.248	368.60	1.5840	38.558	0.056257	supercritical
150.00	28.800	474.87	0.0021058	18.955	21.624	77.119	39.412	78.252	368.84	1.5806	38.594	0.056300	supercritical
150.00	28.833	475.36	0.0021037	18.951	21.620	77.102	39.413	78.256	369.07	1.5773	38.630	0.056343	supercritical
150.00	28.867	475.84	0.0021015	18.946	21.616	77.085	39.415	78.260	369.31	1.5739	38.666	0.056386	supercritical
150.00	28.900	476.33	0.0020994	18.942	21.612	77.068	39.416	78.263	369.54	1.5706	38.702	0.056429	supercritical
150.00	28.933	476.81	0.0020973	18.937	21.608	77.051	39.417	78.267	369.77	1.5673	38.739	0.056471	supercritical
150.00	28.967	477.30	0.0020951	18.933	21.604	77.034	39.419	78.270	370.01	1.5640	38.775	0.056514	supercritical
150.00	29.000	477.78	0.0020930	18.928	21.600	77.017	39.420	78.274	370.24	1.5607	38.811	0.056557	supercritical
150.00	29.033	478.26	0.0020909	18.924	21.596	77.000	39.422	78.277	370.48	1.5574	38.847	0.056600	supercritical
150.00	29.067	478.75	0.0020888	18.919	21.591	76.983	39.423	78.280	370.71	1.5541	38.883	0.056642	supercritical
150.00	29.100	479.23	0.0020867	18.915	21.587	76.967	39.424	78.283	370.95	1.5508	38.919	0.056685	supercritical
150.00	29.133	479.71	0.0020846	18.911	21.583	76.950	39.426	78.286	371.18	1.5475	38.955	0.056728	supercritical
150.00	29.167	480.19	0.0020825	18.906	21.579	76.933	39.427	78.289	371.42	1.5442	38.991	0.056770	supercritical
150.00	29.200	480.67	0.0020804	18.902	21.575	76.916	39.428	78.291	371.66	1.5410	39.028	0.056813	supercritical
150.00	29.233	481.15	0.0020784	18.897	21.571	76.900	39.430	78.294	371.89	1.5377	39.064	0.056855	supercritical
150.00	29.267	481.62	0.0020763	18.893	21.567	76.883	39.431	78.296	372.13	1.5345	39.100	0.056898	supercritical
150.00	29.300	482.10	0.0020743	18.889	21.563	76.866	39.432	78.299	372.37	1.5312	39.136	0.056940	supercritical
150.00	29.333	482.58	0.0020722	18.884	21.559	76.850	39.434	78.301	372.60	1.5280	39.172	0.056983	supercritical
150.00	29.367	483.06	0.0020702	18.880	21.555	76.833	39.435	78.303	372.84	1.5247	39.208	0.057025	supercritical
150.00	29.400	483.53	0.0020681	18.875	21.551	76.817	39.436	78.306	373.08	1.5215	39.244	0.057068	supercritical
150.00	29.433	484.01	0.0020661	18.871	21.547	76.800	39.438	78.308	373.31	1.5183	39.280	0.057110	supercritical
150.00	29.467	484.48	0.0020641	18.867	21.543	76.783	39.439	78.310	373.55	1.5151	39.317	0.057152	supercritical
150.00	29.500	484.96	0.0020620	18.862	21.539	76.767	39.440	78.311	373.79	1.5119	39.353	0.057194	supercritical
150.00	29.533	485.43	0.0020600	18.858	21.536	76.751	39.441	78.313	374.02	1.5087	39.389	0.057237	supercritical
150.00	29.567	485.90	0.0020580	18.854	21.532	76.734	39.443	78.315	374.26	1.5055	39.425	0.057279	supercritical
150.00	29.600	486.37	0.0020560	18.849	21.528	76.718	39.444	78.316	374.50	1.5023	39.461	0.057321	supercritical
150.00	29.633	486.85	0.0020540	18.845	21.524	76.701	39.445	78.318	374.74	1.4991	39.497	0.057363	supercritical
150.00	29.667	487.32	0.0020521	18.841	21.520	76.685	39.446	78.319	374.98	1.4959	39.533	0.057405	supercritical
150.00	29.700	487.79	0.0020501	18.836	21.516	76.669	39.448	78.320	375.22	1.4928	39.569	0.057448	supercritical
150.00	29.733	488.26	0.0020481	18.832	21.512	76.652	39.449	78.322	375.45	1.4896	39.605	0.057490	supercritical
150.00	29.767	488.73	0.0020461	18.828	21.508	76.636	39.450	78.323	375.69	1.4865	39.642	0.057532	supercritical
150.00	29.800	489.19	0.0020442	18.823	21.504	76.620	39.451	78.324	375.93	1.4833	39.678	0.057574	supercritical
150.00	29.833	489.66	0.0020422	18.819	21.500	76.604	39.453	78.325	376.17	1.4802	39.714	0.057616	supercritical
150.00	29.867	490.13	0.0020403	18.815	21.497	76.587	39.454	78.325	376.41	1.4770	39.750	0.057658	supercritical
150.00	29.900	490.60	0.0020383	18.810	21.493	76.571	39.455	78.326	376.65	1.4739	39.786	0.057700	supercritical
150.00	29.933	491.06	0.0020364	18.806	21.489	76.555	39.456	78.327	376.89	1.4708	39.822	0.057741	supercritical
150.00	29.967	491.53	0.0020345	18.802	21.485	76.539	39.457	78.327	377.13	1.4677	39.858	0.057783	supercritical
150.00	30.000	491.99	0.0020326	18.798	21.481	76.523	39.459	78.328	377.37	1.4646	39.894	0.057825	supercritical
