Temperature (C)	Pressure (MPa)	Density (kg/m3)	Volume (m3/kg)	Internal Energy (kJ/mol)	Enthalpy (kJ/mol)	Entropy (J/mol*K)	Cv (J/mol*K)	Cp (J/mol*K)	Sound Spd. (m/s)	Joule-Thomson (K/MPa)	Viscosity (uPa*s)	Therm. Cond. (W/m*K)	Phase
160.00	10.000	139.92	0.0071468	22.572	25.718	93.744	36.586	54.167	305.96	3.7993	23.472	0.033137	supercritical
160.00	10.033	140.45	0.0071200	22.567	25.711	93.704	36.594	54.215	305.95	3.7962	23.484	0.033163	supercritical
160.00	10.067	140.98	0.0070934	22.562	25.704	93.664	36.601	54.264	305.95	3.7932	23.497	0.033190	supercritical
160.00	10.100	141.51	0.0070669	22.556	25.697	93.624	36.609	54.313	305.94	3.7901	23.509	0.033216	supercritical
160.00	10.133	142.03	0.0070406	22.551	25.690	93.585	36.617	54.362	305.93	3.7869	23.522	0.033242	supercritical
160.00	10.167	142.56	0.0070145	22.545	25.684	93.545	36.625	54.410	305.93	3.7838	23.535	0.033269	supercritical
160.00	10.200	143.09	0.0069885	22.539	25.677	93.506	36.633	54.459	305.92	3.7807	23.548	0.033295	supercritical
160.00	10.233	143.62	0.0069627	22.534	25.670	93.466	36.641	54.508	305.91	3.7776	23.560	0.033322	supercritical
160.00	10.267	144.15	0.0069371	22.528	25.663	93.427	36.648	54.557	305.91	3.7744	23.573	0.033348	supercritical
160.00	10.300	144.68	0.0069117	22.523	25.656	93.387	36.656	54.606	305.90	3.7713	23.586	0.033375	supercritical
160.00	10.333	145.21	0.0068864	22.517	25.649	93.348	36.664	54.655	305.90	3.7681	23.599	0.033402	supercritical
160.00	10.367	145.74	0.0068613	22.512	25.642	93.309	36.672	54.704	305.90	3.7650	23.612	0.033429	supercritical
160.00	10.400	146.28	0.0068364	22.506	25.635	93.270	36.680	54.753	305.89	3.7618	23.625	0.033455	supercritical
160.00	10.433	146.81	0.0068116	22.501	25.629	93.231	36.687	54.803	305.89	3.7586	23.638	0.033482	supercritical
160.00	10.467	147.34	0.0067870	22.495	25.622	93.192	36.695	54.852	305.88	3.7555	23.651	0.033509	supercritical
160.00	10.500	147.87	0.0067626	22.490	25.615	93.153	36.703	54.901	305.88	3.7523	23.664	0.033536	supercritical
160.00	10.533	148.41	0.0067383	22.484	25.608	93.115	36.711	54.950	305.88	3.7491	23.677	0.033563	supercritical
160.00	10.567	148.94	0.0067141	22.479	25.601	93.076	36.719	55.000	305.88	3.7459	23.690	0.033591	supercritical
160.00	10.600	149.47	0.0066902	22.473	25.594	93.037	36.726	55.049	305.87	3.7427	23.704	0.033618	supercritical
160.00	10.633	150.01	0.0066663	22.468	25.587	92.999	36.734	55.099	305.87	3.7394	23.717	0.033645	supercritical
160.00	10.667	150.54	0.0066427	22.462	25.581	92.961	36.742	55.148	305.87	3.7362	23.730	0.033672	supercritical
160.00	10.700	151.08	0.0066191	22.457	25.574	92.922	36.750	55.198	305.87	3.7330	23.743	0.033700	supercritical
160.00	10.733	151.61	0.0065958	22.451	25.567	92.884	36.757	55.248	305.87	3.7297	23.757	0.033727	supercritical
160.00	10.767	152.15	0.0065725	22.446	25.560	92.846	36.765	55.297	305.87	3.7265	23.770	0.033755	supercritical
160.00	10.800	152.68	0.0065495	22.440	25.553	92.808	36.773	55.347	305.87	3.7232	23.784	0.033782	supercritical
160.00	10.833	153.22	0.0065265	22.434	25.546	92.770	36.781	55.397	305.87	3.7200	23.797	0.033810	supercritical
160.00	10.867	153.76	0.0065038	22.429	25.539	92.732	36.788	55.446	305.87	3.7167	23.811	0.033837	supercritical
160.00	10.900	154.29	0.0064811	22.423	25.532	92.694	36.796	55.496	305.87	3.7134	23.824	0.033865	supercritical
160.00	10.933	154.83	0.0064586	22.418	25.526	92.656	36.804	55.546	305.87	3.7101	23.838	0.033893	supercritical
160.00	10.967	155.37	0.0064362	22.412	25.519	92.619	36.811	55.596	305.88	3.7068	23.852	0.033921	supercritical
160.00	11.000	155.91	0.0064140	22.407	25.512	92.581	36.819	55.646	305.88	3.7035	23.865	0.033949	supercritical
160.00	11.033	156.45	0.0063919	22.401	25.505	92.543	36.827	55.696	305.88	3.7002	23.879	0.033977	supercritical
160.00	11.067	156.99	0.0063700	22.396	25.498	92.506	36.835	55.746	305.88	3.6969	23.893	0.034005	supercritical
160.00	11.100	157.53	0.0063482	22.390	25.491	92.469	36.842	55.796	305.89	3.6936	23.907	0.034033	supercritical
160.00	11.133	158.06	0.0063265	22.385	25.484	92.431	36.850	55.846	305.89	3.6903	23.921	0.034061	supercritical
160.00	11.167	158.61	0.0063050	22.379	25.477	92.394	36.858	55.896	305.89	3.6869	23.935	0.034089	supercritical
160.00	11.200	159.15	0.0062836	22.373	25.471	92.357	36.865	55.947	305.90	3.6836	23.949	0.034117	supercritical
160.00	11.233	159.69	0.0062623	22.368	25.464	92.320	36.873	55.997	305.90	3.6802	23.963	0.034146	supercritical
160.00	11.267	160.23	0.0062411	22.362	25.457	92.283	36.881	56.047	305.91	3.6769	23.977	0.034174	supercritical
160.00	11.300	160.77	0.0062201	22.357	25.450	92.246	36.888	56.098	305.91	3.6735	23.991	0.034202	supercritical
160.00	11.333	161.31	0.0061992	22.351	25.443	92.209	36.896	56.148	305.92	3.6701	24.005	0.034231	supercritical
160.00	11.367	161.85	0.0061784	22.346	25.436	92.172	36.903	56.198	305.92	3.6668	24.019	0.034259	supercritical
160.00	11.400	162.40	0.0061578	22.340	25.429	92.135	36.911	56.249	305.93	3.6634	24.033	0.034288	supercritical
160.00	11.433	162.94	0.0061373	22.334	25.423	92.099	36.919	56.299	305.94	3.6600	24.048	0.034317	supercritical
160.00	11.467	163.48	0.0061169	22.329	25.416	92.062	36.926	56.350	305.94	3.6566	24.062	0.034345	supercritical
160.00	11.500	164.03	0.0060966	22.323	25.409	92.025	36.934	56.400	305.95	3.6532	24.076	0.034374	supercritical
160.00	11.533	164.57	0.0060765	22.318	25.402	91.989	36.942	56.451	305.96	3.6498	24.091	0.034403	supercritical
160.00	11.567	165.11	0.0060564	22.312	25.395	91.953	36.949	56.502	305.97	3.6463	24.105	0.034432	supercritical
160.00	11.600	165.66	0.0060365	22.306	25.388	91.916	36.957	56.552	305.98	3.6429	24.120	0.034461	supercritical
160.00	11.633	166.20	0.0060167	22.301	25.381	91.880	36.964	56.603	305.99	3.6395	24.134	0.034490	supercritical
160.00	11.667	166.75	0.0059971	22.295	25.374	91.844	36.972	56.654	305.99	3.6360	24.149	0.034519	supercritical
160.00	11.700	167.29	0.0059775	22.290	25.368	91.808	36.979	56.704	306.00	3.6326	24.163	0.034548	supercritical
160.00	11.733	167.84	0.0059580	22.284	25.361	91.772	36.987	56.755	306.01	3.6291	24.178	0.034577	supercritical
160.00	11.767	168.39	0.0059387	22.278	25.354	91.736	36.995	56.806	306.03	3.6257	24.193	0.034607	supercritical
160.00	11.800	168.93	0.0059195	22.273	25.347	91.700	37.002	56.857	306.04	3.6222	24.207	0.034636	supercritical
160.00	11.833	169.48	0.0059004	22.267	25.340	91.664	37.010	56.908	306.05	3.6187	24.222	0.034665	supercritical
160.00	11.867	170.03	0.0058814	22.262	25.333	91.628	37.017	56.959	306.06	3.6152	24.237	0.034695	supercritical
160.00	11.900	170.58	0.0058625	22.256	25.326	91.592	37.025	57.010	306.07	3.6117	24.252	0.034724	supercritical
160.00	11.933	171.12	0.0058437	22.250	25.320	91.557	37.032	57.061	306.08	3.6082	24.267	0.034754	supercritical
160.00	11.967	171.67	0.0058251	22.245	25.313	91.521	37.040	57.112	306.10	3.6047	24.282	0.034784	supercritical
160.00	12.000	172.22	0.0058065	22.239	25.306	91.485	37.047	57.163	306.11	3.6012	24.297	0.034813	supercritical
160.00	12.033	172.77	0.0057881	22.234	25.299	91.450	37.055	57.214	306.12	3.5977	24.312	0.034843	supercritical
160.00	12.067	173.32	0.0057697	22.228	25.292	91.415	37.062	57.265	306.14	3.5942	24.327	0.034873	supercritical
160.00	12.100	173.87	0.0057515	22.222	25.285	91.379	37.070	57.316	306.15	3.5906	24.342	0.034903	supercritical
160.00	12.133	174.42	0.0057333	22.217	25.278	91.344	37.077	57.367	306.16	3.5871	24.357	0.034933	supercritical
160.00	12.167	174.97	0.0057153	22.211	25.272	91.309	37.085	57.418	306.18	3.5836	24.372	0.034963	supercritical
160.00	12.200	175.52	0.0056974	22.206	25.265	91.274	37.092	57.469	306.19	3.5800	24.388	0.034993	supercritical
160.00	12.233	176.07	0.0056795	22.200	25.258	91.238	37.100	57.521	306.21	3.5764	24.403	0.035023	supercritical
160.00	12.267	176.62	0.0056618	22.194	25.251	91.203	37.107	57.572	306.23	3.5729	24.418	0.035053	supercritical
160.00	12.300	177.17	0.0056442	22.189	25.244	91.168	37.114	57.623	306.24	3.5693	24.434	0.035083	supercritical
160.00	12.333	177.73	0.0056266	22.183	25.237	91.134	37.122	57.675	306.26	3.5657	24.449	0.035114	supercritical
160.00	12.367	178.28	0.0056092	22.178	25.230	91.099	37.129	57.726	306.28	3.5621	24.465	0.035144	supercritical
160.00	12.400	178.83	0.0055919	22.172	25.224	91.064	37.137	57.777	306.29	3.5585	24.480	0.035174	supercritical
160.00	12.433	179.38	0.0055746	22.166	25.217	91.029	37.144	57.829	306.31	3.5549	24.496	0.035205	supercritical
160.00	12.467	179.94	0.0055575	22.161	25.210	90.994	37.151	57.880	306.33	3.5513	24.511	0.035235	supercritical
160.00	12.500	180.49	0.0055405	22.155	25.203	90.960	37.159	57.932	306.35	3.5477	24.527	0.035266	supercritical
160.00	12.533	181.04	0.0055235	22.149	25.196	90.925	37.166	57.983	306.37	3.5441	24.543	0.035297	supercritical
160.00	12.567	181.60	0.0055066	22.144	25.189	90.891	37.174	58.034	306.39	3.5405	24.558	0.035327	supercritical
160.00	12.600	182.15	0.0054899	22.138	25.182	90.856	37.181	58.086	306.41	3.5368	24.574	0.035358	supercritical
160.00	12.633	182.71	0.0054732	22.133	25.176	90.822	37.188	58.137	306.43	3.5332	24.590	0.035389	supercritical
160.00	12.667	183.26	0.0054566	22.127	25.169	90.788	37.196	58.189	306.45	3.5296	24.606	0.035420	supercritical
160.00	12.700	183.82	0.0054401	22.121	25.162	90.753	37.203	58.241	306.47	3.5259	24.622	0.035451	supercritical
160.00	12.733	184.37	0.0054237	22.116	25.155	90.719	37.210	58.292	306.49	3.5223	24.638	0.035482	supercritical
160.00	12.767	184.93	0.0054074	22.110	25.148	90.685	37.218	58.344	306.51	3.5186	24.654	0.035513	supercritical
160.00	12.800	185.49	0.0053912	22.104	25.141	90.651	37.225	58.395	306.54	3.5149	24.670	0.035544	supercritical
160.00	12.833	186.04	0.0053751	22.099	25.134	90.617	37.232	58.447	306.56	3.5112	24.686	0.035575	supercritical
160.00	12.867	186.60	0.0053590	22.093	25.128	90.583	37.240	58.499	306.58	3.5076	24.702	0.035607	supercritical
160.00	12.900	187.16	0.0053431	22.087	25.121	90.549	37.247	58.550	306.61	3.5039	24.718	0.035638	supercritical
160.00	12.933	187.72	0.0053272	22.082	25.114	90.515	37.254	58.602	306.63	3.5002	24.735	0.035669	supercritical
160.00	12.967	188.27	0.0053114	22.076	25.107	90.481	37.261	58.654	306.65	3.4965	24.751	0.035701	supercritical
160.00	13.000	188.83	0.0052957	22.070	25.100	90.448	37.269	58.705	306.68	3.4928	24.767	0.035732	supercritical
160.00	13.033	189.39	0.0052801	22.065	25.093	90.414	37.276	58.757	306.70	3.4890	24.784	0.035764	supercritical
160.00	13.067	189.95	0.0052646	22.059	25.087	90.380	37.283	58.809	306.73	3.4853	24.800	0.035795	supercritical
160.00	13.100	190.51	0.0052491	22.054	25.080	90.347	37.290	58.861	306.76	3.4816	24.817	0.035827	supercritical
160.00	13.133	191.07	0.0052338	22.048	25.073	90.313	37.298	58.912	306.78	3.4779	24.833	0.035859	supercritical
160.00	13.167	191.63	0.0052185	22.042	25.066	90.280	37.305	58.964	306.81	3.4741	24.850	0.035891	supercritical
160.00	13.200	192.19	0.0052033	22.037	25.059	90.246	37.312	59.016	306.84	3.4704	24.866	0.035922	supercritical
160.00	13.233	192.75	0.0051882	22.031	25.052	90.213	37.319	59.068	306.86	3.4666	24.883	0.035954	supercritical
160.00	13.267	193.31	0.0051731	22.025	25.046	90.180	37.326	59.119	306.89	3.4629	24.900	0.035986	supercritical
160.00	13.300	193.87	0.0051582	22.020	25.039	90.147	37.334	59.171	306.92	3.4591	24.916	0.036018	supercritical
160.00	13.333	194.43	0.0051433	22.014	25.032	90.113	37.341	59.223	306.95	3.4553	24.933	0.036050	supercritical
160.00	13.367	194.99	0.0051285	22.008	25.025	90.080	37.348	59.275	306.98	3.4516	24.950	0.036083	supercritical
160.00	13.400	195.55	0.0051138	22.003	25.018	90.047	37.355	59.327	307.01	3.4478	24.967	0.036115	supercritical
160.00	13.433	196.11	0.0050991	21.997	25.012	90.014	37.362	59.379	307.04	3.4440	24.984	0.036147	supercritical
160.00	13.467	196.67	0.0050845	21.991	25.005	89.981	37.369	59.430	307.07	3.4402	25.001	0.036179	supercritical
160.00	13.500	197.24	0.0050700	21.986	24.998	89.948	37.377	59.482	307.10	3.4364	25.018	0.036212	supercritical
160.00	13.533	197.80	0.0050556	21.980	24.991	89.915	37.384	59.534	307.13	3.4326	25.035	0.036244	supercritical
160.00	13.567	198.36	0.0050413	21.974	24.984	89.882	37.391	59.586	307.16	3.4288	25.052	0.036277	supercritical
160.00	13.600	198.93	0.0050270	21.969	24.978	89.850	37.398	59.638	307.20	3.4250	25.069	0.036309	supercritical
160.00	13.633	199.49	0.0050128	21.963	24.971	89.817	37.405	59.690	307.23	3.4212	25.086	0.036342	supercritical
160.00	13.667	200.05	0.0049987	21.957	24.964	89.784	37.412	59.742	307.26	3.4173	25.104	0.036375	supercritical
160.00	13.700	200.62	0.0049846	21.952	24.957	89.752	37.419	59.794	307.29	3.4135	25.121	0.036407	supercritical
160.00	13.733	201.18	0.0049706	21.946	24.950	89.719	37.426	59.846	307.33	3.4097	25.138	0.036440	supercritical
160.00	13.767	201.75	0.0049567	21.940	24.943	89.687	37.433	59.897	307.36	3.4058	25.156	0.036473	supercritical
160.00	13.800	202.31	0.0049429	21.935	24.937	89.654	37.440	59.949	307.40	3.4020	25.173	0.036506	supercritical
160.00	13.833	202.88	0.0049291	21.929	24.930	89.622	37.447	60.001	307.43	3.3981	25.191	0.036539	supercritical
160.00	13.867	203.44	0.0049154	21.923	24.923	89.589	37.454	60.053	307.47	3.3942	25.208	0.036572	supercritical
160.00	13.900	204.01	0.0049018	21.918	24.916	89.557	37.461	60.105	307.50	3.3904	25.226	0.036605	supercritical
160.00	13.933	204.57	0.0048883	21.912	24.910	89.525	37.468	60.157	307.54	3.3865	25.244	0.036638	supercritical
160.00	13.967	205.14	0.0048748	21.906	24.903	89.493	37.475	60.209	307.58	3.3826	25.261	0.036672	supercritical
160.00	14.000	205.70	0.0048614	21.901	24.896	89.460	37.482	60.261	307.61	3.3787	25.279	0.036705	supercritical
160.00	14.033	206.27	0.0048480	21.895	24.889	89.428	37.489	60.313	307.65	3.3749	25.297	0.036738	supercritical
160.00	14.067	206.84	0.0048347	21.889	24.882	89.396	37.496	60.364	307.69	3.3710	25.315	0.036772	supercritical
160.00	14.100	207.40	0.0048215	21.884	24.876	89.364	37.503	60.416	307.73	3.3671	25.333	0.036805	supercritical
160.00	14.133	207.97	0.0048084	21.878	24.869	89.332	37.510	60.468	307.77	3.3632	25.350	0.036839	supercritical
160.00	14.167	208.54	0.0047953	21.872	24.862	89.300	37.517	60.520	307.81	3.3592	25.368	0.036872	supercritical
160.00	14.200	209.11	0.0047823	21.867	24.855	89.269	37.524	60.572	307.85	3.3553	25.386	0.036906	supercritical
160.00	14.233	209.67	0.0047693	21.861	24.848	89.237	37.531	60.624	307.89	3.3514	25.405	0.036939	supercritical
160.00	14.267	210.24	0.0047564	21.855	24.842	89.205	37.538	60.676	307.93	3.3475	25.423	0.036973	supercritical
160.00	14.300	210.81	0.0047436	21.850	24.835	89.173	37.545	60.728	307.97	3.3436	25.441	0.037007	supercritical
160.00	14.333	211.38	0.0047308	21.844	24.828	89.142	37.552	60.779	308.01	3.3396	25.459	0.037041	supercritical
160.00	14.367	211.95	0.0047181	21.838	24.821	89.110	37.558	60.831	308.05	3.3357	25.477	0.037075	supercritical
160.00	14.400	212.52	0.0047055	21.833	24.815	89.078	37.565	60.883	308.10	3.3317	25.496	0.037109	supercritical
160.00	14.433	213.09	0.0046929	21.827	24.808	89.047	37.572	60.935	308.14	3.3278	25.514	0.037143	supercritical
160.00	14.467	213.66	0.0046804	21.821	24.801	89.015	37.579	60.987	308.18	3.3238	25.532	0.037177	supercritical
160.00	14.500	214.23	0.0046680	21.816	24.794	88.984	37.586	61.038	308.23	3.3199	25.551	0.037211	supercritical
160.00	14.533	214.80	0.0046556	21.810	24.788	88.953	37.593	61.090	308.27	3.3159	25.569	0.037245	supercritical
160.00	14.567	215.37	0.0046433	21.804	24.781	88.921	37.599	61.142	308.31	3.3119	25.588	0.037279	supercritical
160.00	14.600	215.94	0.0046310	21.798	24.774	88.890	37.606	61.194	308.36	3.3079	25.606	0.037314	supercritical
160.00	14.633	216.51	0.0046188	21.793	24.767	88.859	37.613	61.245	308.40	3.3040	25.625	0.037348	supercritical
160.00	14.667	217.08	0.0046067	21.787	24.761	88.828	37.620	61.297	308.45	3.3000	25.644	0.037383	supercritical
160.00	14.700	217.65	0.0045946	21.781	24.754	88.796	37.627	61.349	308.50	3.2960	25.663	0.037417	supercritical
160.00	14.733	218.22	0.0045826	21.776	24.747	88.765	37.633	61.401	308.54	3.2920	25.681	0.037452	supercritical
160.00	14.767	218.79	0.0045706	21.770	24.740	88.734	37.640	61.452	308.59	3.2880	25.700	0.037486	supercritical
160.00	14.800	219.36	0.0045587	21.764	24.734	88.703	37.647	61.504	308.64	3.2840	25.719	0.037521	supercritical
160.00	14.833	219.93	0.0045468	21.759	24.727	88.672	37.653	61.556	308.69	3.2800	25.738	0.037556	supercritical
160.00	14.867	220.51	0.0045350	21.753	24.720	88.641	37.660	61.607	308.74	3.2760	25.757	0.037590	supercritical
160.00	14.900	221.08	0.0045233	21.747	24.713	88.610	37.667	61.659	308.79	3.2719	25.776	0.037625	supercritical
160.00	14.933	221.65	0.0045116	21.742	24.707	88.580	37.674	61.710	308.83	3.2679	25.795	0.037660	supercritical
160.00	14.967	222.22	0.0045000	21.736	24.700	88.549	37.680	61.762	308.88	3.2639	25.814	0.037695	supercritical
160.00	15.000	222.80	0.0044884	21.730	24.693	88.518	37.687	61.813	308.94	3.2599	25.833	0.037730	supercritical
160.00	15.033	223.37	0.0044769	21.725	24.687	88.487	37.694	61.865	308.99	3.2558	25.853	0.037765	supercritical
160.00	15.067	223.94	0.0044654	21.719	24.680	88.457	37.700	61.916	309.04	3.2518	25.872	0.037800	supercritical
160.00	15.100	224.51	0.0044540	21.713	24.673	88.426	37.707	61.968	309.09	3.2477	25.891	0.037835	supercritical
160.00	15.133	225.09	0.0044427	21.708	24.666	88.396	37.713	62.019	309.14	3.2437	25.911	0.037870	supercritical
160.00	15.167	225.66	0.0044314	21.702	24.660	88.365	37.720	62.071	309.19	3.2396	25.930	0.037906	supercritical
160.00	15.200	226.24	0.0044202	21.696	24.653	88.335	37.727	62.122	309.25	3.2356	25.949	0.037941	supercritical
160.00	15.233	226.81	0.0044090	21.691	24.646	88.304	37.733	62.174	309.30	3.2315	25.969	0.037976	supercritical
160.00	15.267	227.38	0.0043978	21.685	24.640	88.274	37.740	62.225	309.35	3.2274	25.989	0.038012	supercritical
160.00	15.300	227.96	0.0043868	21.679	24.633	88.244	37.746	62.276	309.41	3.2234	26.008	0.038047	supercritical
160.00	15.333	228.53	0.0043757	21.673	24.626	88.213	37.753	62.328	309.46	3.2193	26.028	0.038083	supercritical
160.00	15.367	229.11	0.0043648	21.668	24.620	88.183	37.759	62.379	309.52	3.2152	26.047	0.038118	supercritical
160.00	15.400	229.68	0.0043538	21.662	24.613	88.153	37.766	62.430	309.58	3.2111	26.067	0.038154	supercritical
160.00	15.433	230.26	0.0043430	21.656	24.606	88.123	37.773	62.481	309.63	3.2070	26.087	0.038190	supercritical
160.00	15.467	230.83	0.0043321	21.651	24.600	88.093	37.779	62.532	309.69	3.2030	26.107	0.038226	supercritical
160.00	15.500	231.41	0.0043214	21.645	24.593	88.063	37.786	62.584	309.75	3.1989	26.127	0.038261	supercritical
160.00	15.533	231.98	0.0043106	21.639	24.586	88.033	37.792	62.635	309.80	3.1948	26.147	0.038297	supercritical
160.00	15.567	232.56	0.0043000	21.634	24.580	88.003	37.798	62.686	309.86	3.1907	26.167	0.038333	supercritical
160.00	15.600	233.14	0.0042894	21.628	24.573	87.973	37.805	62.737	309.92	3.1866	26.187	0.038369	supercritical
160.00	15.633	233.71	0.0042788	21.622	24.566	87.943	37.811	62.788	309.98	3.1824	26.207	0.038405	supercritical
160.00	15.667	234.29	0.0042683	21.617	24.560	87.913	37.818	62.839	310.04	3.1783	26.227	0.038441	supercritical
160.00	15.700	234.86	0.0042578	21.611	24.553	87.883	37.824	62.890	310.10	3.1742	26.247	0.038477	supercritical
160.00	15.733	235.44	0.0042474	21.605	24.546	87.853	37.831	62.941	310.16	3.1701	26.267	0.038514	supercritical
160.00	15.767	236.02	0.0042370	21.600	24.540	87.824	37.837	62.992	310.22	3.1660	26.288	0.038550	supercritical
160.00	15.800	236.59	0.0042267	21.594	24.533	87.794	37.843	63.042	310.28	3.1618	26.308	0.038586	supercritical
160.00	15.833	237.17	0.0042164	21.588	24.526	87.764	37.850	63.093	310.34	3.1577	26.328	0.038622	supercritical
160.00	15.867	237.75	0.0042061	21.583	24.520	87.735	37.856	63.144	310.41	3.1536	26.349	0.038659	supercritical
160.00	15.900	238.32	0.0041960	21.577	24.513	87.705	37.863	63.195	310.47	3.1494	26.369	0.038695	supercritical
160.00	15.933	238.90	0.0041858	21.571	24.506	87.676	37.869	63.245	310.53	3.1453	26.390	0.038732	supercritical
160.00	15.967	239.48	0.0041757	21.566	24.500	87.646	37.875	63.296	310.60	3.1411	26.411	0.038768	supercritical
160.00	16.000	240.06	0.0041657	21.560	24.493	87.617	37.881	63.347	310.66	3.1370	26.431	0.038805	supercritical
160.00	16.033	240.63	0.0041557	21.554	24.487	87.587	37.888	63.397	310.72	3.1328	26.452	0.038842	supercritical
160.00	16.067	241.21	0.0041457	21.548	24.480	87.558	37.894	63.448	310.79	3.1287	26.473	0.038878	supercritical
160.00	16.100	241.79	0.0041358	21.543	24.473	87.529	37.900	63.498	310.86	3.1245	26.493	0.038915	supercritical
160.00	16.133	242.37	0.0041260	21.537	24.467	87.500	37.907	63.549	310.92	3.1203	26.514	0.038952	supercritical
160.00	16.167	242.95	0.0041161	21.531	24.460	87.470	37.913	63.599	310.99	3.1162	26.535	0.038989	supercritical
160.00	16.200	243.52	0.0041064	21.526	24.453	87.441	37.919	63.650	311.05	3.1120	26.556	0.039026	supercritical
160.00	16.233	244.10	0.0040966	21.520	24.447	87.412	37.925	63.700	311.12	3.1078	26.577	0.039063	supercritical
160.00	16.267	244.68	0.0040870	21.514	24.440	87.383	37.932	63.750	311.19	3.1036	26.598	0.039100	supercritical
160.00	16.300	245.26	0.0040773	21.509	24.434	87.354	37.938	63.800	311.26	3.0994	26.619	0.039137	supercritical
160.00	16.333	245.84	0.0040677	21.503	24.427	87.325	37.944	63.850	311.33	3.0953	26.640	0.039174	supercritical
160.00	16.367	246.42	0.0040582	21.497	24.421	87.296	37.950	63.901	311.40	3.0911	26.661	0.039211	supercritical
160.00	16.400	247.00	0.0040487	21.492	24.414	87.267	37.956	63.951	311.47	3.0869	26.682	0.039248	supercritical
160.00	16.433	247.57	0.0040392	21.486	24.407	87.238	37.962	64.001	311.54	3.0827	26.704	0.039285	supercritical
160.00	16.467	248.15	0.0040298	21.480	24.401	87.209	37.969	64.051	311.61	3.0785	26.725	0.039323	supercritical
160.00	16.500	248.73	0.0040204	21.475	24.394	87.180	37.975	64.101	311.68	3.0743	26.746	0.039360	supercritical
160.00	16.533	249.31	0.0040110	21.469	24.388	87.152	37.981	64.150	311.75	3.0701	26.768	0.039398	supercritical
160.00	16.567	249.89	0.0040017	21.463	24.381	87.123	37.987	64.200	311.82	3.0659	26.789	0.039435	supercritical
160.00	16.600	250.47	0.0039925	21.458	24.375	87.094	37.993	64.250	311.90	3.0617	26.811	0.039472	supercritical
160.00	16.633	251.05	0.0039833	21.452	24.368	87.066	37.999	64.300	311.97	3.0575	26.832	0.039510	supercritical
160.00	16.667	251.63	0.0039741	21.446	24.361	87.037	38.005	64.349	312.04	3.0533	26.854	0.039548	supercritical
160.00	16.700	252.21	0.0039650	21.441	24.355	87.008	38.011	64.399	312.12	3.0490	26.876	0.039585	supercritical
160.00	16.733	252.79	0.0039559	21.435	24.348	86.980	38.017	64.449	312.19	3.0448	26.897	0.039623	supercritical
160.00	16.767	253.37	0.0039468	21.429	24.342	86.951	38.023	64.498	312.27	3.0406	26.919	0.039661	supercritical
160.00	16.800	253.95	0.0039378	21.424	24.335	86.923	38.029	64.547	312.34	3.0364	26.941	0.039698	supercritical
160.00	16.833	254.53	0.0039288	21.418	24.329	86.895	38.035	64.597	312.42	3.0321	26.963	0.039736	supercritical
160.00	16.867	255.11	0.0039199	21.412	24.322	86.866	38.041	64.646	312.49	3.0279	26.985	0.039774	supercritical
160.00	16.900	255.69	0.0039110	21.407	24.316	86.838	38.047	64.695	312.57	3.0237	27.007	0.039812	supercritical
160.00	16.933	256.27	0.0039021	21.401	24.309	86.810	38.053	64.745	312.65	3.0195	27.029	0.039850	supercritical
160.00	16.967	256.85	0.0038933	21.395	24.303	86.781	38.059	64.794	312.73	3.0152	27.051	0.039888	supercritical
160.00	17.000	257.43	0.0038846	21.390	24.296	86.753	38.065	64.843	312.80	3.0110	27.073	0.039926	supercritical
160.00	17.033	258.01	0.0038758	21.384	24.290	86.725	38.071	64.892	312.88	3.0067	27.095	0.039964	supercritical
160.00	17.067	258.59	0.0038671	21.379	24.283	86.697	38.077	64.941	312.96	3.0025	27.117	0.040003	supercritical
160.00	17.100	259.17	0.0038585	21.373	24.277	86.669	38.083	64.990	313.04	2.9982	27.139	0.040041	supercritical
160.00	17.133	259.75	0.0038498	21.367	24.270	86.641	38.089	65.039	313.12	2.9940	27.161	0.040079	supercritical
160.00	17.167	260.33	0.0038412	21.362	24.264	86.613	38.095	65.087	313.20	2.9897	27.184	0.040117	supercritical
160.00	17.200	260.91	0.0038327	21.356	24.257	86.585	38.101	65.136	313.28	2.9855	27.206	0.040156	supercritical
160.00	17.233	261.49	0.0038242	21.350	24.251	86.557	38.106	65.185	313.36	2.9812	27.229	0.040194	supercritical
160.00	17.267	262.07	0.0038157	21.345	24.244	86.529	38.112	65.233	313.45	2.9770	27.251	0.040232	supercritical
160.00	17.300	262.65	0.0038073	21.339	24.238	86.501	38.118	65.282	313.53	2.9727	27.274	0.040271	supercritical
160.00	17.333	263.24	0.0037989	21.333	24.231	86.473	38.124	65.330	313.61	2.9685	27.296	0.040309	supercritical
160.00	17.367	263.82	0.0037905	21.328	24.225	86.446	38.130	65.379	313.70	2.9642	27.319	0.040348	supercritical
160.00	17.400	264.40	0.0037822	21.322	24.218	86.418	38.135	65.427	313.78	2.9599	27.341	0.040387	supercritical
160.00	17.433	264.98	0.0037739	21.316	24.212	86.390	38.141	65.475	313.86	2.9557	27.364	0.040425	supercritical
160.00	17.467	265.56	0.0037656	21.311	24.205	86.363	38.147	65.523	313.95	2.9514	27.387	0.040464	supercritical
160.00	17.500	266.14	0.0037574	21.305	24.199	86.335	38.153	65.571	314.03	2.9471	27.410	0.040503	supercritical
160.00	17.533	266.72	0.0037492	21.299	24.193	86.307	38.158	65.619	314.12	2.9429	27.433	0.040541	supercritical
160.00	17.567	267.30	0.0037411	21.294	24.186	86.280	38.164	65.667	314.21	2.9386	27.455	0.040580	supercritical
160.00	17.600	267.88	0.0037330	21.288	24.180	86.252	38.170	65.715	314.29	2.9343	27.478	0.040619	supercritical
160.00	17.633	268.46	0.0037249	21.283	24.173	86.225	38.176	65.763	314.38	2.9300	27.501	0.040658	supercritical
160.00	17.667	269.04	0.0037169	21.277	24.167	86.197	38.181	65.811	314.47	2.9258	27.524	0.040697	supercritical
160.00	17.700	269.63	0.0037088	21.271	24.160	86.170	38.187	65.858	314.56	2.9215	27.548	0.040736	supercritical
160.00	17.733	270.21	0.0037009	21.266	24.154	86.143	38.193	65.906	314.65	2.9172	27.571	0.040775	supercritical
160.00	17.767	270.79	0.0036929	21.260	24.148	86.115	38.198	65.953	314.74	2.9129	27.594	0.040814	supercritical
160.00	17.800	271.37	0.0036850	21.254	24.141	86.088	38.204	66.001	314.83	2.9086	27.617	0.040853	supercritical
160.00	17.833	271.95	0.0036771	21.249	24.135	86.061	38.209	66.048	314.92	2.9043	27.640	0.040892	supercritical
160.00	17.867	272.53	0.0036693	21.243	24.128	86.034	38.215	66.095	315.01	2.9001	27.664	0.040932	supercritical
160.00	17.900	273.11	0.0036615	21.238	24.122	86.007	38.221	66.143	315.10	2.8958	27.687	0.040971	supercritical
160.00	17.933	273.69	0.0036537	21.232	24.116	85.979	38.226	66.190	315.19	2.8915	27.710	0.041010	supercritical
160.00	17.967	274.27	0.0036460	21.226	24.109	85.952	38.232	66.237	315.28	2.8872	27.734	0.041049	supercritical
160.00	18.000	274.85	0.0036383	21.221	24.103	85.925	38.237	66.284	315.37	2.8829	27.757	0.041089	supercritical
160.00	18.033	275.44	0.0036306	21.215	24.097	85.898	38.243	66.331	315.47	2.8786	27.781	0.041128	supercritical
160.00	18.067	276.02	0.0036230	21.210	24.090	85.871	38.248	66.377	315.56	2.8743	27.805	0.041168	supercritical
160.00	18.100	276.60	0.0036154	21.204	24.084	85.844	38.254	66.424	315.65	2.8700	27.828	0.041207	supercritical
160.00	18.133	277.18	0.0036078	21.198	24.077	85.817	38.259	66.471	315.75	2.8657	27.852	0.041247	supercritical
160.00	18.167	277.76	0.0036002	21.193	24.071	85.791	38.265	66.517	315.84	2.8614	27.876	0.041286	supercritical
160.00	18.200	278.34	0.0035927	21.187	24.065	85.764	38.270	66.564	315.94	2.8571	27.900	0.041326	supercritical
160.00	18.233	278.92	0.0035852	21.181	24.058	85.737	38.276	66.610	316.04	2.8528	27.923	0.041365	supercritical
160.00	18.267	279.50	0.0035778	21.176	24.052	85.710	38.281	66.657	316.13	2.8485	27.947	0.041405	supercritical
160.00	18.300	280.08	0.0035704	21.170	24.046	85.684	38.286	66.703	316.23	2.8442	27.971	0.041445	supercritical
160.00	18.333	280.66	0.0035630	21.165	24.039	85.657	38.292	66.749	316.33	2.8399	27.995	0.041485	supercritical
160.00	18.367	281.24	0.0035556	21.159	24.033	85.630	38.297	66.795	316.42	2.8356	28.019	0.041524	supercritical
160.00	18.400	281.82	0.0035483	21.153	24.027	85.604	38.303	66.841	316.52	2.8313	28.043	0.041564	supercritical
160.00	18.433	282.41	0.0035410	21.148	24.021	85.577	38.308	66.887	316.62	2.8270	28.067	0.041604	supercritical
160.00	18.467	282.99	0.0035337	21.142	24.014	85.551	38.313	66.933	316.72	2.8227	28.092	0.041644	supercritical
160.00	18.500	283.57	0.0035265	21.137	24.008	85.524	38.319	66.978	316.82	2.8184	28.116	0.041684	supercritical
160.00	18.533	284.15	0.0035193	21.131	24.002	85.498	38.324	67.024	316.92	2.8141	28.140	0.041724	supercritical
160.00	18.567	284.73	0.0035121	21.126	23.995	85.471	38.329	67.069	317.02	2.8098	28.164	0.041764	supercritical
160.00	18.600	285.31	0.0035050	21.120	23.989	85.445	38.335	67.115	317.12	2.8055	28.189	0.041804	supercritical
160.00	18.633	285.89	0.0034979	21.114	23.983	85.418	38.340	67.160	317.22	2.8012	28.213	0.041844	supercritical
160.00	18.667	286.47	0.0034908	21.109	23.977	85.392	38.345	67.205	317.33	2.7969	28.238	0.041884	supercritical
160.00	18.700	287.05	0.0034837	21.103	23.970	85.366	38.350	67.250	317.43	2.7925	28.262	0.041924	supercritical
160.00	18.733	287.63	0.0034767	21.098	23.964	85.340	38.356	67.295	317.53	2.7882	28.287	0.041964	supercritical
160.00	18.767	288.21	0.0034697	21.092	23.958	85.313	38.361	67.340	317.64	2.7839	28.311	0.042005	supercritical
160.00	18.800	288.79	0.0034627	21.086	23.952	85.287	38.366	67.385	317.74	2.7796	28.336	0.042045	supercritical
160.00	18.833	289.37	0.0034558	21.081	23.945	85.261	38.371	67.430	317.84	2.7753	28.361	0.042085	supercritical
160.00	18.867	289.95	0.0034489	21.075	23.939	85.235	38.376	67.475	317.95	2.7710	28.385	0.042126	supercritical
160.00	18.900	290.53	0.0034420	21.070	23.933	85.209	38.382	67.519	318.05	2.7667	28.410	0.042166	supercritical
160.00	18.933	291.11	0.0034352	21.064	23.927	85.183	38.387	67.564	318.16	2.7624	28.435	0.042206	supercritical
160.00	18.967	291.69	0.0034283	21.059	23.920	85.157	38.392	67.608	318.27	2.7581	28.460	0.042247	supercritical
160.00	19.000	292.27	0.0034215	21.053	23.914	85.131	38.397	67.652	318.37	2.7538	28.485	0.042287	supercritical
160.00	19.033	292.85	0.0034148	21.048	23.908	85.105	38.402	67.697	318.48	2.7494	28.510	0.042328	supercritical
160.00	19.067	293.42	0.0034080	21.042	23.902	85.079	38.407	67.741	318.59	2.7451	28.535	0.042368	supercritical
160.00	19.100	294.00	0.0034013	21.036	23.896	85.053	38.412	67.785	318.70	2.7408	28.560	0.042409	supercritical
160.00	19.133	294.58	0.0033946	21.031	23.889	85.028	38.417	67.829	318.81	2.7365	28.585	0.042449	supercritical
160.00	19.167	295.16	0.0033880	21.025	23.883	85.002	38.423	67.872	318.91	2.7322	28.610	0.042490	supercritical
160.00	19.200	295.74	0.0033813	21.020	23.877	84.976	38.428	67.916	319.02	2.7279	28.635	0.042530	supercritical
160.00	19.233	296.32	0.0033747	21.014	23.871	84.950	38.433	67.960	319.13	2.7236	28.660	0.042571	supercritical
160.00	19.267	296.90	0.0033682	21.009	23.865	84.925	38.438	68.003	319.25	2.7193	28.685	0.042612	supercritical
160.00	19.300	297.48	0.0033616	21.003	23.858	84.899	38.443	68.047	319.36	2.7150	28.711	0.042653	supercritical
160.00	19.333	298.06	0.0033551	20.998	23.852	84.874	38.448	68.090	319.47	2.7107	28.736	0.042693	supercritical
160.00	19.367	298.63	0.0033486	20.992	23.846	84.848	38.453	68.133	319.58	2.7063	28.762	0.042734	supercritical
160.00	19.400	299.21	0.0033421	20.987	23.840	84.823	38.458	68.176	319.69	2.7020	28.787	0.042775	supercritical
160.00	19.433	299.79	0.0033357	20.981	23.834	84.797	38.463	68.219	319.81	2.6977	28.812	0.042816	supercritical
160.00	19.467	300.37	0.0033292	20.976	23.828	84.772	38.467	68.262	319.92	2.6934	28.838	0.042857	supercritical
160.00	19.500	300.95	0.0033229	20.970	23.822	84.746	38.472	68.305	320.03	2.6891	28.864	0.042898	supercritical
160.00	19.533	301.52	0.0033165	20.964	23.816	84.721	38.477	68.347	320.15	2.6848	28.889	0.042939	supercritical
160.00	19.567	302.10	0.0033101	20.959	23.809	84.696	38.482	68.390	320.26	2.6805	28.915	0.042980	supercritical
160.00	19.600	302.68	0.0033038	20.953	23.803	84.670	38.487	68.432	320.38	2.6762	28.941	0.043021	supercritical
160.00	19.633	303.26	0.0032975	20.948	23.797	84.645	38.492	68.475	320.49	2.6719	28.966	0.043062	supercritical
160.00	19.667	303.83	0.0032913	20.942	23.791	84.620	38.497	68.517	320.61	2.6676	28.992	0.043103	supercritical
160.00	19.700	304.41	0.0032850	20.937	23.785	84.595	38.502	68.559	320.73	2.6633	29.018	0.043144	supercritical
160.00	19.733	304.99	0.0032788	20.931	23.779	84.569	38.506	68.601	320.84	2.6590	29.044	0.043185	supercritical
160.00	19.767	305.56	0.0032726	20.926	23.773	84.544	38.511	68.643	320.96	2.6547	29.070	0.043226	supercritical
160.00	19.800	306.14	0.0032665	20.920	23.767	84.519	38.516	68.685	321.08	2.6504	29.096	0.043267	supercritical
160.00	19.833	306.72	0.0032603	20.915	23.761	84.494	38.521	68.727	321.20	2.6461	29.122	0.043308	supercritical
160.00	19.867	307.29	0.0032542	20.909	23.755	84.469	38.526	68.768	321.32	2.6418	29.148	0.043350	supercritical
160.00	19.900	307.87	0.0032481	20.904	23.749	84.444	38.530	68.810	321.44	2.6375	29.174	0.043391	supercritical
160.00	19.933	308.45	0.0032421	20.898	23.743	84.419	38.535	68.851	321.56	2.6332	29.200	0.043432	supercritical
160.00	19.967	309.02	0.0032360	20.893	23.737	84.394	38.540	68.892	321.68	2.6289	29.226	0.043473	supercritical
160.00	20.000	309.60	0.0032300	20.887	23.730	84.369	38.545	68.933	321.80	2.6246	29.252	0.043515	supercritical
160.00	20.033	310.17	0.0032240	20.882	23.724	84.345	38.549	68.974	321.92	2.6203	29.279	0.043556	supercritical
160.00	20.067	310.75	0.0032180	20.877	23.718	84.320	38.554	69.015	322.04	2.6160	29.305	0.043597	supercritical
160.00	20.100	311.32	0.0032121	20.871	23.712	84.295	38.559	69.056	322.16	2.6117	29.331	0.043639	supercritical
160.00	20.133	311.90	0.0032062	20.866	23.706	84.270	38.563	69.097	322.29	2.6074	29.358	0.043680	supercritical
160.00	20.167	312.47	0.0032003	20.860	23.700	84.245	38.568	69.137	322.41	2.6032	29.384	0.043722	supercritical
160.00	20.200	313.05	0.0031944	20.855	23.694	84.221	38.573	69.178	322.53	2.5989	29.411	0.043763	supercritical
160.00	20.233	313.62	0.0031885	20.849	23.688	84.196	38.577	69.218	322.66	2.5946	29.437	0.043805	supercritical
160.00	20.267	314.20	0.0031827	20.844	23.682	84.172	38.582	69.258	322.78	2.5903	29.464	0.043846	supercritical
160.00	20.300	314.77	0.0031769	20.838	23.676	84.147	38.586	69.299	322.91	2.5860	29.490	0.043888	supercritical
160.00	20.333	315.35	0.0031711	20.833	23.671	84.122	38.591	69.338	323.03	2.5817	29.517	0.043929	supercritical
160.00	20.367	315.92	0.0031654	20.827	23.665	84.098	38.595	69.378	323.16	2.5775	29.543	0.043971	supercritical
160.00	20.400	316.49	0.0031596	20.822	23.659	84.074	38.600	69.418	323.29	2.5732	29.570	0.044012	supercritical
160.00	20.433	317.07	0.0031539	20.816	23.653	84.049	38.605	69.458	323.41	2.5689	29.597	0.044054	supercritical
160.00	20.467	317.64	0.0031482	20.811	23.647	84.025	38.609	69.497	323.54	2.5646	29.624	0.044096	supercritical
160.00	20.500	318.21	0.0031425	20.806	23.641	84.000	38.614	69.537	323.67	2.5604	29.651	0.044137	supercritical
160.00	20.533	318.79	0.0031369	20.800	23.635	83.976	38.618	69.576	323.80	2.5561	29.678	0.044179	supercritical
160.00	20.567	319.36	0.0031313	20.795	23.629	83.952	38.623	69.615	323.92	2.5518	29.704	0.044221	supercritical
160.00	20.600	319.93	0.0031257	20.789	23.623	83.927	38.627	69.654	324.05	2.5475	29.731	0.044262	supercritical
160.00	20.633	320.50	0.0031201	20.784	23.617	83.903	38.631	69.693	324.18	2.5433	29.758	0.044304	supercritical
160.00	20.667	321.08	0.0031145	20.778	23.611	83.879	38.636	69.732	324.31	2.5390	29.785	0.044346	supercritical
160.00	20.700	321.65	0.0031090	20.773	23.605	83.855	38.640	69.771	324.44	2.5347	29.813	0.044388	supercritical
160.00	20.733	322.22	0.0031035	20.768	23.599	83.831	38.645	69.809	324.57	2.5305	29.840	0.044430	supercritical
160.00	20.767	322.79	0.0030980	20.762	23.593	83.807	38.649	69.848	324.71	2.5262	29.867	0.044471	supercritical
160.00	20.800	323.36	0.0030925	20.757	23.588	83.783	38.653	69.886	324.84	2.5220	29.894	0.044513	supercritical
160.00	20.833	323.93	0.0030871	20.751	23.582	83.759	38.658	69.924	324.97	2.5177	29.921	0.044555	supercritical
160.00	20.867	324.50	0.0030816	20.746	23.576	83.735	38.662	69.962	325.10	2.5135	29.949	0.044597	supercritical
160.00	20.900	325.07	0.0030762	20.740	23.570	83.711	38.666	70.000	325.24	2.5092	29.976	0.044639	supercritical
160.00	20.933	325.65	0.0030708	20.735	23.564	83.687	38.671	70.038	325.37	2.5050	30.003	0.044681	supercritical
160.00	20.967	326.22	0.0030655	20.730	23.558	83.663	38.675	70.076	325.50	2.5007	30.031	0.044723	supercritical
160.00	21.000	326.79	0.0030601	20.724	23.552	83.639	38.679	70.114	325.64	2.4965	30.058	0.044765	supercritical
160.00	21.033	327.35	0.0030548	20.719	23.547	83.615	38.684	70.151	325.77	2.4922	30.086	0.044807	supercritical
160.00	21.067	327.92	0.0030495	20.714	23.541	83.591	38.688	70.188	325.91	2.4880	30.113	0.044849	supercritical
160.00	21.100	328.49	0.0030442	20.708	23.535	83.568	38.692	70.226	326.04	2.4838	30.141	0.044891	supercritical
160.00	21.133	329.06	0.0030389	20.703	23.529	83.544	38.696	70.263	326.18	2.4795	30.168	0.044933	supercritical
160.00	21.167	329.63	0.0030337	20.697	23.523	83.520	38.701	70.300	326.32	2.4753	30.196	0.044975	supercritical
160.00	21.200	330.20	0.0030285	20.692	23.518	83.497	38.705	70.337	326.45	2.4711	30.224	0.045017	supercritical
160.00	21.233	330.77	0.0030233	20.687	23.512	83.473	38.709	70.373	326.59	2.4668	30.251	0.045059	supercritical
160.00	21.267	331.34	0.0030181	20.681	23.506	83.449	38.713	70.410	326.73	2.4626	30.279	0.045101	supercritical
160.00	21.300	331.90	0.0030129	20.676	23.500	83.426	38.717	70.446	326.87	2.4584	30.307	0.045143	supercritical
160.00	21.333	332.47	0.0030078	20.671	23.494	83.402	38.722	70.483	327.01	2.4542	30.335	0.045185	supercritical
160.00	21.367	333.04	0.0030027	20.665	23.489	83.379	38.726	70.519	327.15	2.4499	30.363	0.045227	supercritical
160.00	21.400	333.61	0.0029976	20.660	23.483	83.355	38.730	70.555	327.29	2.4457	30.391	0.045270	supercritical
160.00	21.433	334.17	0.0029925	20.654	23.477	83.332	38.734	70.591	327.43	2.4415	30.418	0.045312	supercritical
160.00	21.467	334.74	0.0029874	20.649	23.471	83.309	38.738	70.627	327.57	2.4373	30.446	0.045354	supercritical
160.00	21.500	335.31	0.0029824	20.644	23.466	83.285	38.742	70.663	327.71	2.4331	30.474	0.045396	supercritical
160.00	21.533	335.87	0.0029773	20.638	23.460	83.262	38.746	70.698	327.85	2.4289	30.503	0.045438	supercritical
160.00	21.567	336.44	0.0029723	20.633	23.454	83.239	38.750	70.734	327.99	2.4247	30.531	0.045481	supercritical
160.00	21.600	337.00	0.0029673	20.628	23.449	83.215	38.754	70.769	328.13	2.4205	30.559	0.045523	supercritical
160.00	21.633	337.57	0.0029624	20.622	23.443	83.192	38.758	70.804	328.28	2.4163	30.587	0.045565	supercritical
160.00	21.667	338.13	0.0029574	20.617	23.437	83.169	38.762	70.839	328.42	2.4121	30.615	0.045607	supercritical
160.00	21.700	338.70	0.0029525	20.612	23.431	83.146	38.766	70.874	328.56	2.4079	30.643	0.045650	supercritical
160.00	21.733	339.26	0.0029476	20.606	23.426	83.123	38.770	70.909	328.71	2.4037	30.672	0.045692	supercritical
160.00	21.767	339.83	0.0029427	20.601	23.420	83.100	38.774	70.944	328.85	2.3995	30.700	0.045734	supercritical
160.00	21.800	340.39	0.0029378	20.596	23.414	83.077	38.778	70.978	329.00	2.3953	30.728	0.045776	supercritical
160.00	21.833	340.95	0.0029330	20.591	23.409	83.054	38.782	71.013	329.14	2.3911	30.757	0.045819	supercritical
160.00	21.867	341.52	0.0029281	20.585	23.403	83.031	38.786	71.047	329.29	2.3870	30.785	0.045861	supercritical
160.00	21.900	342.08	0.0029233	20.580	23.397	83.008	38.790	71.081	329.44	2.3828	30.814	0.045903	supercritical
160.00	21.933	342.64	0.0029185	20.575	23.392	82.985	38.794	71.115	329.58	2.3786	30.842	0.045946	supercritical
160.00	21.967	343.20	0.0029137	20.569	23.386	82.962	38.798	71.149	329.73	2.3745	30.871	0.045988	supercritical
160.00	22.000	343.77	0.0029090	20.564	23.381	82.939	38.802	71.183	329.88	2.3703	30.899	0.046031	supercritical
160.00	22.033	344.33	0.0029042	20.559	23.375	82.916	38.806	71.217	330.02	2.3661	30.928	0.046073	supercritical
160.00	22.067	344.89	0.0028995	20.554	23.369	82.893	38.810	71.250	330.17	2.3620	30.956	0.046115	supercritical
160.00	22.100	345.45	0.0028948	20.548	23.364	82.871	38.814	71.284	330.32	2.3578	30.985	0.046158	supercritical
160.00	22.133	346.01	0.0028901	20.543	23.358	82.848	38.817	71.317	330.47	2.3537	31.014	0.046200	supercritical
160.00	22.167	346.57	0.0028854	20.538	23.353	82.825	38.821	71.350	330.62	2.3495	31.043	0.046243	supercritical
160.00	22.200	347.13	0.0028807	20.532	23.347	82.803	38.825	71.383	330.77	2.3454	31.071	0.046285	supercritical
160.00	22.233	347.69	0.0028761	20.527	23.341	82.780	38.829	71.416	330.92	2.3412	31.100	0.046327	supercritical
160.00	22.267	348.25	0.0028715	20.522	23.336	82.757	38.833	71.449	331.07	2.3371	31.129	0.046370	supercritical
160.00	22.300	348.81	0.0028669	20.517	23.330	82.735	38.836	71.481	331.22	2.3330	31.158	0.046412	supercritical
160.00	22.333	349.37	0.0028623	20.511	23.325	82.712	38.840	71.514	331.37	2.3288	31.187	0.046455	supercritical
160.00	22.367	349.93	0.0028577	20.506	23.319	82.690	38.844	71.546	331.53	2.3247	31.216	0.046497	supercritical
160.00	22.400	350.49	0.0028532	20.501	23.314	82.667	38.848	71.579	331.68	2.3206	31.245	0.046540	supercritical
160.00	22.433	351.05	0.0028486	20.496	23.308	82.645	38.851	71.611	331.83	2.3164	31.274	0.046582	supercritical
160.00	22.467	351.60	0.0028441	20.490	23.303	82.622	38.855	71.643	331.98	2.3123	31.303	0.046625	supercritical
160.00	22.500	352.16	0.0028396	20.485	23.297	82.600	38.859	71.674	332.14	2.3082	31.332	0.046667	supercritical
160.00	22.533	352.72	0.0028351	20.480	23.292	82.578	38.862	71.706	332.29	2.3041	31.361	0.046710	supercritical
160.00	22.567	353.28	0.0028307	20.475	23.286	82.556	38.866	71.738	332.45	2.3000	31.390	0.046752	supercritical
160.00	22.600	353.83	0.0028262	20.470	23.281	82.533	38.870	71.769	332.60	2.2959	31.419	0.046795	supercritical
160.00	22.633	354.39	0.0028218	20.464	23.275	82.511	38.873	71.800	332.76	2.2918	31.449	0.046837	supercritical
160.00	22.667	354.94	0.0028173	20.459	23.270	82.489	38.877	71.832	332.91	2.2877	31.478	0.046880	supercritical
160.00	22.700	355.50	0.0028129	20.454	23.264	82.467	38.881	71.863	333.07	2.2836	31.507	0.046922	supercritical
160.00	22.733	356.05	0.0028086	20.449	23.259	82.444	38.884	71.894	333.22	2.2795	31.536	0.046965	supercritical
160.00	22.767	356.61	0.0028042	20.443	23.253	82.422	38.888	71.924	333.38	2.2754	31.566	0.047008	supercritical
160.00	22.800	357.16	0.0027998	20.438	23.248	82.400	38.891	71.955	333.54	2.2713	31.595	0.047050	supercritical
160.00	22.833	357.72	0.0027955	20.433	23.242	82.378	38.895	71.985	333.70	2.2673	31.625	0.047093	supercritical
160.00	22.867	358.27	0.0027912	20.428	23.237	82.356	38.899	72.016	333.85	2.2632	31.654	0.047135	supercritical
160.00	22.900	358.83	0.0027869	20.423	23.231	82.334	38.902	72.046	334.01	2.2591	31.683	0.047178	supercritical
160.00	22.933	359.38	0.0027826	20.418	23.226	82.312	38.906	72.076	334.17	2.2550	31.713	0.047220	supercritical
160.00	22.967	359.93	0.0027783	20.412	23.221	82.290	38.909	72.106	334.33	2.2510	31.742	0.047263	supercritical
160.00	23.000	360.48	0.0027740	20.407	23.215	82.269	38.913	72.136	334.49	2.2469	31.772	0.047306	supercritical
160.00	23.033	361.04	0.0027698	20.402	23.210	82.247	38.916	72.166	334.65	2.2429	31.802	0.047348	supercritical
160.00	23.067	361.59	0.0027656	20.397	23.204	82.225	38.920	72.195	334.81	2.2388	31.831	0.047391	supercritical
160.00	23.100	362.14	0.0027614	20.392	23.199	82.203	38.923	72.225	334.97	2.2348	31.861	0.047433	supercritical
160.00	23.133	362.69	0.0027572	20.387	23.194	82.181	38.926	72.254	335.13	2.2307	31.891	0.047476	supercritical
160.00	23.167	363.24	0.0027530	20.381	23.188	82.160	38.930	72.283	335.29	2.2267	31.920	0.047518	supercritical
160.00	23.200	363.79	0.0027488	20.376	23.183	82.138	38.933	72.312	335.46	2.2226	31.950	0.047561	supercritical
160.00	23.233	364.34	0.0027447	20.371	23.177	82.116	38.937	72.341	335.62	2.2186	31.980	0.047604	supercritical
160.00	23.267	364.89	0.0027405	20.366	23.172	82.095	38.940	72.370	335.78	2.2146	32.010	0.047646	supercritical
160.00	23.300	365.44	0.0027364	20.361	23.167	82.073	38.943	72.399	335.94	2.2106	32.040	0.047689	supercritical
160.00	23.333	365.99	0.0027323	20.356	23.161	82.051	38.947	72.427	336.11	2.2065	32.069	0.047732	supercritical
160.00	23.367	366.54	0.0027282	20.351	23.156	82.030	38.950	72.456	336.27	2.2025	32.099	0.047774	supercritical
160.00	23.400	367.09	0.0027242	20.345	23.151	82.008	38.954	72.484	336.44	2.1985	32.129	0.047817	supercritical
160.00	23.433	367.63	0.0027201	20.340	23.146	81.987	38.957	72.512	336.60	2.1945	32.159	0.047859	supercritical
160.00	23.467	368.18	0.0027161	20.335	23.140	81.965	38.960	72.540	336.77	2.1905	32.189	0.047902	supercritical
160.00	23.500	368.73	0.0027120	20.330	23.135	81.944	38.964	72.568	336.93	2.1865	32.219	0.047945	supercritical
160.00	23.533	369.28	0.0027080	20.325	23.130	81.923	38.967	72.595	337.10	2.1825	32.249	0.047987	supercritical
160.00	23.567	369.82	0.0027040	20.320	23.124	81.901	38.970	72.623	337.26	2.1785	32.279	0.048030	supercritical
160.00	23.600	370.37	0.0027000	20.315	23.119	81.880	38.973	72.650	337.43	2.1745	32.310	0.048072	supercritical
160.00	23.633	370.91	0.0026960	20.310	23.114	81.859	38.977	72.678	337.60	2.1706	32.340	0.048115	supercritical
160.00	23.667	371.46	0.0026921	20.305	23.109	81.837	38.980	72.705	337.76	2.1666	32.370	0.048158	supercritical
160.00	23.700	372.00	0.0026882	20.300	23.103	81.816	38.983	72.732	337.93	2.1626	32.400	0.048200	supercritical
160.00	23.733	372.55	0.0026842	20.294	23.098	81.795	38.986	72.759	338.10	2.1587	32.430	0.048243	supercritical
160.00	23.767	373.09	0.0026803	20.289	23.093	81.774	38.990	72.786	338.27	2.1547	32.460	0.048285	supercritical
160.00	23.800	373.64	0.0026764	20.284	23.088	81.753	38.993	72.812	338.44	2.1507	32.491	0.048328	supercritical
160.00	23.833	374.18	0.0026725	20.279	23.082	81.732	38.996	72.839	338.60	2.1468	32.521	0.048371	supercritical
160.00	23.867	374.72	0.0026687	20.274	23.077	81.711	38.999	72.865	338.77	2.1428	32.551	0.048413	supercritical
160.00	23.900	375.26	0.0026648	20.269	23.072	81.690	39.002	72.892	338.94	2.1389	32.582	0.048456	supercritical
160.00	23.933	375.81	0.0026609	20.264	23.067	81.669	39.005	72.918	339.11	2.1349	32.612	0.048498	supercritical
160.00	23.967	376.35	0.0026571	20.259	23.062	81.648	39.009	72.944	339.28	2.1310	32.643	0.048541	supercritical
160.00	24.000	376.89	0.0026533	20.254	23.056	81.627	39.012	72.969	339.45	2.1271	32.673	0.048584	supercritical
160.00	24.033	377.43	0.0026495	20.249	23.051	81.606	39.015	72.995	339.63	2.1231	32.703	0.048626	supercritical
160.00	24.067	377.97	0.0026457	20.244	23.046	81.585	39.018	73.021	339.80	2.1192	32.734	0.048669	supercritical
160.00	24.100	378.51	0.0026419	20.239	23.041	81.564	39.021	73.046	339.97	2.1153	32.765	0.048711	supercritical
160.00	24.133	379.05	0.0026382	20.234	23.036	81.543	39.024	73.072	340.14	2.1114	32.795	0.048754	supercritical
160.00	24.167	379.59	0.0026344	20.229	23.031	81.522	39.027	73.097	340.31	2.1075	32.826	0.048797	supercritical
160.00	24.200	380.13	0.0026307	20.224	23.026	81.502	39.030	73.122	340.49	2.1036	32.856	0.048839	supercritical
160.00	24.233	380.67	0.0026270	20.219	23.020	81.481	39.033	73.147	340.66	2.0997	32.887	0.048882	supercritical
160.00	24.267	381.20	0.0026233	20.214	23.015	81.460	39.036	73.172	340.83	2.0958	32.918	0.048924	supercritical
160.00	24.300	381.74	0.0026196	20.209	23.010	81.439	39.039	73.196	341.01	2.0919	32.948	0.048967	supercritical
160.00	24.333	382.28	0.0026159	20.204	23.005	81.419	39.042	73.221	341.18	2.0880	32.979	0.049009	supercritical
160.00	24.367	382.82	0.0026122	20.199	23.000	81.398	39.045	73.245	341.36	2.0841	33.010	0.049052	supercritical
160.00	24.400	383.35	0.0026086	20.194	22.995	81.378	39.048	73.269	341.53	2.0803	33.040	0.049094	supercritical
160.00	24.433	383.89	0.0026049	20.189	22.990	81.357	39.051	73.294	341.71	2.0764	33.071	0.049137	supercritical
160.00	24.467	384.42	0.0026013	20.184	22.985	81.337	39.054	73.318	341.88	2.0725	33.102	0.049179	supercritical
160.00	24.500	384.96	0.0025977	20.179	22.980	81.316	39.057	73.342	342.06	2.0687	33.133	0.049222	supercritical
160.00	24.533	385.49	0.0025941	20.174	22.975	81.296	39.060	73.365	342.24	2.0648	33.164	0.049265	supercritical
160.00	24.567	386.03	0.0025905	20.169	22.970	81.275	39.063	73.389	342.41	2.0609	33.195	0.049307	supercritical
160.00	24.600	386.56	0.0025869	20.164	22.965	81.255	39.066	73.412	342.59	2.0571	33.226	0.049350	supercritical
160.00	24.633	387.10	0.0025833	20.159	22.960	81.234	39.069	73.436	342.77	2.0533	33.256	0.049392	supercritical
160.00	24.667	387.63	0.0025798	20.154	22.955	81.214	39.072	73.459	342.94	2.0494	33.287	0.049435	supercritical
160.00	24.700	388.16	0.0025762	20.149	22.950	81.194	39.075	73.482	343.12	2.0456	33.318	0.049477	supercritical
160.00	24.733	388.69	0.0025727	20.144	22.945	81.174	39.078	73.505	343.30	2.0418	33.349	0.049520	supercritical
160.00	24.767	389.23	0.0025692	20.139	22.940	81.153	39.080	73.528	343.48	2.0379	33.380	0.049562	supercritical
160.00	24.800	389.76	0.0025657	20.134	22.935	81.133	39.083	73.551	343.66	2.0341	33.411	0.049605	supercritical
160.00	24.833	390.29	0.0025622	20.129	22.930	81.113	39.086	73.573	343.84	2.0303	33.443	0.049647	supercritical
160.00	24.867	390.82	0.0025587	20.124	22.925	81.093	39.089	73.596	344.02	2.0265	33.474	0.049689	supercritical
160.00	24.900	391.35	0.0025553	20.119	22.920	81.073	39.092	73.618	344.20	2.0227	33.505	0.049732	supercritical
160.00	24.933	391.88	0.0025518	20.115	22.915	81.052	39.095	73.640	344.38	2.0189	33.536	0.049774	supercritical
160.00	24.967	392.41	0.0025484	20.110	22.910	81.032	39.097	73.662	344.56	2.0151	33.567	0.049817	supercritical
160.00	25.000	392.94	0.0025449	20.105	22.905	81.012	39.100	73.684	344.74	2.0113	33.598	0.049859	supercritical
160.00	25.033	393.46	0.0025415	20.100	22.900	80.992	39.103	73.706	344.92	2.0075	33.629	0.049902	supercritical
160.00	25.067	393.99	0.0025381	20.095	22.895	80.972	39.106	73.728	345.10	2.0038	33.661	0.049944	supercritical
160.00	25.100	394.52	0.0025347	20.090	22.890	80.952	39.108	73.749	345.29	2.0000	33.692	0.049986	supercritical
160.00	25.133	395.05	0.0025313	20.085	22.885	80.933	39.111	73.771	345.47	1.9962	33.723	0.050029	supercritical
160.00	25.167	395.57	0.0025280	20.080	22.880	80.913	39.114	73.792	345.65	1.9925	33.755	0.050071	supercritical
160.00	25.200	396.10	0.0025246	20.075	22.875	80.893	39.117	73.813	345.83	1.9887	33.786	0.050114	supercritical
160.00	25.233	396.63	0.0025213	20.070	22.870	80.873	39.119	73.834	346.02	1.9849	33.817	0.050156	supercritical
160.00	25.267	397.15	0.0025179	20.066	22.865	80.853	39.122	73.855	346.20	1.9812	33.849	0.050198	supercritical
160.00	25.300	397.68	0.0025146	20.061	22.861	80.833	39.125	73.876	346.38	1.9775	33.880	0.050241	supercritical
160.00	25.333	398.20	0.0025113	20.056	22.856	80.814	39.127	73.896	346.57	1.9737	33.911	0.050283	supercritical
160.00	25.367	398.72	0.0025080	20.051	22.851	80.794	39.130	73.917	346.75	1.9700	33.943	0.050325	supercritical
160.00	25.400	399.25	0.0025047	20.046	22.846	80.774	39.133	73.937	346.94	1.9663	33.974	0.050368	supercritical
160.00	25.433	399.77	0.0025014	20.041	22.841	80.755	39.135	73.958	347.12	1.9625	34.006	0.050410	supercritical
160.00	25.467	400.29	0.0024982	20.036	22.836	80.735	39.138	73.978	347.31	1.9588	34.037	0.050452	supercritical
160.00	25.500	400.81	0.0024949	20.032	22.832	80.715	39.141	73.998	347.49	1.9551	34.069	0.050495	supercritical
160.00	25.533	401.34	0.0024917	20.027	22.827	80.696	39.143	74.018	347.68	1.9514	34.100	0.050537	supercritical
160.00	25.567	401.86	0.0024884	20.022	22.822	80.676	39.146	74.038	347.87	1.9477	34.132	0.050579	supercritical
160.00	25.600	402.38	0.0024852	20.017	22.817	80.657	39.148	74.057	348.05	1.9440	34.163	0.050621	supercritical
160.00	25.633	402.90	0.0024820	20.012	22.812	80.637	39.151	74.077	348.24	1.9403	34.195	0.050664	supercritical
160.00	25.667	403.42	0.0024788	20.007	22.808	80.618	39.154	74.096	348.43	1.9366	34.227	0.050706	supercritical
160.00	25.700	403.94	0.0024756	20.003	22.803	80.598	39.156	74.115	348.62	1.9329	34.258	0.050748	supercritical
160.00	25.733	404.46	0.0024725	19.998	22.798	80.579	39.159	74.135	348.80	1.9293	34.290	0.050790	supercritical
160.00	25.767	404.98	0.0024693	19.993	22.793	80.560	39.161	74.154	348.99	1.9256	34.322	0.050833	supercritical
160.00	25.800	405.49	0.0024661	19.988	22.788	80.540	39.164	74.172	349.18	1.9219	34.353	0.050875	supercritical
160.00	25.833	406.01	0.0024630	19.983	22.784	80.521	39.166	74.191	349.37	1.9183	34.385	0.050917	supercritical
160.00	25.867	406.53	0.0024599	19.979	22.779	80.502	39.169	74.210	349.56	1.9146	34.417	0.050959	supercritical
160.00	25.900	407.04	0.0024567	19.974	22.774	80.482	39.171	74.228	349.75	1.9110	34.448	0.051001	supercritical
160.00	25.933	407.56	0.0024536	19.969	22.770	80.463	39.174	74.247	349.94	1.9073	34.480	0.051043	supercritical
160.00	25.967	408.08	0.0024505	19.964	22.765	80.444	39.176	74.265	350.13	1.9037	34.512	0.051086	supercritical
160.00	26.000	408.59	0.0024474	19.960	22.760	80.425	39.179	74.283	350.32	1.9001	34.544	0.051128	supercritical
160.00	26.033	409.11	0.0024444	19.955	22.755	80.406	39.181	74.301	350.51	1.8964	34.576	0.051170	supercritical
160.00	26.067	409.62	0.0024413	19.950	22.751	80.387	39.184	74.319	350.70	1.8928	34.607	0.051212	supercritical
160.00	26.100	410.13	0.0024382	19.945	22.746	80.368	39.186	74.337	350.89	1.8892	34.639	0.051254	supercritical
160.00	26.133	410.65	0.0024352	19.941	22.741	80.348	39.188	74.355	351.08	1.8856	34.671	0.051296	supercritical
160.00	26.167	411.16	0.0024321	19.936	22.737	80.329	39.191	74.372	351.27	1.8820	34.703	0.051338	supercritical
160.00	26.200	411.67	0.0024291	19.931	22.732	80.310	39.193	74.390	351.47	1.8784	34.735	0.051380	supercritical
160.00	26.233	412.18	0.0024261	19.926	22.727	80.291	39.196	74.407	351.66	1.8748	34.767	0.051422	supercritical
160.00	26.267	412.70	0.0024231	19.922	22.723	80.273	39.198	74.424	351.85	1.8712	34.799	0.051464	supercritical
160.00	26.300	413.21	0.0024201	19.917	22.718	80.254	39.200	74.441	352.04	1.8676	34.831	0.051506	supercritical
160.00	26.333	413.72	0.0024171	19.912	22.713	80.235	39.203	74.458	352.24	1.8640	34.863	0.051548	supercritical
160.00	26.367	414.23	0.0024141	19.907	22.709	80.216	39.205	74.475	352.43	1.8605	34.895	0.051590	supercritical
160.00	26.400	414.74	0.0024112	19.903	22.704	80.197	39.207	74.492	352.62	1.8569	34.927	0.051632	supercritical
160.00	26.433	415.25	0.0024082	19.898	22.700	80.178	39.210	74.508	352.82	1.8533	34.959	0.051674	supercritical
160.00	26.467	415.76	0.0024053	19.893	22.695	80.159	39.212	74.525	353.01	1.8498	34.991	0.051716	supercritical
160.00	26.500	416.26	0.0024023	19.889	22.690	80.141	39.214	74.541	353.21	1.8462	35.023	0.051758	supercritical
160.00	26.533	416.77	0.0023994	19.884	22.686	80.122	39.217	74.557	353.40	1.8427	35.055	0.051800	supercritical
160.00	26.567	417.28	0.0023965	19.879	22.681	80.103	39.219	74.574	353.60	1.8391	35.087	0.051842	supercritical
160.00	26.600	417.78	0.0023936	19.875	22.677	80.085	39.221	74.590	353.79	1.8356	35.119	0.051883	supercritical
160.00	26.633	418.29	0.0023907	19.870	22.672	80.066	39.224	74.605	353.99	1.8321	35.151	0.051925	supercritical
160.00	26.667	418.80	0.0023878	19.865	22.668	80.047	39.226	74.621	354.18	1.8285	35.184	0.051967	supercritical
160.00	26.700	419.30	0.0023849	19.861	22.663	80.029	39.228	74.637	354.38	1.8250	35.216	0.052009	supercritical
160.00	26.733	419.81	0.0023820	19.856	22.658	80.010	39.230	74.652	354.58	1.8215	35.248	0.052051	supercritical
160.00	26.767	420.31	0.0023792	19.851	22.654	79.992	39.233	74.668	354.77	1.8180	35.280	0.052093	supercritical
160.00	26.800	420.81	0.0023763	19.847	22.649	79.973	39.235	74.683	354.97	1.8145	35.312	0.052134	supercritical
160.00	26.833	421.32	0.0023735	19.842	22.645	79.955	39.237	74.698	355.17	1.8110	35.344	0.052176	supercritical
160.00	26.867	421.82	0.0023707	19.837	22.640	79.936	39.239	74.713	355.36	1.8075	35.377	0.052218	supercritical
160.00	26.900	422.32	0.0023679	19.833	22.636	79.918	39.242	74.728	355.56	1.8040	35.409	0.052260	supercritical
160.00	26.933	422.83	0.0023650	19.828	22.631	79.900	39.244	74.743	355.76	1.8005	35.441	0.052301	supercritical
160.00	26.967	423.33	0.0023622	19.823	22.627	79.881	39.246	74.758	355.96	1.7971	35.473	0.052343	supercritical
160.00	27.000	423.83	0.0023595	19.819	22.622	79.863	39.248	74.772	356.16	1.7936	35.506	0.052385	supercritical
160.00	27.033	424.33	0.0023567	19.814	22.618	79.845	39.250	74.787	356.36	1.7901	35.538	0.052426	supercritical
160.00	27.067	424.83	0.0023539	19.810	22.614	79.826	39.252	74.801	356.55	1.7867	35.570	0.052468	supercritical
160.00	27.100	425.33	0.0023511	19.805	22.609	79.808	39.255	74.816	356.75	1.7832	35.603	0.052510	supercritical
160.00	27.133	425.83	0.0023484	19.800	22.605	79.790	39.257	74.830	356.95	1.7798	35.635	0.052551	supercritical
160.00	27.167	426.32	0.0023456	19.796	22.600	79.772	39.259	74.844	357.15	1.7763	35.667	0.052593	supercritical
160.00	27.200	426.82	0.0023429	19.791	22.596	79.754	39.261	74.858	357.35	1.7729	35.700	0.052635	supercritical
160.00	27.233	427.32	0.0023402	19.787	22.591	79.735	39.263	74.871	357.55	1.7695	35.732	0.052676	supercritical
160.00	27.267	427.82	0.0023374	19.782	22.587	79.717	39.265	74.885	357.75	1.7660	35.765	0.052718	supercritical
160.00	27.300	428.31	0.0023347	19.777	22.583	79.699	39.267	74.899	357.96	1.7626	35.797	0.052759	supercritical
160.00	27.333	428.81	0.0023320	19.773	22.578	79.681	39.269	74.912	358.16	1.7592	35.829	0.052801	supercritical
160.00	27.367	429.30	0.0023293	19.768	22.574	79.663	39.271	74.926	358.36	1.7558	35.862	0.052842	supercritical
160.00	27.400	429.80	0.0023267	19.764	22.569	79.645	39.274	74.939	358.56	1.7524	35.894	0.052884	supercritical
160.00	27.433	430.29	0.0023240	19.759	22.565	79.627	39.276	74.952	358.76	1.7490	35.927	0.052925	supercritical
160.00	27.467	430.79	0.0023213	19.755	22.561	79.609	39.278	74.965	358.96	1.7456	35.959	0.052967	supercritical
160.00	27.500	431.28	0.0023187	19.750	22.556	79.591	39.280	74.978	359.17	1.7422	35.992	0.053008	supercritical
160.00	27.533	431.77	0.0023160	19.746	22.552	79.573	39.282	74.991	359.37	1.7388	36.024	0.053049	supercritical
160.00	27.567	432.27	0.0023134	19.741	22.548	79.556	39.284	75.003	359.57	1.7355	36.057	0.053091	supercritical
160.00	27.600	432.76	0.0023108	19.736	22.543	79.538	39.286	75.016	359.77	1.7321	36.089	0.053132	supercritical
160.00	27.633	433.25	0.0023081	19.732	22.539	79.520	39.288	75.028	359.98	1.7287	36.122	0.053174	supercritical
160.00	27.667	433.74	0.0023055	19.727	22.535	79.502	39.290	75.041	360.18	1.7254	36.154	0.053215	supercritical
160.00	27.700	434.23	0.0023029	19.723	22.530	79.484	39.292	75.053	360.38	1.7220	36.187	0.053256	supercritical
160.00	27.733	434.72	0.0023003	19.718	22.526	79.467	39.294	75.065	360.59	1.7187	36.220	0.053298	supercritical
160.00	27.767	435.21	0.0022977	19.714	22.522	79.449	39.296	75.077	360.79	1.7153	36.252	0.053339	supercritical
160.00	27.800	435.70	0.0022952	19.709	22.517	79.431	39.298	75.089	361.00	1.7120	36.285	0.053380	supercritical
160.00	27.833	436.19	0.0022926	19.705	22.513	79.414	39.300	75.101	361.20	1.7086	36.317	0.053421	supercritical
160.00	27.867	436.68	0.0022900	19.700	22.509	79.396	39.302	75.113	361.41	1.7053	36.350	0.053463	supercritical
160.00	27.900	437.16	0.0022875	19.696	22.505	79.378	39.304	75.124	361.61	1.7020	36.383	0.053504	supercritical
160.00	27.933	437.65	0.0022849	19.691	22.500	79.361	39.306	75.136	361.82	1.6987	36.415	0.053545	supercritical
160.00	27.967	438.14	0.0022824	19.687	22.496	79.343	39.307	75.147	362.02	1.6954	36.448	0.053586	supercritical
160.00	28.000	438.62	0.0022799	19.682	22.492	79.326	39.309	75.159	362.23	1.6921	36.481	0.053627	supercritical
160.00	28.033	439.11	0.0022773	19.678	22.488	79.308	39.311	75.170	362.43	1.6888	36.513	0.053668	supercritical
160.00	28.067	439.59	0.0022748	19.673	22.483	79.291	39.313	75.181	362.64	1.6855	36.546	0.053710	supercritical
160.00	28.100	440.08	0.0022723	19.669	22.479	79.273	39.315	75.192	362.85	1.6822	36.579	0.053751	supercritical
160.00	28.133	440.56	0.0022698	19.665	22.475	79.256	39.317	75.203	363.05	1.6789	36.611	0.053792	supercritical
160.00	28.167	441.05	0.0022673	19.660	22.471	79.239	39.319	75.214	363.26	1.6756	36.644	0.053833	supercritical
160.00	28.200	441.53	0.0022649	19.656	22.467	79.221	39.321	75.224	363.47	1.6724	36.677	0.053874	supercritical
160.00	28.233	442.01	0.0022624	19.651	22.462	79.204	39.323	75.235	363.68	1.6691	36.709	0.053915	supercritical
160.00	28.267	442.49	0.0022599	19.647	22.458	79.187	39.324	75.245	363.88	1.6658	36.742	0.053956	supercritical
160.00	28.300	442.98	0.0022575	19.642	22.454	79.169	39.326	75.256	364.09	1.6626	36.775	0.053997	supercritical
160.00	28.333	443.46	0.0022550	19.638	22.450	79.152	39.328	75.266	364.30	1.6593	36.808	0.054038	supercritical
160.00	28.367	443.94	0.0022526	19.634	22.446	79.135	39.330	75.276	364.51	1.6561	36.840	0.054079	supercritical
160.00	28.400	444.42	0.0022501	19.629	22.442	79.118	39.332	75.286	364.72	1.6529	36.873	0.054120	supercritical
160.00	28.433	444.90	0.0022477	19.625	22.437	79.100	39.334	75.296	364.92	1.6496	36.906	0.054160	supercritical
160.00	28.467	445.37	0.0022453	19.620	22.433	79.083	39.335	75.306	365.13	1.6464	36.939	0.054201	supercritical
160.00	28.500	445.85	0.0022429	19.616	22.429	79.066	39.337	75.316	365.34	1.6432	36.972	0.054242	supercritical
160.00	28.533	446.33	0.0022405	19.611	22.425	79.049	39.339	75.325	365.55	1.6400	37.004	0.054283	supercritical
160.00	28.567	446.81	0.0022381	19.607	22.421	79.032	39.341	75.335	365.76	1.6368	37.037	0.054324	supercritical
160.00	28.600	447.29	0.0022357	19.603	22.417	79.015	39.343	75.344	365.97	1.6335	37.070	0.054365	supercritical
160.00	28.633	447.76	0.0022333	19.598	22.413	78.998	39.344	75.354	366.18	1.6303	37.103	0.054405	supercritical
160.00	28.667	448.24	0.0022310	19.594	22.409	78.981	39.346	75.363	366.39	1.6272	37.136	0.054446	supercritical
160.00	28.700	448.71	0.0022286	19.590	22.404	78.964	39.348	75.372	366.60	1.6240	37.169	0.054487	supercritical
160.00	28.733	449.19	0.0022262	19.585	22.400	78.947	39.350	75.381	366.81	1.6208	37.201	0.054528	supercritical
160.00	28.767	449.66	0.0022239	19.581	22.396	78.930	39.351	75.390	367.02	1.6176	37.234	0.054568	supercritical
160.00	28.800	450.14	0.0022216	19.576	22.392	78.913	39.353	75.399	367.23	1.6144	37.267	0.054609	supercritical
160.00	28.833	450.61	0.0022192	19.572	22.388	78.896	39.355	75.408	367.45	1.6113	37.300	0.054650	supercritical
160.00	28.867	451.08	0.0022169	19.568	22.384	78.879	39.357	75.416	367.66	1.6081	37.333	0.054690	supercritical
160.00	28.900	451.55	0.0022146	19.563	22.380	78.862	39.358	75.425	367.87	1.6050	37.366	0.054731	supercritical
160.00	28.933	452.03	0.0022123	19.559	22.376	78.846	39.360	75.433	368.08	1.6018	37.399	0.054771	supercritical
160.00	28.967	452.50	0.0022100	19.555	22.372	78.829	39.362	75.442	368.29	1.5987	37.432	0.054812	supercritical
160.00	29.000	452.97	0.0022077	19.550	22.368	78.812	39.363	75.450	368.50	1.5955	37.465	0.054853	supercritical
160.00	29.033	453.44	0.0022054	19.546	22.364	78.795	39.365	75.458	368.72	1.5924	37.497	0.054893	supercritical
160.00	29.067	453.91	0.0022031	19.542	22.360	78.779	39.367	75.466	368.93	1.5893	37.530	0.054934	supercritical
160.00	29.100	454.38	0.0022008	19.538	22.356	78.762	39.368	75.474	369.14	1.5861	37.563	0.054974	supercritical
160.00	29.133	454.85	0.0021985	19.533	22.352	78.745	39.370	75.482	369.35	1.5830	37.596	0.055015	supercritical
160.00	29.167	455.31	0.0021963	19.529	22.348	78.729	39.372	75.490	369.57	1.5799	37.629	0.055055	supercritical
160.00	29.200	455.78	0.0021940	19.525	22.344	78.712	39.373	75.498	369.78	1.5768	37.662	0.055095	supercritical
160.00	29.233	456.25	0.0021918	19.520	22.340	78.696	39.375	75.505	370.00	1.5737	37.695	0.055136	supercritical
160.00	29.267	456.72	0.0021895	19.516	22.336	78.679	39.377	75.513	370.21	1.5706	37.728	0.055176	supercritical
160.00	29.300	457.18	0.0021873	19.512	22.332	78.662	39.378	75.520	370.42	1.5675	37.761	0.055216	supercritical
160.00	29.333	457.65	0.0021851	19.507	22.328	78.646	39.380	75.528	370.64	1.5644	37.794	0.055257	supercritical
160.00	29.367	458.11	0.0021829	19.503	22.324	78.629	39.381	75.535	370.85	1.5614	37.827	0.055297	supercritical
160.00	29.400	458.58	0.0021807	19.499	22.320	78.613	39.383	75.542	371.07	1.5583	37.860	0.055337	supercritical
160.00	29.433	459.04	0.0021785	19.495	22.317	78.597	39.385	75.549	371.28	1.5552	37.893	0.055378	supercritical
160.00	29.467	459.50	0.0021763	19.490	22.313	78.580	39.386	75.556	371.50	1.5522	37.926	0.055418	supercritical
160.00	29.500	459.97	0.0021741	19.486	22.309	78.564	39.388	75.563	371.71	1.5491	37.959	0.055458	supercritical
160.00	29.533	460.43	0.0021719	19.482	22.305	78.547	39.389	75.570	371.93	1.5461	37.992	0.055498	supercritical
160.00	29.567	460.89	0.0021697	19.478	22.301	78.531	39.391	75.576	372.14	1.5430	38.025	0.055538	supercritical
160.00	29.600	461.35	0.0021675	19.473	22.297	78.515	39.393	75.583	372.36	1.5400	38.058	0.055579	supercritical
160.00	29.633	461.82	0.0021654	19.469	22.293	78.499	39.394	75.590	372.57	1.5369	38.091	0.055619	supercritical
160.00	29.667	462.28	0.0021632	19.465	22.289	78.482	39.396	75.596	372.79	1.5339	38.124	0.055659	supercritical
160.00	29.700	462.74	0.0021611	19.461	22.285	78.466	39.397	75.602	373.00	1.5309	38.157	0.055699	supercritical
160.00	29.733	463.20	0.0021589	19.457	22.282	78.450	39.399	75.609	373.22	1.5279	38.190	0.055739	supercritical
160.00	29.767	463.65	0.0021568	19.452	22.278	78.434	39.400	75.615	373.44	1.5249	38.223	0.055779	supercritical
160.00	29.800	464.11	0.0021546	19.448	22.274	78.417	39.402	75.621	373.65	1.5219	38.256	0.055819	supercritical
160.00	29.833	464.57	0.0021525	19.444	22.270	78.401	39.403	75.627	373.87	1.5189	38.289	0.055859	supercritical
160.00	29.867	465.03	0.0021504	19.440	22.266	78.385	39.405	75.633	374.09	1.5159	38.322	0.055899	supercritical
160.00	29.900	465.48	0.0021483	19.435	22.262	78.369	39.406	75.639	374.30	1.5129	38.355	0.055939	supercritical
160.00	29.933	465.94	0.0021462	19.431	22.259	78.353	39.408	75.644	374.52	1.5099	38.388	0.055979	supercritical
160.00	29.967	466.40	0.0021441	19.427	22.255	78.337	39.409	75.650	374.74	1.5069	38.421	0.056019	supercritical
160.00	30.000	466.85	0.0021420	19.423	22.251	78.321	39.411	75.656	374.96	1.5039	38.455	0.056059	supercritical
