Temperature (C)	Pressure (MPa)	Density (kg/m3)	Volume (m3/kg)	Internal Energy (kJ/mol)	Enthalpy (kJ/mol)	Entropy (J/mol*K)	Cv (J/mol*K)	Cp (J/mol*K)	Sound Spd. (m/s)	Joule-Thomson (K/MPa)	Viscosity (uPa*s)	Therm. Cond. (W/m*K)	Phase
170.00	10.000	134.84	0.0074162	22.992	26.255	94.971	36.696	53.380	311.16	3.5994	23.802	0.033640	supercritical
170.00	10.033	135.34	0.0073887	22.986	26.249	94.932	36.703	53.422	311.16	3.5966	23.814	0.033664	supercritical
170.00	10.067	135.84	0.0073615	22.981	26.243	94.893	36.710	53.465	311.15	3.5938	23.825	0.033688	supercritical
170.00	10.100	136.34	0.0073344	22.976	26.236	94.855	36.717	53.508	311.15	3.5910	23.837	0.033712	supercritical
170.00	10.133	136.85	0.0073075	22.971	26.230	94.816	36.724	53.551	311.15	3.5881	23.849	0.033736	supercritical
170.00	10.167	137.35	0.0072807	22.966	26.223	94.777	36.732	53.594	311.14	3.5853	23.861	0.033760	supercritical
170.00	10.200	137.85	0.0072542	22.961	26.217	94.739	36.739	53.637	311.14	3.5825	23.872	0.033784	supercritical
170.00	10.233	138.35	0.0072278	22.955	26.211	94.700	36.746	53.680	311.14	3.5796	23.884	0.033809	supercritical
170.00	10.267	138.86	0.0072017	22.950	26.204	94.662	36.753	53.723	311.14	3.5768	23.896	0.033833	supercritical
170.00	10.300	139.36	0.0071756	22.945	26.198	94.624	36.760	53.766	311.14	3.5739	23.908	0.033857	supercritical
170.00	10.333	139.86	0.0071498	22.940	26.191	94.586	36.767	53.809	311.14	3.5711	23.920	0.033882	supercritical
170.00	10.367	140.37	0.0071241	22.935	26.185	94.548	36.774	53.852	311.14	3.5682	23.932	0.033906	supercritical
170.00	10.400	140.87	0.0070986	22.929	26.179	94.510	36.781	53.895	311.13	3.5654	23.944	0.033931	supercritical
170.00	10.433	141.38	0.0070733	22.924	26.172	94.472	36.788	53.938	311.13	3.5625	23.956	0.033955	supercritical
170.00	10.467	141.88	0.0070481	22.919	26.166	94.434	36.795	53.981	311.13	3.5596	23.968	0.033980	supercritical
170.00	10.500	142.39	0.0070231	22.914	26.159	94.396	36.802	54.024	311.13	3.5567	23.981	0.034005	supercritical
170.00	10.533	142.89	0.0069982	22.909	26.153	94.358	36.809	54.068	311.14	3.5538	23.993	0.034029	supercritical
170.00	10.567	143.40	0.0069735	22.904	26.147	94.321	36.816	54.111	311.14	3.5509	24.005	0.034054	supercritical
170.00	10.600	143.91	0.0069490	22.898	26.140	94.283	36.823	54.154	311.14	3.5480	24.017	0.034079	supercritical
170.00	10.633	144.41	0.0069246	22.893	26.134	94.246	36.830	54.198	311.14	3.5451	24.030	0.034104	supercritical
170.00	10.667	144.92	0.0069004	22.888	26.127	94.209	36.837	54.241	311.14	3.5422	24.042	0.034129	supercritical
170.00	10.700	145.43	0.0068763	22.883	26.121	94.171	36.844	54.285	311.14	3.5392	24.054	0.034154	supercritical
170.00	10.733	145.93	0.0068524	22.878	26.114	94.134	36.851	54.328	311.15	3.5363	24.067	0.034179	supercritical
170.00	10.767	146.44	0.0068287	22.872	26.108	94.097	36.858	54.372	311.15	3.5334	24.079	0.034204	supercritical
170.00	10.800	146.95	0.0068051	22.867	26.102	94.060	36.865	54.415	311.15	3.5304	24.091	0.034229	supercritical
170.00	10.833	147.46	0.0067816	22.862	26.095	94.023	36.872	54.459	311.16	3.5275	24.104	0.034254	supercritical
170.00	10.867	147.97	0.0067583	22.857	26.089	93.986	36.879	54.502	311.16	3.5245	24.117	0.034279	supercritical
170.00	10.900	148.48	0.0067351	22.852	26.082	93.949	36.886	54.546	311.16	3.5216	24.129	0.034305	supercritical
170.00	10.933	148.98	0.0067121	22.846	26.076	93.913	36.892	54.590	311.17	3.5186	24.142	0.034330	supercritical
170.00	10.967	149.49	0.0066892	22.841	26.070	93.876	36.899	54.633	311.17	3.5156	24.154	0.034355	supercritical
170.00	11.000	150.00	0.0066665	22.836	26.063	93.840	36.906	54.677	311.18	3.5126	24.167	0.034381	supercritical
170.00	11.033	150.51	0.0066439	22.831	26.057	93.803	36.913	54.721	311.18	3.5096	24.180	0.034406	supercritical
170.00	11.067	151.02	0.0066214	22.826	26.050	93.767	36.920	54.765	311.19	3.5067	24.192	0.034432	supercritical
170.00	11.100	151.54	0.0065991	22.820	26.044	93.730	36.927	54.809	311.19	3.5037	24.205	0.034457	supercritical
170.00	11.133	152.05	0.0065769	22.815	26.038	93.694	36.934	54.852	311.20	3.5007	24.218	0.034483	supercritical
170.00	11.167	152.56	0.0065549	22.810	26.031	93.658	36.941	54.896	311.21	3.4976	24.231	0.034508	supercritical
170.00	11.200	153.07	0.0065330	22.805	26.025	93.622	36.948	54.940	311.21	3.4946	24.244	0.034534	supercritical
170.00	11.233	153.58	0.0065112	22.799	26.018	93.586	36.955	54.984	311.22	3.4916	24.257	0.034560	supercritical
170.00	11.267	154.09	0.0064896	22.794	26.012	93.550	36.962	55.028	311.23	3.4886	24.270	0.034586	supercritical
170.00	11.300	154.61	0.0064681	22.789	26.006	93.514	36.969	55.072	311.24	3.4855	24.283	0.034612	supercritical
170.00	11.333	155.12	0.0064467	22.784	25.999	93.478	36.975	55.116	311.24	3.4825	24.296	0.034637	supercritical
170.00	11.367	155.63	0.0064254	22.779	25.993	93.442	36.982	55.160	311.25	3.4795	24.309	0.034663	supercritical
170.00	11.400	156.15	0.0064043	22.773	25.986	93.407	36.989	55.204	311.26	3.4764	24.322	0.034689	supercritical
170.00	11.433	156.66	0.0063833	22.768	25.980	93.371	36.996	55.248	311.27	3.4734	24.335	0.034715	supercritical
170.00	11.467	157.17	0.0063624	22.763	25.974	93.336	37.003	55.293	311.28	3.4703	24.348	0.034742	supercritical
170.00	11.500	157.69	0.0063417	22.758	25.967	93.300	37.010	55.337	311.29	3.4672	24.361	0.034768	supercritical
170.00	11.533	158.20	0.0063211	22.752	25.961	93.265	37.017	55.381	311.30	3.4641	24.375	0.034794	supercritical
170.00	11.567	158.72	0.0063006	22.747	25.954	93.229	37.023	55.425	311.31	3.4611	24.388	0.034820	supercritical
170.00	11.600	159.23	0.0062802	22.742	25.948	93.194	37.030	55.469	311.32	3.4580	24.401	0.034846	supercritical
170.00	11.633	159.75	0.0062599	22.737	25.942	93.159	37.037	55.514	311.33	3.4549	24.415	0.034873	supercritical
170.00	11.667	160.26	0.0062398	22.731	25.935	93.124	37.044	55.558	311.34	3.4518	24.428	0.034899	supercritical
170.00	11.700	160.78	0.0062198	22.726	25.929	93.089	37.051	55.602	311.35	3.4487	24.442	0.034926	supercritical
170.00	11.733	161.29	0.0061999	22.721	25.923	93.054	37.058	55.647	311.37	3.4456	24.455	0.034952	supercritical
170.00	11.767	161.81	0.0061801	22.716	25.916	93.019	37.064	55.691	311.38	3.4425	24.469	0.034979	supercritical
170.00	11.800	162.33	0.0061604	22.711	25.910	92.984	37.071	55.735	311.39	3.4393	24.482	0.035005	supercritical
170.00	11.833	162.84	0.0061408	22.705	25.903	92.949	37.078	55.780	311.40	3.4362	24.496	0.035032	supercritical
170.00	11.867	163.36	0.0061214	22.700	25.897	92.915	37.085	55.824	311.42	3.4331	24.509	0.035059	supercritical
170.00	11.900	163.88	0.0061021	22.695	25.891	92.880	37.091	55.869	311.43	3.4299	24.523	0.035085	supercritical
170.00	11.933	164.40	0.0060828	22.690	25.884	92.845	37.098	55.913	311.45	3.4268	24.537	0.035112	supercritical
170.00	11.967	164.91	0.0060637	22.684	25.878	92.811	37.105	55.958	311.46	3.4236	24.550	0.035139	supercritical
170.00	12.000	165.43	0.0060447	22.679	25.871	92.776	37.112	56.002	311.48	3.4205	24.564	0.035166	supercritical
170.00	12.033	165.95	0.0060258	22.674	25.865	92.742	37.119	56.047	311.49	3.4173	24.578	0.035193	supercritical
170.00	12.067	166.47	0.0060071	22.669	25.859	92.708	37.125	56.091	311.51	3.4142	24.592	0.035220	supercritical
170.00	12.100	166.99	0.0059884	22.663	25.852	92.673	37.132	56.136	311.52	3.4110	24.606	0.035247	supercritical
170.00	12.133	167.51	0.0059698	22.658	25.846	92.639	37.139	56.180	311.54	3.4078	24.620	0.035274	supercritical
170.00	12.167	168.03	0.0059514	22.653	25.839	92.605	37.146	56.225	311.55	3.4046	24.634	0.035301	supercritical
170.00	12.200	168.55	0.0059330	22.648	25.833	92.571	37.152	56.270	311.57	3.4014	24.648	0.035328	supercritical
170.00	12.233	169.07	0.0059147	22.642	25.827	92.537	37.159	56.314	311.59	3.3983	24.662	0.035356	supercritical
170.00	12.267	169.59	0.0058966	22.637	25.820	92.503	37.166	56.359	311.60	3.3951	24.676	0.035383	supercritical
170.00	12.300	170.11	0.0058785	22.632	25.814	92.469	37.172	56.404	311.62	3.3919	24.690	0.035410	supercritical
170.00	12.333	170.63	0.0058606	22.627	25.808	92.435	37.179	56.448	311.64	3.3886	24.704	0.035438	supercritical
170.00	12.367	171.15	0.0058427	22.621	25.801	92.402	37.186	56.493	311.66	3.3854	24.718	0.035465	supercritical
170.00	12.400	171.67	0.0058250	22.616	25.795	92.368	37.192	56.538	311.68	3.3822	24.732	0.035493	supercritical
170.00	12.433	172.20	0.0058073	22.611	25.788	92.334	37.199	56.583	311.70	3.3790	24.747	0.035520	supercritical
170.00	12.467	172.72	0.0057898	22.606	25.782	92.301	37.206	56.627	311.72	3.3757	24.761	0.035548	supercritical
170.00	12.500	173.24	0.0057723	22.600	25.776	92.267	37.212	56.672	311.74	3.3725	24.775	0.035576	supercritical
170.00	12.533	173.76	0.0057550	22.595	25.769	92.234	37.219	56.717	311.76	3.3693	24.790	0.035603	supercritical
170.00	12.567	174.29	0.0057377	22.590	25.763	92.200	37.226	56.762	311.78	3.3660	24.804	0.035631	supercritical
170.00	12.600	174.81	0.0057206	22.584	25.757	92.167	37.232	56.807	311.80	3.3628	24.819	0.035659	supercritical
170.00	12.633	175.33	0.0057035	22.579	25.750	92.134	37.239	56.851	311.82	3.3595	24.833	0.035687	supercritical
170.00	12.667	175.85	0.0056865	22.574	25.744	92.101	37.246	56.896	311.84	3.3562	24.848	0.035715	supercritical
170.00	12.700	176.38	0.0056696	22.569	25.738	92.067	37.252	56.941	311.86	3.3530	24.862	0.035743	supercritical
170.00	12.733	176.90	0.0056528	22.563	25.731	92.034	37.259	56.986	311.88	3.3497	24.877	0.035771	supercritical
170.00	12.767	177.43	0.0056361	22.558	25.725	92.001	37.266	57.031	311.91	3.3464	24.891	0.035799	supercritical
170.00	12.800	177.95	0.0056195	22.553	25.718	91.968	37.272	57.076	311.93	3.3431	24.906	0.035827	supercritical
170.00	12.833	178.48	0.0056030	22.548	25.712	91.935	37.279	57.121	311.95	3.3398	24.921	0.035855	supercritical
170.00	12.867	179.00	0.0055866	22.542	25.706	91.902	37.285	57.166	311.98	3.3365	24.936	0.035883	supercritical
170.00	12.900	179.53	0.0055702	22.537	25.699	91.870	37.292	57.211	312.00	3.3332	24.950	0.035911	supercritical
170.00	12.933	180.05	0.0055540	22.532	25.693	91.837	37.299	57.256	312.02	3.3299	24.965	0.035940	supercritical
170.00	12.967	180.58	0.0055378	22.526	25.687	91.804	37.305	57.301	312.05	3.3266	24.980	0.035968	supercritical
170.00	13.000	181.10	0.0055217	22.521	25.680	91.772	37.312	57.346	312.07	3.3233	24.995	0.035997	supercritical
170.00	13.033	181.63	0.0055057	22.516	25.674	91.739	37.318	57.391	312.10	3.3200	25.010	0.036025	supercritical
170.00	13.067	182.16	0.0054898	22.511	25.668	91.706	37.325	57.436	312.13	3.3167	25.025	0.036054	supercritical
170.00	13.100	182.68	0.0054740	22.505	25.661	91.674	37.331	57.481	312.15	3.3133	25.040	0.036082	supercritical
170.00	13.133	183.21	0.0054582	22.500	25.655	91.642	37.338	57.526	312.18	3.3100	25.055	0.036111	supercritical
170.00	13.167	183.74	0.0054426	22.495	25.649	91.609	37.344	57.571	312.20	3.3067	25.070	0.036139	supercritical
170.00	13.200	184.26	0.0054270	22.490	25.642	91.577	37.351	57.616	312.23	3.3033	25.085	0.036168	supercritical
170.00	13.233	184.79	0.0054115	22.484	25.636	91.545	37.357	57.661	312.26	3.3000	25.101	0.036197	supercritical
170.00	13.267	185.32	0.0053961	22.479	25.630	91.512	37.364	57.706	312.29	3.2966	25.116	0.036226	supercritical
170.00	13.300	185.85	0.0053808	22.474	25.623	91.480	37.370	57.751	312.32	3.2932	25.131	0.036255	supercritical
170.00	13.333	186.38	0.0053655	22.468	25.617	91.448	37.377	57.796	312.34	3.2899	25.146	0.036284	supercritical
170.00	13.367	186.90	0.0053503	22.463	25.611	91.416	37.383	57.841	312.37	3.2865	25.162	0.036312	supercritical
170.00	13.400	187.43	0.0053353	22.458	25.604	91.384	37.390	57.886	312.40	3.2831	25.177	0.036342	supercritical
170.00	13.433	187.96	0.0053202	22.453	25.598	91.352	37.396	57.931	312.43	3.2797	25.193	0.036371	supercritical
170.00	13.467	188.49	0.0053053	22.447	25.592	91.320	37.403	57.976	312.46	3.2764	25.208	0.036400	supercritical
170.00	13.500	189.02	0.0052905	22.442	25.585	91.289	37.409	58.021	312.49	3.2730	25.224	0.036429	supercritical
170.00	13.533	189.55	0.0052757	22.437	25.579	91.257	37.416	58.066	312.52	3.2696	25.239	0.036458	supercritical
170.00	13.567	190.08	0.0052610	22.431	25.573	91.225	37.422	58.111	312.55	3.2662	25.255	0.036487	supercritical
170.00	13.600	190.61	0.0052463	22.426	25.566	91.193	37.429	58.156	312.59	3.2628	25.270	0.036517	supercritical
170.00	13.633	191.14	0.0052318	22.421	25.560	91.162	37.435	58.202	312.62	3.2594	25.286	0.036546	supercritical
170.00	13.667	191.67	0.0052173	22.416	25.554	91.130	37.441	58.247	312.65	3.2559	25.302	0.036575	supercritical
170.00	13.700	192.20	0.0052029	22.410	25.547	91.099	37.448	58.292	312.68	3.2525	25.317	0.036605	supercritical
170.00	13.733	192.73	0.0051886	22.405	25.541	91.067	37.454	58.337	312.72	3.2491	25.333	0.036634	supercritical
170.00	13.767	193.26	0.0051743	22.400	25.535	91.036	37.461	58.382	312.75	3.2457	25.349	0.036664	supercritical
170.00	13.800	193.79	0.0051601	22.394	25.528	91.004	37.467	58.427	312.78	3.2422	25.365	0.036694	supercritical
170.00	13.833	194.32	0.0051460	22.389	25.522	90.973	37.473	58.472	312.82	3.2388	25.381	0.036723	supercritical
170.00	13.867	194.86	0.0051320	22.384	25.516	90.942	37.480	58.517	312.85	3.2354	25.397	0.036753	supercritical
170.00	13.900	195.39	0.0051180	22.378	25.509	90.911	37.486	58.562	312.89	3.2319	25.413	0.036783	supercritical
170.00	13.933	195.92	0.0051041	22.373	25.503	90.880	37.492	58.607	312.92	3.2285	25.429	0.036813	supercritical
170.00	13.967	196.45	0.0050903	22.368	25.497	90.848	37.499	58.652	312.96	3.2250	25.445	0.036843	supercritical
170.00	14.000	196.98	0.0050765	22.363	25.490	90.817	37.505	58.698	312.99	3.2215	25.461	0.036872	supercritical
170.00	14.033	197.52	0.0050628	22.357	25.484	90.786	37.511	58.743	313.03	3.2181	25.477	0.036902	supercritical
170.00	14.067	198.05	0.0050492	22.352	25.478	90.755	37.518	58.788	313.07	3.2146	25.493	0.036932	supercritical
170.00	14.100	198.58	0.0050357	22.347	25.472	90.725	37.524	58.833	313.10	3.2111	25.510	0.036962	supercritical
170.00	14.133	199.12	0.0050222	22.341	25.465	90.694	37.530	58.878	313.14	3.2077	25.526	0.036993	supercritical
170.00	14.167	199.65	0.0050088	22.336	25.459	90.663	37.537	58.923	313.18	3.2042	25.542	0.037023	supercritical
170.00	14.200	200.18	0.0049954	22.331	25.453	90.632	37.543	58.968	313.22	3.2007	25.558	0.037053	supercritical
170.00	14.233	200.72	0.0049821	22.326	25.446	90.601	37.549	59.013	313.26	3.1972	25.575	0.037083	supercritical
170.00	14.267	201.25	0.0049689	22.320	25.440	90.571	37.555	59.058	313.30	3.1937	25.591	0.037114	supercritical
170.00	14.300	201.79	0.0049558	22.315	25.434	90.540	37.562	59.103	313.33	3.1902	25.608	0.037144	supercritical
170.00	14.333	202.32	0.0049427	22.310	25.427	90.510	37.568	59.148	313.37	3.1867	25.624	0.037174	supercritical
170.00	14.367	202.85	0.0049297	22.304	25.421	90.479	37.574	59.193	313.41	3.1832	25.641	0.037205	supercritical
170.00	14.400	203.39	0.0049167	22.299	25.415	90.449	37.580	59.238	313.45	3.1797	25.657	0.037235	supercritical
170.00	14.433	203.92	0.0049038	22.294	25.409	90.418	37.587	59.283	313.50	3.1761	25.674	0.037266	supercritical
170.00	14.467	204.46	0.0048910	22.288	25.402	90.388	37.593	59.328	313.54	3.1726	25.691	0.037296	supercritical
170.00	14.500	204.99	0.0048782	22.283	25.396	90.357	37.599	59.373	313.58	3.1691	25.707	0.037327	supercritical
170.00	14.533	205.53	0.0048655	22.278	25.390	90.327	37.605	59.418	313.62	3.1656	25.724	0.037358	supercritical
170.00	14.567	206.06	0.0048528	22.273	25.384	90.297	37.611	59.463	313.66	3.1620	25.741	0.037389	supercritical
170.00	14.600	206.60	0.0048403	22.267	25.377	90.267	37.618	59.508	313.71	3.1585	25.758	0.037419	supercritical
170.00	14.633	207.14	0.0048277	22.262	25.371	90.237	37.624	59.553	313.75	3.1550	25.775	0.037450	supercritical
170.00	14.667	207.67	0.0048153	22.257	25.365	90.207	37.630	59.598	313.79	3.1514	25.792	0.037481	supercritical
170.00	14.700	208.21	0.0048029	22.251	25.359	90.176	37.636	59.643	313.84	3.1479	25.809	0.037512	supercritical
170.00	14.733	208.75	0.0047905	22.246	25.352	90.146	37.642	59.688	313.88	3.1443	25.826	0.037543	supercritical
170.00	14.767	209.28	0.0047782	22.241	25.346	90.117	37.648	59.733	313.93	3.1407	25.843	0.037574	supercritical
170.00	14.800	209.82	0.0047660	22.235	25.340	90.087	37.655	59.778	313.97	3.1372	25.860	0.037605	supercritical
170.00	14.833	210.36	0.0047539	22.230	25.333	90.057	37.661	59.823	314.02	3.1336	25.877	0.037636	supercritical
170.00	14.867	210.89	0.0047418	22.225	25.327	90.027	37.667	59.868	314.06	3.1301	25.894	0.037668	supercritical
170.00	14.900	211.43	0.0047297	22.220	25.321	89.997	37.673	59.913	314.11	3.1265	25.911	0.037699	supercritical
170.00	14.933	211.97	0.0047177	22.214	25.315	89.967	37.679	59.957	314.16	3.1229	25.928	0.037730	supercritical
170.00	14.967	212.50	0.0047058	22.209	25.309	89.938	37.685	60.002	314.20	3.1193	25.946	0.037761	supercritical
170.00	15.000	213.04	0.0046939	22.204	25.302	89.908	37.691	60.047	314.25	3.1157	25.963	0.037793	supercritical
170.00	15.033	213.58	0.0046821	22.198	25.296	89.879	37.697	60.092	314.30	3.1121	25.980	0.037824	supercritical
170.00	15.067	214.12	0.0046703	22.193	25.290	89.849	37.703	60.137	314.35	3.1086	25.998	0.037856	supercritical
170.00	15.100	214.66	0.0046586	22.188	25.284	89.820	37.709	60.181	314.40	3.1050	26.015	0.037887	supercritical
170.00	15.133	215.19	0.0046470	22.182	25.277	89.790	37.715	60.226	314.44	3.1014	26.033	0.037919	supercritical
170.00	15.167	215.73	0.0046354	22.177	25.271	89.761	37.721	60.271	314.49	3.0978	26.050	0.037950	supercritical
170.00	15.200	216.27	0.0046238	22.172	25.265	89.731	37.727	60.316	314.54	3.0941	26.068	0.037982	supercritical
170.00	15.233	216.81	0.0046123	22.167	25.259	89.702	37.733	60.360	314.59	3.0905	26.086	0.038014	supercritical
170.00	15.267	217.35	0.0046009	22.161	25.252	89.673	37.739	60.405	314.64	3.0869	26.103	0.038046	supercritical
170.00	15.300	217.89	0.0045895	22.156	25.246	89.643	37.745	60.450	314.70	3.0833	26.121	0.038077	supercritical
170.00	15.333	218.43	0.0045782	22.151	25.240	89.614	37.751	60.494	314.75	3.0797	26.139	0.038109	supercritical
170.00	15.367	218.97	0.0045669	22.145	25.234	89.585	37.757	60.539	314.80	3.0761	26.156	0.038141	supercritical
170.00	15.400	219.51	0.0045557	22.140	25.228	89.556	37.763	60.583	314.85	3.0724	26.174	0.038173	supercritical
170.00	15.433	220.05	0.0045445	22.135	25.221	89.527	37.769	60.628	314.90	3.0688	26.192	0.038205	supercritical
170.00	15.467	220.58	0.0045334	22.129	25.215	89.498	37.775	60.672	314.96	3.0652	26.210	0.038237	supercritical
170.00	15.500	221.12	0.0045223	22.124	25.209	89.469	37.781	60.717	315.01	3.0615	26.228	0.038269	supercritical
170.00	15.533	221.66	0.0045113	22.119	25.203	89.440	37.787	60.761	315.06	3.0579	26.246	0.038301	supercritical
170.00	15.567	222.20	0.0045004	22.114	25.197	89.411	37.793	60.806	315.12	3.0542	26.264	0.038334	supercritical
170.00	15.600	222.74	0.0044894	22.108	25.190	89.382	37.799	60.850	315.17	3.0506	26.282	0.038366	supercritical
170.00	15.633	223.28	0.0044786	22.103	25.184	89.353	37.805	60.895	315.23	3.0469	26.300	0.038398	supercritical
170.00	15.667	223.83	0.0044678	22.098	25.178	89.325	37.811	60.939	315.28	3.0433	26.318	0.038430	supercritical
170.00	15.700	224.37	0.0044570	22.092	25.172	89.296	37.817	60.984	315.34	3.0396	26.336	0.038463	supercritical
170.00	15.733	224.91	0.0044463	22.087	25.166	89.267	37.822	61.028	315.40	3.0360	26.355	0.038495	supercritical
170.00	15.767	225.45	0.0044356	22.082	25.160	89.239	37.828	61.072	315.45	3.0323	26.373	0.038528	supercritical
170.00	15.800	225.99	0.0044250	22.076	25.153	89.210	37.834	61.117	315.51	3.0286	26.391	0.038560	supercritical
170.00	15.833	226.53	0.0044144	22.071	25.147	89.182	37.840	61.161	315.57	3.0249	26.410	0.038593	supercritical
170.00	15.867	227.07	0.0044039	22.066	25.141	89.153	37.846	61.205	315.62	3.0213	26.428	0.038625	supercritical
170.00	15.900	227.61	0.0043935	22.061	25.135	89.125	37.852	61.249	315.68	3.0176	26.446	0.038658	supercritical
170.00	15.933	228.15	0.0043830	22.055	25.129	89.096	37.857	61.293	315.74	3.0139	26.465	0.038691	supercritical
170.00	15.967	228.69	0.0043727	22.050	25.123	89.068	37.863	61.338	315.80	3.0102	26.484	0.038723	supercritical
170.00	16.000	229.24	0.0043623	22.045	25.116	89.039	37.869	61.382	315.86	3.0065	26.502	0.038756	supercritical
170.00	16.033	229.78	0.0043520	22.039	25.110	89.011	37.875	61.426	315.92	3.0029	26.521	0.038789	supercritical
170.00	16.067	230.32	0.0043418	22.034	25.104	88.983	37.881	61.470	315.98	2.9992	26.539	0.038822	supercritical
170.00	16.100	230.86	0.0043316	22.029	25.098	88.955	37.886	61.514	316.04	2.9955	26.558	0.038855	supercritical
170.00	16.133	231.40	0.0043215	22.023	25.092	88.926	37.892	61.558	316.10	2.9918	26.577	0.038888	supercritical
170.00	16.167	231.94	0.0043114	22.018	25.086	88.898	37.898	61.602	316.16	2.9881	26.596	0.038921	supercritical
170.00	16.200	232.49	0.0043013	22.013	25.080	88.870	37.904	61.646	316.22	2.9844	26.614	0.038954	supercritical
170.00	16.233	233.03	0.0042913	22.008	25.073	88.842	37.909	61.690	316.29	2.9807	26.633	0.038987	supercritical
170.00	16.267	233.57	0.0042814	22.002	25.067	88.814	37.915	61.734	316.35	2.9769	26.652	0.039020	supercritical
170.00	16.300	234.11	0.0042714	21.997	25.061	88.786	37.921	61.777	316.41	2.9732	26.671	0.039053	supercritical
170.00	16.333	234.66	0.0042616	21.992	25.055	88.758	37.926	61.821	316.48	2.9695	26.690	0.039087	supercritical
170.00	16.367	235.20	0.0042517	21.986	25.049	88.730	37.932	61.865	316.54	2.9658	26.709	0.039120	supercritical
170.00	16.400	235.74	0.0042419	21.981	25.043	88.702	37.938	61.909	316.60	2.9621	26.728	0.039153	supercritical
170.00	16.433	236.28	0.0042322	21.976	25.037	88.675	37.944	61.952	316.67	2.9584	26.747	0.039186	supercritical
170.00	16.467	236.83	0.0042225	21.971	25.031	88.647	37.949	61.996	316.73	2.9546	26.766	0.039220	supercritical
170.00	16.500	237.37	0.0042128	21.965	25.025	88.619	37.955	62.040	316.80	2.9509	26.786	0.039253	supercritical
170.00	16.533	237.91	0.0042032	21.960	25.018	88.591	37.960	62.083	316.87	2.9472	26.805	0.039287	supercritical
170.00	16.567	238.46	0.0041937	21.955	25.012	88.564	37.966	62.127	316.93	2.9434	26.824	0.039320	supercritical
170.00	16.600	239.00	0.0041841	21.949	25.006	88.536	37.972	62.170	317.00	2.9397	26.843	0.039354	supercritical
170.00	16.633	239.54	0.0041746	21.944	25.000	88.509	37.977	62.214	317.07	2.9360	26.863	0.039388	supercritical
170.00	16.667	240.08	0.0041652	21.939	24.994	88.481	37.983	62.257	317.13	2.9322	26.882	0.039421	supercritical
170.00	16.700	240.63	0.0041558	21.934	24.988	88.454	37.988	62.300	317.20	2.9285	26.902	0.039455	supercritical
170.00	16.733	241.17	0.0041464	21.928	24.982	88.426	37.994	62.344	317.27	2.9247	26.921	0.039489	supercritical
170.00	16.767	241.71	0.0041371	21.923	24.976	88.399	38.000	62.387	317.34	2.9210	26.941	0.039522	supercritical
170.00	16.800	242.26	0.0041278	21.918	24.970	88.371	38.005	62.430	317.41	2.9172	26.960	0.039556	supercritical
170.00	16.833	242.80	0.0041186	21.912	24.964	88.344	38.011	62.474	317.48	2.9135	26.980	0.039590	supercritical
170.00	16.867	243.35	0.0041094	21.907	24.958	88.317	38.016	62.517	317.55	2.9097	26.999	0.039624	supercritical
170.00	16.900	243.89	0.0041002	21.902	24.952	88.289	38.022	62.560	317.62	2.9060	27.019	0.039658	supercritical
170.00	16.933	244.43	0.0040911	21.897	24.945	88.262	38.027	62.603	317.69	2.9022	27.039	0.039692	supercritical
170.00	16.967	244.98	0.0040820	21.891	24.939	88.235	38.033	62.646	317.76	2.8985	27.058	0.039726	supercritical
170.00	17.000	245.52	0.0040730	21.886	24.933	88.208	38.038	62.689	317.83	2.8947	27.078	0.039760	supercritical
170.00	17.033	246.06	0.0040640	21.881	24.927	88.181	38.044	62.732	317.90	2.8909	27.098	0.039794	supercritical
170.00	17.067	246.61	0.0040550	21.876	24.921	88.154	38.049	62.775	317.98	2.8872	27.118	0.039829	supercritical
170.00	17.100	247.15	0.0040461	21.870	24.915	88.127	38.055	62.818	318.05	2.8834	27.138	0.039863	supercritical
170.00	17.133	247.70	0.0040372	21.865	24.909	88.100	38.060	62.861	318.12	2.8796	27.158	0.039897	supercritical
170.00	17.167	248.24	0.0040284	21.860	24.903	88.073	38.066	62.903	318.20	2.8758	27.178	0.039931	supercritical
170.00	17.200	248.78	0.0040196	21.854	24.897	88.046	38.071	62.946	318.27	2.8721	27.198	0.039966	supercritical
170.00	17.233	249.33	0.0040108	21.849	24.891	88.019	38.076	62.989	318.34	2.8683	27.218	0.040000	supercritical
170.00	17.267	249.87	0.0040020	21.844	24.885	87.992	38.082	63.031	318.42	2.8645	27.238	0.040034	supercritical
170.00	17.300	250.42	0.0039934	21.839	24.879	87.965	38.087	63.074	318.50	2.8607	27.258	0.040069	supercritical
170.00	17.333	250.96	0.0039847	21.833	24.873	87.938	38.093	63.116	318.57	2.8569	27.279	0.040103	supercritical
170.00	17.367	251.50	0.0039761	21.828	24.867	87.912	38.098	63.159	318.65	2.8532	27.299	0.040138	supercritical
170.00	17.400	252.05	0.0039675	21.823	24.861	87.885	38.103	63.201	318.72	2.8494	27.319	0.040172	supercritical
170.00	17.433	252.59	0.0039589	21.818	24.855	87.858	38.109	63.244	318.80	2.8456	27.340	0.040207	supercritical
170.00	17.467	253.14	0.0039504	21.812	24.849	87.832	38.114	63.286	318.88	2.8418	27.360	0.040242	supercritical
170.00	17.500	253.68	0.0039419	21.807	24.843	87.805	38.119	63.328	318.96	2.8380	27.380	0.040276	supercritical
170.00	17.533	254.23	0.0039335	21.802	24.837	87.779	38.125	63.371	319.03	2.8342	27.401	0.040311	supercritical
170.00	17.567	254.77	0.0039251	21.797	24.831	87.752	38.130	63.413	319.11	2.8304	27.421	0.040346	supercritical
170.00	17.600	255.31	0.0039167	21.791	24.825	87.726	38.135	63.455	319.19	2.8266	27.442	0.040381	supercritical
170.00	17.633	255.86	0.0039084	21.786	24.819	87.699	38.141	63.497	319.27	2.8228	27.462	0.040416	supercritical
170.00	17.667	256.40	0.0039001	21.781	24.813	87.673	38.146	63.539	319.35	2.8190	27.483	0.040451	supercritical
170.00	17.700	256.95	0.0038918	21.776	24.807	87.646	38.151	63.581	319.43	2.8152	27.504	0.040485	supercritical
170.00	17.733	257.49	0.0038836	21.770	24.801	87.620	38.156	63.623	319.51	2.8114	27.524	0.040520	supercritical
170.00	17.767	258.04	0.0038754	21.765	24.795	87.594	38.162	63.665	319.59	2.8076	27.545	0.040555	supercritical
170.00	17.800	258.58	0.0038673	21.760	24.789	87.567	38.167	63.707	319.68	2.8038	27.566	0.040590	supercritical
170.00	17.833	259.13	0.0038591	21.755	24.783	87.541	38.172	63.748	319.76	2.8000	27.587	0.040626	supercritical
170.00	17.867	259.67	0.0038510	21.749	24.777	87.515	38.177	63.790	319.84	2.7962	27.608	0.040661	supercritical
170.00	17.900	260.21	0.0038430	21.744	24.771	87.489	38.183	63.832	319.92	2.7924	27.629	0.040696	supercritical
170.00	17.933	260.76	0.0038350	21.739	24.766	87.463	38.188	63.873	320.01	2.7886	27.650	0.040731	supercritical
170.00	17.967	261.30	0.0038270	21.734	24.760	87.437	38.193	63.915	320.09	2.7848	27.671	0.040766	supercritical
170.00	18.000	261.85	0.0038190	21.728	24.754	87.411	38.198	63.956	320.17	2.7810	27.692	0.040802	supercritical
170.00	18.033	262.39	0.0038111	21.723	24.748	87.385	38.203	63.998	320.26	2.7771	27.713	0.040837	supercritical
170.00	18.067	262.94	0.0038032	21.718	24.742	87.359	38.208	64.039	320.34	2.7733	27.734	0.040872	supercritical
170.00	18.100	263.48	0.0037953	21.713	24.736	87.333	38.214	64.080	320.43	2.7695	27.755	0.040908	supercritical
170.00	18.133	264.03	0.0037875	21.707	24.730	87.307	38.219	64.121	320.51	2.7657	27.776	0.040943	supercritical
170.00	18.167	264.57	0.0037797	21.702	24.724	87.281	38.224	64.163	320.60	2.7619	27.797	0.040978	supercritical
170.00	18.200	265.11	0.0037720	21.697	24.718	87.255	38.229	64.204	320.69	2.7580	27.819	0.041014	supercritical
170.00	18.233	265.66	0.0037642	21.692	24.712	87.229	38.234	64.245	320.77	2.7542	27.840	0.041050	supercritical
170.00	18.267	266.20	0.0037565	21.686	24.706	87.204	38.239	64.286	320.86	2.7504	27.861	0.041085	supercritical
170.00	18.300	266.75	0.0037489	21.681	24.700	87.178	38.244	64.327	320.95	2.7466	27.883	0.041121	supercritical
170.00	18.333	267.29	0.0037412	21.676	24.695	87.152	38.249	64.368	321.04	2.7428	27.904	0.041156	supercritical
170.00	18.367	267.84	0.0037336	21.671	24.689	87.127	38.254	64.408	321.13	2.7389	27.926	0.041192	supercritical
170.00	18.400	268.38	0.0037261	21.666	24.683	87.101	38.259	64.449	321.22	2.7351	27.947	0.041228	supercritical
170.00	18.433	268.92	0.0037185	21.660	24.677	87.075	38.264	64.490	321.31	2.7313	27.969	0.041263	supercritical
170.00	18.467	269.47	0.0037110	21.655	24.671	87.050	38.269	64.530	321.40	2.7274	27.990	0.041299	supercritical
170.00	18.500	270.01	0.0037035	21.650	24.665	87.024	38.274	64.571	321.49	2.7236	28.012	0.041335	supercritical
170.00	18.533	270.56	0.0036961	21.645	24.659	86.999	38.279	64.611	321.58	2.7198	28.034	0.041371	supercritical
170.00	18.567	271.10	0.0036887	21.639	24.654	86.973	38.284	64.652	321.67	2.7160	28.055	0.041407	supercritical
170.00	18.600	271.64	0.0036813	21.634	24.648	86.948	38.289	64.692	321.76	2.7121	28.077	0.041443	supercritical
170.00	18.633	272.19	0.0036739	21.629	24.642	86.923	38.294	64.732	321.85	2.7083	28.099	0.041479	supercritical
170.00	18.667	272.73	0.0036666	21.624	24.636	86.897	38.299	64.773	321.94	2.7045	28.121	0.041515	supercritical
170.00	18.700	273.28	0.0036593	21.619	24.630	86.872	38.304	64.813	322.04	2.7006	28.143	0.041551	supercritical
170.00	18.733	273.82	0.0036520	21.613	24.624	86.847	38.309	64.853	322.13	2.6968	28.165	0.041587	supercritical
170.00	18.767	274.36	0.0036448	21.608	24.618	86.822	38.314	64.893	322.22	2.6930	28.186	0.041623	supercritical
170.00	18.800	274.91	0.0036376	21.603	24.613	86.796	38.319	64.933	322.32	2.6891	28.208	0.041659	supercritical
170.00	18.833	275.45	0.0036304	21.598	24.607	86.771	38.324	64.973	322.41	2.6853	28.230	0.041695	supercritical
170.00	18.867	276.00	0.0036232	21.593	24.601	86.746	38.329	65.012	322.51	2.6815	28.253	0.041731	supercritical
170.00	18.900	276.54	0.0036161	21.587	24.595	86.721	38.334	65.052	322.60	2.6776	28.275	0.041767	supercritical
170.00	18.933	277.08	0.0036090	21.582	24.589	86.696	38.338	65.092	322.70	2.6738	28.297	0.041804	supercritical
170.00	18.967	277.63	0.0036020	21.577	24.584	86.671	38.343	65.131	322.79	2.6700	28.319	0.041840	supercritical
170.00	19.000	278.17	0.0035949	21.572	24.578	86.646	38.348	65.171	322.89	2.6661	28.341	0.041876	supercritical
170.00	19.033	278.71	0.0035879	21.567	24.572	86.621	38.353	65.210	322.99	2.6623	28.364	0.041913	supercritical
170.00	19.067	279.26	0.0035809	21.561	24.566	86.596	38.358	65.250	323.08	2.6584	28.386	0.041949	supercritical
170.00	19.100	279.80	0.0035740	21.556	24.560	86.571	38.363	65.289	323.18	2.6546	28.408	0.041985	supercritical
170.00	19.133	280.34	0.0035671	21.551	24.555	86.546	38.367	65.328	323.28	2.6508	28.431	0.042022	supercritical
170.00	19.167	280.89	0.0035602	21.546	24.549	86.522	38.372	65.367	323.38	2.6469	28.453	0.042058	supercritical
170.00	19.200	281.43	0.0035533	21.541	24.543	86.497	38.377	65.407	323.48	2.6431	28.475	0.042095	supercritical
170.00	19.233	281.97	0.0035465	21.535	24.537	86.472	38.382	65.446	323.58	2.6393	28.498	0.042131	supercritical
170.00	19.267	282.51	0.0035397	21.530	24.532	86.447	38.386	65.485	323.68	2.6354	28.521	0.042168	supercritical
170.00	19.300	283.06	0.0035329	21.525	24.526	86.423	38.391	65.523	323.78	2.6316	28.543	0.042205	supercritical
170.00	19.333	283.60	0.0035261	21.520	24.520	86.398	38.396	65.562	323.88	2.6277	28.566	0.042241	supercritical
170.00	19.367	284.14	0.0035194	21.515	24.514	86.373	38.401	65.601	323.98	2.6239	28.588	0.042278	supercritical
170.00	19.400	284.68	0.0035127	21.510	24.509	86.349	38.405	65.640	324.08	2.6201	28.611	0.042315	supercritical
170.00	19.433	285.23	0.0035060	21.504	24.503	86.324	38.410	65.678	324.18	2.6162	28.634	0.042351	supercritical
170.00	19.467	285.77	0.0034993	21.499	24.497	86.300	38.415	65.717	324.28	2.6124	28.657	0.042388	supercritical
170.00	19.500	286.31	0.0034927	21.494	24.491	86.275	38.419	65.755	324.39	2.6085	28.679	0.042425	supercritical
170.00	19.533	286.85	0.0034861	21.489	24.486	86.251	38.424	65.793	324.49	2.6047	28.702	0.042462	supercritical
170.00	19.567	287.40	0.0034795	21.484	24.480	86.226	38.429	65.832	324.59	2.6009	28.725	0.042499	supercritical
170.00	19.600	287.94	0.0034730	21.479	24.474	86.202	38.433	65.870	324.70	2.5970	28.748	0.042535	supercritical
170.00	19.633	288.48	0.0034665	21.473	24.469	86.178	38.438	65.908	324.80	2.5932	28.771	0.042572	supercritical
170.00	19.667	289.02	0.0034600	21.468	24.463	86.153	38.443	65.946	324.91	2.5894	28.794	0.042609	supercritical
170.00	19.700	289.56	0.0034535	21.463	24.457	86.129	38.447	65.984	325.01	2.5855	28.817	0.042646	supercritical
170.00	19.733	290.10	0.0034470	21.458	24.452	86.105	38.452	66.022	325.12	2.5817	28.840	0.042683	supercritical
170.00	19.767	290.65	0.0034406	21.453	24.446	86.081	38.456	66.060	325.22	2.5779	28.863	0.042720	supercritical
170.00	19.800	291.19	0.0034342	21.448	24.440	86.056	38.461	66.097	325.33	2.5740	28.886	0.042757	supercritical
170.00	19.833	291.73	0.0034279	21.443	24.435	86.032	38.466	66.135	325.44	2.5702	28.910	0.042794	supercritical
170.00	19.867	292.27	0.0034215	21.437	24.429	86.008	38.470	66.173	325.54	2.5663	28.933	0.042831	supercritical
170.00	19.900	292.81	0.0034152	21.432	24.423	85.984	38.475	66.210	325.65	2.5625	28.956	0.042869	supercritical
170.00	19.933	293.35	0.0034089	21.427	24.418	85.960	38.479	66.247	325.76	2.5587	28.979	0.042906	supercritical
170.00	19.967	293.89	0.0034026	21.422	24.412	85.936	38.484	66.285	325.87	2.5548	29.003	0.042943	supercritical
170.00	20.000	294.43	0.0033964	21.417	24.406	85.912	38.488	66.322	325.98	2.5510	29.026	0.042980	supercritical
170.00	20.033	294.97	0.0033901	21.412	24.401	85.888	38.493	66.359	326.09	2.5472	29.050	0.043017	supercritical
170.00	20.067	295.51	0.0033839	21.407	24.395	85.864	38.497	66.396	326.20	2.5433	29.073	0.043055	supercritical
170.00	20.100	296.05	0.0033778	21.401	24.389	85.840	38.502	66.433	326.31	2.5395	29.097	0.043092	supercritical
170.00	20.133	296.59	0.0033716	21.396	24.384	85.816	38.506	66.470	326.42	2.5357	29.120	0.043129	supercritical
170.00	20.167	297.13	0.0033655	21.391	24.378	85.793	38.510	66.507	326.53	2.5319	29.144	0.043167	supercritical
170.00	20.200	297.67	0.0033594	21.386	24.373	85.769	38.515	66.544	326.64	2.5280	29.167	0.043204	supercritical
170.00	20.233	298.21	0.0033533	21.381	24.367	85.745	38.519	66.580	326.75	2.5242	29.191	0.043241	supercritical
170.00	20.267	298.75	0.0033473	21.376	24.361	85.721	38.524	66.617	326.86	2.5204	29.215	0.043279	supercritical
170.00	20.300	299.29	0.0033412	21.371	24.356	85.698	38.528	66.653	326.97	2.5165	29.238	0.043316	supercritical
170.00	20.333	299.83	0.0033352	21.366	24.350	85.674	38.533	66.690	327.09	2.5127	29.262	0.043354	supercritical
170.00	20.367	300.37	0.0033292	21.361	24.345	85.650	38.537	66.726	327.20	2.5089	29.286	0.043391	supercritical
170.00	20.400	300.91	0.0033233	21.355	24.339	85.627	38.541	66.762	327.31	2.5051	29.310	0.043429	supercritical
170.00	20.433	301.45	0.0033173	21.350	24.333	85.603	38.546	66.798	327.43	2.5012	29.334	0.043466	supercritical
170.00	20.467	301.99	0.0033114	21.345	24.328	85.580	38.550	66.834	327.54	2.4974	29.358	0.043504	supercritical
170.00	20.500	302.53	0.0033055	21.340	24.322	85.556	38.554	66.870	327.66	2.4936	29.381	0.043541	supercritical
170.00	20.533	303.06	0.0032996	21.335	24.317	85.533	38.559	66.906	327.77	2.4898	29.405	0.043579	supercritical
170.00	20.567	303.60	0.0032938	21.330	24.311	85.509	38.563	66.942	327.89	2.4860	29.429	0.043617	supercritical
170.00	20.600	304.14	0.0032880	21.325	24.306	85.486	38.567	66.978	328.00	2.4821	29.453	0.043654	supercritical
170.00	20.633	304.68	0.0032821	21.320	24.300	85.462	38.572	67.013	328.12	2.4783	29.478	0.043692	supercritical
170.00	20.667	305.22	0.0032764	21.315	24.295	85.439	38.576	67.049	328.24	2.4745	29.502	0.043730	supercritical
170.00	20.700	305.75	0.0032706	21.310	24.289	85.416	38.580	67.084	328.35	2.4707	29.526	0.043767	supercritical
170.00	20.733	306.29	0.0032649	21.304	24.284	85.392	38.584	67.120	328.47	2.4669	29.550	0.043805	supercritical
170.00	20.767	306.83	0.0032591	21.299	24.278	85.369	38.589	67.155	328.59	2.4631	29.574	0.043843	supercritical
170.00	20.800	307.37	0.0032535	21.294	24.273	85.346	38.593	67.190	328.71	2.4593	29.599	0.043881	supercritical
170.00	20.833	307.90	0.0032478	21.289	24.267	85.323	38.597	67.225	328.83	2.4554	29.623	0.043918	supercritical
170.00	20.867	308.44	0.0032421	21.284	24.262	85.300	38.601	67.260	328.95	2.4516	29.647	0.043956	supercritical
170.00	20.900	308.98	0.0032365	21.279	24.256	85.277	38.605	67.295	329.07	2.4478	29.672	0.043994	supercritical
170.00	20.933	309.51	0.0032309	21.274	24.251	85.253	38.610	67.330	329.19	2.4440	29.696	0.044032	supercritical
170.00	20.967	310.05	0.0032253	21.269	24.245	85.230	38.614	67.365	329.31	2.4402	29.720	0.044070	supercritical
170.00	21.000	310.59	0.0032197	21.264	24.240	85.207	38.618	67.399	329.43	2.4364	29.745	0.044108	supercritical
170.00	21.033	311.12	0.0032142	21.259	24.234	85.184	38.622	67.434	329.55	2.4326	29.769	0.044146	supercritical
170.00	21.067	311.66	0.0032087	21.254	24.229	85.161	38.626	67.468	329.67	2.4288	29.794	0.044184	supercritical
170.00	21.100	312.19	0.0032031	21.249	24.223	85.138	38.630	67.503	329.79	2.4250	29.818	0.044222	supercritical
170.00	21.133	312.73	0.0031977	21.244	24.218	85.116	38.635	67.537	329.91	2.4212	29.843	0.044260	supercritical
170.00	21.167	313.26	0.0031922	21.239	24.212	85.093	38.639	67.571	330.04	2.4174	29.868	0.044298	supercritical
170.00	21.200	313.80	0.0031868	21.234	24.207	85.070	38.643	67.605	330.16	2.4136	29.892	0.044336	supercritical
170.00	21.233	314.33	0.0031813	21.229	24.201	85.047	38.647	67.639	330.28	2.4098	29.917	0.044374	supercritical
170.00	21.267	314.87	0.0031759	21.223	24.196	85.024	38.651	67.673	330.41	2.4060	29.942	0.044412	supercritical
170.00	21.300	315.40	0.0031705	21.218	24.191	85.002	38.655	67.707	330.53	2.4022	29.967	0.044450	supercritical
170.00	21.333	315.94	0.0031652	21.213	24.185	84.979	38.659	67.741	330.66	2.3985	29.992	0.044488	supercritical
170.00	21.367	316.47	0.0031598	21.208	24.180	84.956	38.663	67.774	330.78	2.3947	30.016	0.044526	supercritical
170.00	21.400	317.01	0.0031545	21.203	24.174	84.934	38.667	67.808	330.91	2.3909	30.041	0.044565	supercritical
170.00	21.433	317.54	0.0031492	21.198	24.169	84.911	38.671	67.841	331.03	2.3871	30.066	0.044603	supercritical
170.00	21.467	318.07	0.0031439	21.193	24.164	84.888	38.675	67.875	331.16	2.3833	30.091	0.044641	supercritical
170.00	21.500	318.61	0.0031387	21.188	24.158	84.866	38.679	67.908	331.29	2.3795	30.116	0.044679	supercritical
170.00	21.533	319.14	0.0031334	21.183	24.153	84.843	38.683	67.941	331.41	2.3758	30.141	0.044717	supercritical
170.00	21.567	319.67	0.0031282	21.178	24.147	84.821	38.687	67.974	331.54	2.3720	30.166	0.044756	supercritical
170.00	21.600	320.20	0.0031230	21.173	24.142	84.798	38.691	68.007	331.67	2.3682	30.191	0.044794	supercritical
170.00	21.633	320.74	0.0031178	21.168	24.137	84.776	38.695	68.040	331.80	2.3644	30.216	0.044832	supercritical
170.00	21.667	321.27	0.0031127	21.163	24.131	84.753	38.699	68.073	331.93	2.3607	30.242	0.044871	supercritical
170.00	21.700	321.80	0.0031075	21.158	24.126	84.731	38.703	68.105	332.05	2.3569	30.267	0.044909	supercritical
170.00	21.733	322.33	0.0031024	21.153	24.121	84.709	38.707	68.138	332.18	2.3531	30.292	0.044947	supercritical
170.00	21.767	322.86	0.0030973	21.148	24.115	84.686	38.711	68.170	332.31	2.3494	30.317	0.044986	supercritical
170.00	21.800	323.40	0.0030922	21.143	24.110	84.664	38.715	68.203	332.44	2.3456	30.343	0.045024	supercritical
170.00	21.833	323.93	0.0030871	21.138	24.105	84.642	38.719	68.235	332.57	2.3418	30.368	0.045062	supercritical
170.00	21.867	324.46	0.0030821	21.133	24.099	84.620	38.722	68.267	332.70	2.3381	30.393	0.045101	supercritical
170.00	21.900	324.99	0.0030770	21.128	24.094	84.597	38.726	68.299	332.84	2.3343	30.419	0.045139	supercritical
170.00	21.933	325.52	0.0030720	21.123	24.089	84.575	38.730	68.331	332.97	2.3306	30.444	0.045178	supercritical
170.00	21.967	326.05	0.0030670	21.118	24.083	84.553	38.734	68.363	333.10	2.3268	30.470	0.045216	supercritical
170.00	22.000	326.58	0.0030620	21.113	24.078	84.531	38.738	68.395	333.23	2.3231	30.495	0.045255	supercritical
170.00	22.033	327.11	0.0030571	21.108	24.073	84.509	38.742	68.427	333.36	2.3193	30.521	0.045293	supercritical
170.00	22.067	327.64	0.0030521	21.103	24.067	84.487	38.745	68.458	333.50	2.3156	30.546	0.045332	supercritical
170.00	22.100	328.17	0.0030472	21.098	24.062	84.465	38.749	68.490	333.63	2.3118	30.572	0.045370	supercritical
170.00	22.133	328.70	0.0030423	21.093	24.057	84.443	38.753	68.521	333.76	2.3081	30.597	0.045409	supercritical
170.00	22.167	329.23	0.0030374	21.088	24.052	84.421	38.757	68.553	333.90	2.3044	30.623	0.045447	supercritical
170.00	22.200	329.76	0.0030325	21.083	24.046	84.399	38.761	68.584	334.03	2.3006	30.649	0.045486	supercritical
170.00	22.233	330.28	0.0030277	21.079	24.041	84.377	38.764	68.615	334.17	2.2969	30.674	0.045524	supercritical
170.00	22.267	330.81	0.0030229	21.074	24.036	84.355	38.768	68.646	334.30	2.2932	30.700	0.045563	supercritical
170.00	22.300	331.34	0.0030180	21.069	24.031	84.333	38.772	68.677	334.44	2.2894	30.726	0.045601	supercritical
170.00	22.333	331.87	0.0030132	21.064	24.025	84.312	38.776	68.708	334.57	2.2857	30.752	0.045640	supercritical
170.00	22.367	332.40	0.0030085	21.059	24.020	84.290	38.779	68.739	334.71	2.2820	30.778	0.045679	supercritical
170.00	22.400	332.92	0.0030037	21.054	24.015	84.268	38.783	68.769	334.85	2.2783	30.804	0.045717	supercritical
170.00	22.433	333.45	0.0029989	21.049	24.010	84.246	38.787	68.800	334.98	2.2745	30.829	0.045756	supercritical
170.00	22.467	333.98	0.0029942	21.044	24.004	84.225	38.790	68.830	335.12	2.2708	30.855	0.045795	supercritical
170.00	22.500	334.50	0.0029895	21.039	23.999	84.203	38.794	68.861	335.26	2.2671	30.881	0.045833	supercritical
170.00	22.533	335.03	0.0029848	21.034	23.994	84.181	38.798	68.891	335.40	2.2634	30.907	0.045872	supercritical
170.00	22.567	335.56	0.0029801	21.029	23.989	84.160	38.801	68.921	335.54	2.2597	30.933	0.045911	supercritical
170.00	22.600	336.08	0.0029755	21.024	23.984	84.138	38.805	68.951	335.68	2.2560	30.959	0.045949	supercritical
170.00	22.633	336.61	0.0029708	21.019	23.978	84.117	38.809	68.981	335.82	2.2523	30.986	0.045988	supercritical
170.00	22.667	337.13	0.0029662	21.014	23.973	84.095	38.812	69.011	335.95	2.2486	31.012	0.046027	supercritical
170.00	22.700	337.66	0.0029616	21.009	23.968	84.074	38.816	69.040	336.10	2.2449	31.038	0.046066	supercritical
170.00	22.733	338.18	0.0029570	21.005	23.963	84.052	38.819	69.070	336.24	2.2412	31.064	0.046104	supercritical
170.00	22.767	338.71	0.0029524	21.000	23.958	84.031	38.823	69.100	336.38	2.2375	31.090	0.046143	supercritical
170.00	22.800	339.23	0.0029478	20.995	23.953	84.009	38.826	69.129	336.52	2.2338	31.117	0.046182	supercritical
170.00	22.833	339.76	0.0029433	20.990	23.948	83.988	38.830	69.158	336.66	2.2301	31.143	0.046221	supercritical
170.00	22.867	340.28	0.0029388	20.985	23.942	83.967	38.834	69.188	336.80	2.2264	31.169	0.046260	supercritical
170.00	22.900	340.80	0.0029343	20.980	23.937	83.946	38.837	69.217	336.94	2.2227	31.195	0.046298	supercritical
170.00	22.933	341.33	0.0029298	20.975	23.932	83.924	38.841	69.246	337.09	2.2190	31.222	0.046337	supercritical
170.00	22.967	341.85	0.0029253	20.970	23.927	83.903	38.844	69.275	337.23	2.2154	31.248	0.046376	supercritical
170.00	23.000	342.37	0.0029208	20.965	23.922	83.882	38.848	69.304	337.37	2.2117	31.275	0.046415	supercritical
170.00	23.033	342.89	0.0029164	20.961	23.917	83.861	38.851	69.332	337.51	2.2080	31.301	0.046454	supercritical
170.00	23.067	343.42	0.0029119	20.956	23.912	83.839	38.855	69.361	337.66	2.2044	31.328	0.046493	supercritical
170.00	23.100	343.94	0.0029075	20.951	23.907	83.818	38.858	69.389	337.80	2.2007	31.354	0.046532	supercritical
170.00	23.133	344.46	0.0029031	20.946	23.902	83.797	38.862	69.418	337.95	2.1970	31.381	0.046570	supercritical
170.00	23.167	344.98	0.0028987	20.941	23.896	83.776	38.865	69.446	338.09	2.1934	31.407	0.046609	supercritical
170.00	23.200	345.50	0.0028944	20.936	23.891	83.755	38.869	69.474	338.24	2.1897	31.434	0.046648	supercritical
170.00	23.233	346.02	0.0028900	20.931	23.886	83.734	38.872	69.503	338.38	2.1861	31.460	0.046687	supercritical
170.00	23.267	346.54	0.0028857	20.926	23.881	83.713	38.875	69.531	338.53	2.1824	31.487	0.046726	supercritical
170.00	23.300	347.06	0.0028813	20.922	23.876	83.692	38.879	69.559	338.68	2.1788	31.514	0.046765	supercritical
170.00	23.333	347.58	0.0028770	20.917	23.871	83.671	38.882	69.586	338.82	2.1751	31.541	0.046804	supercritical
170.00	23.367	348.10	0.0028727	20.912	23.866	83.650	38.886	69.614	338.97	2.1715	31.567	0.046843	supercritical
170.00	23.400	348.62	0.0028685	20.907	23.861	83.629	38.889	69.642	339.12	2.1678	31.594	0.046882	supercritical
170.00	23.433	349.14	0.0028642	20.902	23.856	83.609	38.892	69.669	339.27	2.1642	31.621	0.046921	supercritical
170.00	23.467	349.66	0.0028599	20.897	23.851	83.588	38.896	69.697	339.41	2.1606	31.648	0.046960	supercritical
170.00	23.500	350.18	0.0028557	20.893	23.846	83.567	38.899	69.724	339.56	2.1569	31.675	0.046999	supercritical
170.00	23.533	350.69	0.0028515	20.888	23.841	83.546	38.902	69.751	339.71	2.1533	31.701	0.047038	supercritical
170.00	23.567	351.21	0.0028473	20.883	23.836	83.526	38.906	69.778	339.86	2.1497	31.728	0.047077	supercritical
170.00	23.600	351.73	0.0028431	20.878	23.831	83.505	38.909	69.805	340.01	2.1461	31.755	0.047116	supercritical
170.00	23.633	352.25	0.0028389	20.873	23.826	83.484	38.912	69.832	340.16	2.1424	31.782	0.047155	supercritical
170.00	23.667	352.76	0.0028348	20.868	23.821	83.464	38.916	69.859	340.31	2.1388	31.809	0.047194	supercritical
170.00	23.700	353.28	0.0028306	20.864	23.816	83.443	38.919	69.886	340.46	2.1352	31.836	0.047233	supercritical
170.00	23.733	353.80	0.0028265	20.859	23.811	83.422	38.922	69.912	340.61	2.1316	31.863	0.047272	supercritical
170.00	23.767	354.31	0.0028224	20.854	23.806	83.402	38.925	69.939	340.76	2.1280	31.890	0.047311	supercritical
170.00	23.800	354.83	0.0028183	20.849	23.801	83.381	38.929	69.965	340.91	2.1244	31.918	0.047350	supercritical
170.00	23.833	355.34	0.0028142	20.844	23.796	83.361	38.932	69.991	341.06	2.1208	31.945	0.047389	supercritical
170.00	23.867	355.86	0.0028101	20.840	23.791	83.340	38.935	70.018	341.22	2.1172	31.972	0.047428	supercritical
170.00	23.900	356.37	0.0028061	20.835	23.786	83.320	38.938	70.044	341.37	2.1136	31.999	0.047467	supercritical
170.00	23.933	356.89	0.0028020	20.830	23.781	83.300	38.942	70.070	341.52	2.1100	32.026	0.047506	supercritical
170.00	23.967	357.40	0.0027980	20.825	23.776	83.279	38.945	70.095	341.68	2.1065	32.053	0.047545	supercritical
170.00	24.000	357.91	0.0027940	20.820	23.772	83.259	38.948	70.121	341.83	2.1029	32.081	0.047584	supercritical
170.00	24.033	358.43	0.0027900	20.816	23.767	83.238	38.951	70.147	341.98	2.0993	32.108	0.047623	supercritical
170.00	24.067	358.94	0.0027860	20.811	23.762	83.218	38.954	70.173	342.14	2.0957	32.135	0.047662	supercritical
170.00	24.100	359.45	0.0027820	20.806	23.757	83.198	38.958	70.198	342.29	2.0922	32.163	0.047701	supercritical
170.00	24.133	359.97	0.0027780	20.801	23.752	83.178	38.961	70.223	342.45	2.0886	32.190	0.047741	supercritical
170.00	24.167	360.48	0.0027741	20.797	23.747	83.157	38.964	70.249	342.60	2.0850	32.217	0.047780	supercritical
170.00	24.200	360.99	0.0027702	20.792	23.742	83.137	38.967	70.274	342.76	2.0815	32.245	0.047819	supercritical
170.00	24.233	361.50	0.0027662	20.787	23.737	83.117	38.970	70.299	342.91	2.0779	32.272	0.047858	supercritical
170.00	24.267	362.01	0.0027623	20.782	23.732	83.097	38.973	70.324	343.07	2.0744	32.300	0.047897	supercritical
170.00	24.300	362.52	0.0027584	20.778	23.728	83.077	38.976	70.349	343.22	2.0708	32.327	0.047936	supercritical
170.00	24.333	363.03	0.0027546	20.773	23.723	83.057	38.979	70.373	343.38	2.0673	32.355	0.047975	supercritical
170.00	24.367	363.55	0.0027507	20.768	23.718	83.037	38.982	70.398	343.54	2.0637	32.382	0.048014	supercritical
170.00	24.400	364.05	0.0027468	20.763	23.713	83.017	38.986	70.423	343.70	2.0602	32.410	0.048053	supercritical
170.00	24.433	364.56	0.0027430	20.759	23.708	82.997	38.989	70.447	343.85	2.0566	32.438	0.048092	supercritical
170.00	24.467	365.07	0.0027392	20.754	23.703	82.977	38.992	70.471	344.01	2.0531	32.465	0.048132	supercritical
170.00	24.500	365.58	0.0027354	20.749	23.699	82.957	38.995	70.496	344.17	2.0496	32.493	0.048171	supercritical
170.00	24.533	366.09	0.0027316	20.744	23.694	82.937	38.998	70.520	344.33	2.0461	32.521	0.048210	supercritical
170.00	24.567	366.60	0.0027278	20.740	23.689	82.917	39.001	70.544	344.49	2.0425	32.548	0.048249	supercritical
170.00	24.600	367.11	0.0027240	20.735	23.684	82.897	39.004	70.568	344.65	2.0390	32.576	0.048288	supercritical
170.00	24.633	367.61	0.0027202	20.730	23.679	82.877	39.007	70.592	344.81	2.0355	32.604	0.048327	supercritical
170.00	24.667	368.12	0.0027165	20.726	23.675	82.858	39.010	70.615	344.97	2.0320	32.631	0.048366	supercritical
170.00	24.700	368.63	0.0027128	20.721	23.670	82.838	39.013	70.639	345.13	2.0285	32.659	0.048405	supercritical
170.00	24.733	369.14	0.0027090	20.716	23.665	82.818	39.016	70.662	345.29	2.0250	32.687	0.048445	supercritical
170.00	24.767	369.64	0.0027053	20.711	23.660	82.798	39.019	70.686	345.45	2.0215	32.715	0.048484	supercritical
170.00	24.800	370.15	0.0027016	20.707	23.655	82.779	39.022	70.709	345.61	2.0180	32.743	0.048523	supercritical
170.00	24.833	370.65	0.0026979	20.702	23.651	82.759	39.025	70.732	345.77	2.0145	32.771	0.048562	supercritical
170.00	24.867	371.16	0.0026943	20.697	23.646	82.739	39.028	70.755	345.93	2.0110	32.799	0.048601	supercritical
170.00	24.900	371.66	0.0026906	20.693	23.641	82.720	39.030	70.778	346.09	2.0075	32.827	0.048640	supercritical
170.00	24.933	372.17	0.0026870	20.688	23.636	82.700	39.033	70.801	346.26	2.0041	32.855	0.048679	supercritical
170.00	24.967	372.67	0.0026833	20.683	23.632	82.681	39.036	70.824	346.42	2.0006	32.882	0.048718	supercritical
170.00	25.000	373.18	0.0026797	20.679	23.627	82.661	39.039	70.847	346.58	1.9971	32.911	0.048758	supercritical
170.00	25.033	373.68	0.0026761	20.674	23.622	82.642	39.042	70.869	346.74	1.9936	32.939	0.048797	supercritical
170.00	25.067	374.18	0.0026725	20.669	23.618	82.622	39.045	70.892	346.91	1.9902	32.967	0.048836	supercritical
170.00	25.100	374.68	0.0026689	20.665	23.613	82.603	39.048	70.914	347.07	1.9867	32.995	0.048875	supercritical
170.00	25.133	375.19	0.0026653	20.660	23.608	82.583	39.051	70.937	347.24	1.9833	33.023	0.048914	supercritical
170.00	25.167	375.69	0.0026618	20.655	23.604	82.564	39.053	70.959	347.40	1.9798	33.051	0.048953	supercritical
170.00	25.200	376.19	0.0026582	20.651	23.599	82.544	39.056	70.981	347.57	1.9764	33.079	0.048992	supercritical
170.00	25.233	376.69	0.0026547	20.646	23.594	82.525	39.059	71.003	347.73	1.9729	33.107	0.049031	supercritical
170.00	25.267	377.19	0.0026512	20.641	23.590	82.506	39.062	71.025	347.90	1.9695	33.135	0.049071	supercritical
170.00	25.300	377.69	0.0026476	20.637	23.585	82.487	39.065	71.047	348.06	1.9660	33.164	0.049110	supercritical
170.00	25.333	378.19	0.0026441	20.632	23.580	82.467	39.068	71.068	348.23	1.9626	33.192	0.049149	supercritical
170.00	25.367	378.69	0.0026407	20.628	23.576	82.448	39.070	71.090	348.39	1.9592	33.220	0.049188	supercritical
170.00	25.400	379.19	0.0026372	20.623	23.571	82.429	39.073	71.111	348.56	1.9558	33.248	0.049227	supercritical
170.00	25.433	379.69	0.0026337	20.618	23.566	82.410	39.076	71.133	348.73	1.9523	33.277	0.049266	supercritical
170.00	25.467	380.19	0.0026303	20.614	23.562	82.390	39.079	71.154	348.89	1.9489	33.305	0.049305	supercritical
170.00	25.500	380.69	0.0026268	20.609	23.557	82.371	39.081	71.175	349.06	1.9455	33.333	0.049344	supercritical
170.00	25.533	381.19	0.0026234	20.604	23.552	82.352	39.084	71.196	349.23	1.9421	33.362	0.049384	supercritical
170.00	25.567	381.69	0.0026200	20.600	23.548	82.333	39.087	71.217	349.40	1.9387	33.390	0.049423	supercritical
170.00	25.600	382.18	0.0026166	20.595	23.543	82.314	39.090	71.238	349.57	1.9353	33.419	0.049462	supercritical
170.00	25.633	382.68	0.0026132	20.591	23.539	82.295	39.092	71.259	349.73	1.9319	33.447	0.049501	supercritical
170.00	25.667	383.18	0.0026098	20.586	23.534	82.276	39.095	71.280	349.90	1.9285	33.475	0.049540	supercritical
170.00	25.700	383.67	0.0026064	20.582	23.529	82.257	39.098	71.300	350.07	1.9251	33.504	0.049579	supercritical
170.00	25.733	384.17	0.0026030	20.577	23.525	82.238	39.100	71.321	350.24	1.9217	33.532	0.049618	supercritical
170.00	25.767	384.66	0.0025997	20.572	23.520	82.219	39.103	71.341	350.41	1.9184	33.561	0.049657	supercritical
170.00	25.800	385.16	0.0025963	20.568	23.516	82.200	39.106	71.361	350.58	1.9150	33.589	0.049696	supercritical
170.00	25.833	385.65	0.0025930	20.563	23.511	82.182	39.108	71.382	350.75	1.9116	33.618	0.049735	supercritical
170.00	25.867	386.15	0.0025897	20.559	23.507	82.163	39.111	71.402	350.92	1.9083	33.647	0.049774	supercritical
170.00	25.900	386.64	0.0025864	20.554	23.502	82.144	39.114	71.422	351.09	1.9049	33.675	0.049814	supercritical
170.00	25.933	387.14	0.0025831	20.549	23.498	82.125	39.116	71.442	351.26	1.9015	33.704	0.049853	supercritical
170.00	25.967	387.63	0.0025798	20.545	23.493	82.106	39.119	71.461	351.44	1.8982	33.732	0.049892	supercritical
170.00	26.000	388.12	0.0025765	20.540	23.489	82.088	39.122	71.481	351.61	1.8948	33.761	0.049931	supercritical
170.00	26.033	388.61	0.0025732	20.536	23.484	82.069	39.124	71.501	351.78	1.8915	33.790	0.049970	supercritical
170.00	26.067	389.11	0.0025700	20.531	23.480	82.050	39.127	71.520	351.95	1.8881	33.818	0.050009	supercritical
170.00	26.100	389.60	0.0025668	20.527	23.475	82.032	39.129	71.540	352.12	1.8848	33.847	0.050048	supercritical
170.00	26.133	390.09	0.0025635	20.522	23.471	82.013	39.132	71.559	352.30	1.8815	33.876	0.050087	supercritical
170.00	26.167	390.58	0.0025603	20.518	23.466	81.994	39.135	71.578	352.47	1.8781	33.905	0.050126	supercritical
170.00	26.200	391.07	0.0025571	20.513	23.462	81.976	39.137	71.597	352.64	1.8748	33.933	0.050165	supercritical
170.00	26.233	391.56	0.0025539	20.509	23.457	81.957	39.140	71.616	352.82	1.8715	33.962	0.050204	supercritical
170.00	26.267	392.05	0.0025507	20.504	23.453	81.939	39.142	71.635	352.99	1.8682	33.991	0.050243	supercritical
170.00	26.300	392.54	0.0025475	20.500	23.448	81.920	39.145	71.654	353.16	1.8649	34.020	0.050282	supercritical
170.00	26.333	393.03	0.0025443	20.495	23.444	81.902	39.147	71.673	353.34	1.8615	34.049	0.050321	supercritical
170.00	26.367	393.52	0.0025412	20.491	23.439	81.883	39.150	71.691	353.51	1.8582	34.078	0.050360	supercritical
170.00	26.400	394.01	0.0025380	20.486	23.435	81.865	39.152	71.710	353.69	1.8549	34.106	0.050399	supercritical
170.00	26.433	394.49	0.0025349	20.482	23.430	81.847	39.155	71.728	353.86	1.8517	34.135	0.050438	supercritical
170.00	26.467	394.98	0.0025318	20.477	23.426	81.828	39.157	71.746	354.04	1.8484	34.164	0.050477	supercritical
170.00	26.500	395.47	0.0025286	20.473	23.422	81.810	39.160	71.765	354.21	1.8451	34.193	0.050516	supercritical
170.00	26.533	395.95	0.0025255	20.468	23.417	81.791	39.162	71.783	354.39	1.8418	34.222	0.050555	supercritical
170.00	26.567	396.44	0.0025224	20.464	23.413	81.773	39.165	71.801	354.57	1.8385	34.251	0.050594	supercritical
170.00	26.600	396.93	0.0025194	20.459	23.408	81.755	39.167	71.819	354.74	1.8352	34.280	0.050633	supercritical
170.00	26.633	397.41	0.0025163	20.455	23.404	81.737	39.170	71.837	354.92	1.8320	34.309	0.050672	supercritical
170.00	26.667	397.90	0.0025132	20.450	23.400	81.718	39.172	71.854	355.10	1.8287	34.338	0.050711	supercritical
170.00	26.700	398.38	0.0025102	20.446	23.395	81.700	39.175	71.872	355.27	1.8254	34.367	0.050750	supercritical
170.00	26.733	398.87	0.0025071	20.441	23.391	81.682	39.177	71.890	355.45	1.8222	34.396	0.050789	supercritical
170.00	26.767	399.35	0.0025041	20.437	23.387	81.664	39.179	71.907	355.63	1.8189	34.425	0.050828	supercritical
170.00	26.800	399.83	0.0025010	20.432	23.382	81.646	39.182	71.924	355.81	1.8157	34.454	0.050867	supercritical
170.00	26.833	400.32	0.0024980	20.428	23.378	81.628	39.184	71.942	355.98	1.8124	34.483	0.050905	supercritical
170.00	26.867	400.80	0.0024950	20.423	23.373	81.610	39.187	71.959	356.16	1.8092	34.513	0.050944	supercritical
170.00	26.900	401.28	0.0024920	20.419	23.369	81.592	39.189	71.976	356.34	1.8060	34.542	0.050983	supercritical
170.00	26.933	401.76	0.0024890	20.414	23.365	81.574	39.191	71.993	356.52	1.8027	34.571	0.051022	supercritical
170.00	26.967	402.25	0.0024860	20.410	23.360	81.556	39.194	72.010	356.70	1.7995	34.600	0.051061	supercritical
170.00	27.000	402.73	0.0024831	20.406	23.356	81.538	39.196	72.026	356.88	1.7963	34.629	0.051100	supercritical
170.00	27.033	403.21	0.0024801	20.401	23.352	81.520	39.198	72.043	357.06	1.7931	34.659	0.051139	supercritical
170.00	27.067	403.69	0.0024772	20.397	23.348	81.502	39.201	72.060	357.24	1.7899	34.688	0.051178	supercritical
170.00	27.100	404.17	0.0024742	20.392	23.343	81.484	39.203	72.076	357.42	1.7867	34.717	0.051216	supercritical
170.00	27.133	404.65	0.0024713	20.388	23.339	81.466	39.205	72.093	357.60	1.7834	34.746	0.051255	supercritical
170.00	27.167	405.13	0.0024684	20.383	23.335	81.448	39.208	72.109	357.78	1.7802	34.776	0.051294	supercritical
170.00	27.200	405.61	0.0024655	20.379	23.330	81.430	39.210	72.125	357.96	1.7771	34.805	0.051333	supercritical
170.00	27.233	406.08	0.0024625	20.375	23.326	81.413	39.212	72.141	358.14	1.7739	34.834	0.051372	supercritical
170.00	27.267	406.56	0.0024597	20.370	23.322	81.395	39.215	72.157	358.32	1.7707	34.863	0.051411	supercritical
170.00	27.300	407.04	0.0024568	20.366	23.318	81.377	39.217	72.173	358.51	1.7675	34.893	0.051449	supercritical
170.00	27.333	407.52	0.0024539	20.361	23.313	81.359	39.219	72.189	358.69	1.7643	34.922	0.051488	supercritical
170.00	27.367	407.99	0.0024510	20.357	23.309	81.342	39.222	72.205	358.87	1.7611	34.952	0.051527	supercritical
170.00	27.400	408.47	0.0024482	20.353	23.305	81.324	39.224	72.221	359.05	1.7580	34.981	0.051566	supercritical
170.00	27.433	408.94	0.0024453	20.348	23.301	81.306	39.226	72.236	359.24	1.7548	35.010	0.051604	supercritical
170.00	27.467	409.42	0.0024425	20.344	23.296	81.289	39.228	72.252	359.42	1.7517	35.040	0.051643	supercritical
170.00	27.500	409.90	0.0024396	20.340	23.292	81.271	39.231	72.267	359.60	1.7485	35.069	0.051682	supercritical
170.00	27.533	410.37	0.0024368	20.335	23.288	81.254	39.233	72.282	359.79	1.7453	35.099	0.051721	supercritical
170.00	27.567	410.84	0.0024340	20.331	23.284	81.236	39.235	72.297	359.97	1.7422	35.128	0.051759	supercritical
170.00	27.600	411.32	0.0024312	20.326	23.280	81.219	39.237	72.313	360.15	1.7391	35.158	0.051798	supercritical
170.00	27.633	411.79	0.0024284	20.322	23.275	81.201	39.239	72.328	360.34	1.7359	35.187	0.051837	supercritical
170.00	27.667	412.26	0.0024256	20.318	23.271	81.184	39.242	72.342	360.52	1.7328	35.217	0.051875	supercritical
170.00	27.700	412.74	0.0024229	20.313	23.267	81.166	39.244	72.357	360.71	1.7297	35.246	0.051914	supercritical
170.00	27.733	413.21	0.0024201	20.309	23.263	81.149	39.246	72.372	360.89	1.7265	35.276	0.051953	supercritical
170.00	27.767	413.68	0.0024173	20.305	23.259	81.131	39.248	72.387	361.08	1.7234	35.305	0.051991	supercritical
170.00	27.800	414.15	0.0024146	20.300	23.255	81.114	39.250	72.401	361.26	1.7203	35.335	0.052030	supercritical
170.00	27.833	414.62	0.0024118	20.296	23.250	81.097	39.253	72.416	361.45	1.7172	35.364	0.052069	supercritical
170.00	27.867	415.09	0.0024091	20.292	23.246	81.079	39.255	72.430	361.63	1.7141	35.394	0.052107	supercritical
170.00	27.900	415.56	0.0024064	20.287	23.242	81.062	39.257	72.444	361.82	1.7110	35.423	0.052146	supercritical
170.00	27.933	416.03	0.0024037	20.283	23.238	81.045	39.259	72.459	362.00	1.7079	35.453	0.052185	supercritical
170.00	27.967	416.50	0.0024009	20.279	23.234	81.027	39.261	72.473	362.19	1.7048	35.483	0.052223	supercritical
170.00	28.000	416.97	0.0023982	20.274	23.230	81.010	39.263	72.487	362.38	1.7017	35.512	0.052262	supercritical
170.00	28.033	417.44	0.0023956	20.270	23.226	80.993	39.265	72.501	362.56	1.6986	35.542	0.052300	supercritical
170.00	28.067	417.91	0.0023929	20.266	23.222	80.976	39.267	72.514	362.75	1.6956	35.572	0.052339	supercritical
170.00	28.100	418.38	0.0023902	20.262	23.217	80.959	39.270	72.528	362.94	1.6925	35.601	0.052377	supercritical
170.00	28.133	418.84	0.0023875	20.257	23.213	80.942	39.272	72.542	363.13	1.6894	35.631	0.052416	supercritical
170.00	28.167	419.31	0.0023849	20.253	23.209	80.924	39.274	72.555	363.31	1.6863	35.661	0.052454	supercritical
170.00	28.200	419.78	0.0023822	20.249	23.205	80.907	39.276	72.569	363.50	1.6833	35.691	0.052493	supercritical
170.00	28.233	420.24	0.0023796	20.244	23.201	80.890	39.278	72.582	363.69	1.6802	35.720	0.052531	supercritical
170.00	28.267	420.71	0.0023770	20.240	23.197	80.873	39.280	72.596	363.88	1.6772	35.750	0.052570	supercritical
170.00	28.300	421.17	0.0023743	20.236	23.193	80.856	39.282	72.609	364.07	1.6741	35.780	0.052608	supercritical
170.00	28.333	421.64	0.0023717	20.232	23.189	80.839	39.284	72.622	364.26	1.6711	35.810	0.052647	supercritical
170.00	28.367	422.10	0.0023691	20.227	23.185	80.822	39.286	72.635	364.44	1.6680	35.839	0.052685	supercritical
170.00	28.400	422.56	0.0023665	20.223	23.181	80.805	39.288	72.648	364.63	1.6650	35.869	0.052724	supercritical
170.00	28.433	423.03	0.0023639	20.219	23.177	80.788	39.290	72.661	364.82	1.6620	35.899	0.052762	supercritical
170.00	28.467	423.49	0.0023613	20.215	23.173	80.772	39.292	72.674	365.01	1.6590	35.929	0.052801	supercritical
170.00	28.500	423.95	0.0023587	20.210	23.169	80.755	39.294	72.686	365.20	1.6559	35.959	0.052839	supercritical
170.00	28.533	424.42	0.0023562	20.206	23.165	80.738	39.296	72.699	365.39	1.6529	35.988	0.052877	supercritical
170.00	28.567	424.88	0.0023536	20.202	23.161	80.721	39.298	72.711	365.58	1.6499	36.018	0.052916	supercritical
170.00	28.600	425.34	0.0023511	20.198	23.157	80.704	39.300	72.724	365.77	1.6469	36.048	0.052954	supercritical
170.00	28.633	425.80	0.0023485	20.193	23.153	80.687	39.302	72.736	365.96	1.6439	36.078	0.052992	supercritical
170.00	28.667	426.26	0.0023460	20.189	23.149	80.671	39.304	72.748	366.15	1.6409	36.108	0.053031	supercritical
170.00	28.700	426.72	0.0023435	20.185	23.145	80.654	39.306	72.761	366.35	1.6379	36.138	0.053069	supercritical
170.00	28.733	427.18	0.0023409	20.181	23.141	80.637	39.308	72.773	366.54	1.6349	36.168	0.053107	supercritical
170.00	28.767	427.64	0.0023384	20.177	23.137	80.621	39.310	72.785	366.73	1.6319	36.198	0.053146	supercritical
170.00	28.800	428.10	0.0023359	20.172	23.133	80.604	39.312	72.797	366.92	1.6290	36.228	0.053184	supercritical
170.00	28.833	428.56	0.0023334	20.168	23.129	80.587	39.314	72.808	367.11	1.6260	36.258	0.053222	supercritical
170.00	28.867	429.01	0.0023309	20.164	23.125	80.571	39.316	72.820	367.30	1.6230	36.287	0.053260	supercritical
170.00	28.900	429.47	0.0023284	20.160	23.121	80.554	39.318	72.832	367.50	1.6201	36.317	0.053299	supercritical
170.00	28.933	429.93	0.0023260	20.155	23.117	80.537	39.320	72.843	367.69	1.6171	36.347	0.053337	supercritical
170.00	28.967	430.38	0.0023235	20.151	23.113	80.521	39.322	72.855	367.88	1.6141	36.377	0.053375	supercritical
170.00	29.000	430.84	0.0023210	20.147	23.109	80.504	39.324	72.866	368.07	1.6112	36.407	0.053413	supercritical
170.00	29.033	431.30	0.0023186	20.143	23.106	80.488	39.325	72.878	368.27	1.6082	36.437	0.053452	supercritical
170.00	29.067	431.75	0.0023161	20.139	23.102	80.471	39.327	72.889	368.46	1.6053	36.467	0.053490	supercritical
170.00	29.100	432.21	0.0023137	20.135	23.098	80.455	39.329	72.900	368.65	1.6024	36.497	0.053528	supercritical
170.00	29.133	432.66	0.0023113	20.130	23.094	80.438	39.331	72.911	368.85	1.5994	36.527	0.053566	supercritical
170.00	29.167	433.11	0.0023089	20.126	23.090	80.422	39.333	72.922	369.04	1.5965	36.558	0.053604	supercritical
170.00	29.200	433.57	0.0023064	20.122	23.086	80.406	39.335	72.933	369.24	1.5936	36.588	0.053642	supercritical
170.00	29.233	434.02	0.0023040	20.118	23.082	80.389	39.337	72.944	369.43	1.5907	36.618	0.053680	supercritical
170.00	29.267	434.47	0.0023016	20.114	23.078	80.373	39.339	72.955	369.63	1.5877	36.648	0.053718	supercritical
170.00	29.300	434.93	0.0022992	20.110	23.074	80.357	39.340	72.965	369.82	1.5848	36.678	0.053757	supercritical
170.00	29.333	435.38	0.0022969	20.105	23.071	80.340	39.342	72.976	370.02	1.5819	36.708	0.053795	supercritical
170.00	29.367	435.83	0.0022945	20.101	23.067	80.324	39.344	72.986	370.21	1.5790	36.738	0.053833	supercritical
170.00	29.400	436.28	0.0022921	20.097	23.063	80.308	39.346	72.997	370.41	1.5761	36.768	0.053871	supercritical
170.00	29.433	436.73	0.0022897	20.093	23.059	80.292	39.348	73.007	370.60	1.5732	36.798	0.053909	supercritical
170.00	29.467	437.18	0.0022874	20.089	23.055	80.275	39.350	73.018	370.80	1.5704	36.828	0.053947	supercritical
170.00	29.500	437.63	0.0022850	20.085	23.051	80.259	39.351	73.028	370.99	1.5675	36.858	0.053985	supercritical
170.00	29.533	438.08	0.0022827	20.081	23.048	80.243	39.353	73.038	371.19	1.5646	36.889	0.054023	supercritical
170.00	29.567	438.53	0.0022804	20.077	23.044	80.227	39.355	73.048	371.38	1.5617	36.919	0.054061	supercritical
170.00	29.600	438.98	0.0022780	20.072	23.040	80.211	39.357	73.058	371.58	1.5589	36.949	0.054099	supercritical
170.00	29.633	439.43	0.0022757	20.068	23.036	80.195	39.358	73.068	371.78	1.5560	36.979	0.054136	supercritical
170.00	29.667	439.87	0.0022734	20.064	23.032	80.179	39.360	73.077	371.97	1.5531	37.009	0.054174	supercritical
170.00	29.700	440.32	0.0022711	20.060	23.029	80.163	39.362	73.087	372.17	1.5503	37.040	0.054212	supercritical
170.00	29.733	440.77	0.0022688	20.056	23.025	80.147	39.364	73.097	372.37	1.5474	37.070	0.054250	supercritical
170.00	29.767	441.21	0.0022665	20.052	23.021	80.130	39.366	73.106	372.57	1.5446	37.100	0.054288	supercritical
170.00	29.800	441.66	0.0022642	20.048	23.017	80.115	39.367	73.116	372.76	1.5417	37.130	0.054326	supercritical
170.00	29.833	442.10	0.0022619	20.044	23.014	80.099	39.369	73.125	372.96	1.5389	37.160	0.054364	supercritical
170.00	29.867	442.55	0.0022596	20.040	23.010	80.083	39.371	73.135	373.16	1.5361	37.191	0.054401	supercritical
170.00	29.900	442.99	0.0022574	20.036	23.006	80.067	39.373	73.144	373.36	1.5332	37.221	0.054439	supercritical
170.00	29.933	443.44	0.0022551	20.032	23.002	80.051	39.374	73.153	373.55	1.5304	37.251	0.054477	supercritical
170.00	29.967	443.88	0.0022529	20.028	22.999	80.035	39.376	73.162	373.75	1.5276	37.281	0.054515	supercritical
170.00	30.000	444.32	0.0022506	20.023	22.995	80.019	39.378	73.171	373.95	1.5248	37.312	0.054553	supercritical
