Temperature (C)	Pressure (MPa)	Density (kg/m3)	Volume (m3/kg)	Internal Energy (kJ/mol)	Enthalpy (kJ/mol)	Entropy (J/mol*K)	Cv (J/mol*K)	Cp (J/mol*K)	Sound Spd. (m/s)	Joule-Thomson (K/MPa)	Viscosity (uPa*s)	Therm. Cond. (W/m*K)	Phase
180.00	10.000	130.23	0.0076789	23.406	26.786	96.155	36.829	52.753	316.16	3.4133	24.140	0.034164	supercritical
180.00	10.033	130.70	0.0076508	23.402	26.780	96.117	36.836	52.791	316.16	3.4107	24.151	0.034186	supercritical
180.00	10.067	131.18	0.0076229	23.397	26.774	96.079	36.842	52.829	316.16	3.4082	24.162	0.034208	supercritical
180.00	10.100	131.66	0.0075953	23.392	26.768	96.041	36.848	52.867	316.16	3.4056	24.173	0.034230	supercritical
180.00	10.133	132.14	0.0075677	23.387	26.762	96.003	36.855	52.905	316.16	3.4030	24.184	0.034252	supercritical
180.00	10.167	132.62	0.0075404	23.382	26.756	95.966	36.861	52.943	316.16	3.4004	24.195	0.034274	supercritical
180.00	10.200	133.10	0.0075133	23.377	26.750	95.928	36.867	52.981	316.16	3.3978	24.206	0.034296	supercritical
180.00	10.233	133.58	0.0074863	23.372	26.744	95.891	36.874	53.019	316.16	3.3953	24.217	0.034318	supercritical
180.00	10.267	134.06	0.0074595	23.367	26.738	95.853	36.880	53.057	316.16	3.3927	24.228	0.034341	supercritical
180.00	10.300	134.54	0.0074329	23.363	26.732	95.816	36.887	53.095	316.17	3.3900	24.239	0.034363	supercritical
180.00	10.333	135.02	0.0074065	23.358	26.726	95.779	36.893	53.133	316.17	3.3874	24.250	0.034385	supercritical
180.00	10.367	135.50	0.0073802	23.353	26.720	95.741	36.899	53.172	316.17	3.3848	24.262	0.034408	supercritical
180.00	10.400	135.98	0.0073542	23.348	26.714	95.704	36.906	53.210	316.17	3.3822	24.273	0.034430	supercritical
180.00	10.433	136.46	0.0073282	23.343	26.708	95.667	36.912	53.248	316.18	3.3796	24.284	0.034453	supercritical
180.00	10.467	136.94	0.0073025	23.338	26.702	95.630	36.918	53.286	316.18	3.3769	24.295	0.034475	supercritical
180.00	10.500	137.42	0.0072769	23.333	26.696	95.594	36.925	53.325	316.18	3.3743	24.307	0.034498	supercritical
180.00	10.533	137.90	0.0072515	23.328	26.690	95.557	36.931	53.363	316.19	3.3717	24.318	0.034520	supercritical
180.00	10.567	138.38	0.0072262	23.323	26.684	95.520	36.937	53.401	316.19	3.3690	24.329	0.034543	supercritical
180.00	10.600	138.87	0.0072011	23.319	26.678	95.484	36.944	53.440	316.19	3.3664	24.341	0.034565	supercritical
180.00	10.633	139.35	0.0071762	23.314	26.672	95.447	36.950	53.478	316.20	3.3637	24.352	0.034588	supercritical
180.00	10.667	139.83	0.0071514	23.309	26.666	95.411	36.956	53.517	316.20	3.3610	24.364	0.034611	supercritical
180.00	10.700	140.31	0.0071268	23.304	26.660	95.374	36.963	53.555	316.21	3.3584	24.375	0.034634	supercritical
180.00	10.733	140.80	0.0071024	23.299	26.654	95.338	36.969	53.594	316.21	3.3557	24.387	0.034657	supercritical
180.00	10.767	141.28	0.0070781	23.294	26.648	95.302	36.975	53.632	316.22	3.3530	24.398	0.034679	supercritical
180.00	10.800	141.76	0.0070539	23.289	26.642	95.266	36.981	53.671	316.23	3.3503	24.410	0.034702	supercritical
180.00	10.833	142.25	0.0070299	23.284	26.636	95.230	36.988	53.709	316.23	3.3477	24.422	0.034725	supercritical
180.00	10.867	142.73	0.0070061	23.279	26.630	95.194	36.994	53.748	316.24	3.3450	24.433	0.034748	supercritical
180.00	10.900	143.22	0.0069824	23.274	26.624	95.158	37.000	53.786	316.25	3.3423	24.445	0.034771	supercritical
180.00	10.933	143.70	0.0069588	23.270	26.618	95.122	37.007	53.825	316.25	3.3396	24.457	0.034794	supercritical
180.00	10.967	144.19	0.0069354	23.265	26.612	95.086	37.013	53.864	316.26	3.3369	24.469	0.034817	supercritical
180.00	11.000	144.67	0.0069122	23.260	26.606	95.051	37.019	53.902	316.27	3.3342	24.480	0.034841	supercritical
180.00	11.033	145.16	0.0068891	23.255	26.600	95.015	37.025	53.941	316.28	3.3314	24.492	0.034864	supercritical
180.00	11.067	145.64	0.0068661	23.250	26.594	94.980	37.032	53.980	316.28	3.3287	24.504	0.034887	supercritical
180.00	11.100	146.13	0.0068433	23.245	26.588	94.944	37.038	54.019	316.29	3.3260	24.516	0.034910	supercritical
180.00	11.133	146.61	0.0068206	23.240	26.582	94.909	37.044	54.057	316.30	3.3233	24.528	0.034934	supercritical
180.00	11.167	147.10	0.0067980	23.235	26.576	94.874	37.050	54.096	316.31	3.3205	24.540	0.034957	supercritical
180.00	11.200	147.59	0.0067756	23.230	26.570	94.839	37.057	54.135	316.32	3.3178	24.552	0.034980	supercritical
180.00	11.233	148.07	0.0067534	23.225	26.564	94.803	37.063	54.174	316.33	3.3150	24.564	0.035004	supercritical
180.00	11.267	148.56	0.0067312	23.220	26.558	94.768	37.069	54.213	316.34	3.3123	24.576	0.035027	supercritical
180.00	11.300	149.05	0.0067092	23.216	26.552	94.733	37.075	54.252	316.35	3.3095	24.588	0.035051	supercritical
180.00	11.333	149.54	0.0066873	23.211	26.546	94.699	37.082	54.291	316.36	3.3068	24.600	0.035074	supercritical
180.00	11.367	150.02	0.0066656	23.206	26.540	94.664	37.088	54.329	316.37	3.3040	24.612	0.035098	supercritical
180.00	11.400	150.51	0.0066440	23.201	26.534	94.629	37.094	54.368	316.38	3.3012	24.624	0.035122	supercritical
180.00	11.433	151.00	0.0066225	23.196	26.528	94.594	37.100	54.407	316.39	3.2985	24.637	0.035145	supercritical
180.00	11.467	151.49	0.0066012	23.191	26.522	94.560	37.107	54.446	316.40	3.2957	24.649	0.035169	supercritical
180.00	11.500	151.98	0.0065799	23.186	26.516	94.525	37.113	54.485	316.42	3.2929	24.661	0.035193	supercritical
180.00	11.533	152.47	0.0065588	23.181	26.510	94.491	37.119	54.524	316.43	3.2901	24.673	0.035217	supercritical
180.00	11.567	152.96	0.0065379	23.176	26.504	94.456	37.125	54.563	316.44	3.2873	24.686	0.035240	supercritical
180.00	11.600	153.44	0.0065170	23.171	26.498	94.422	37.131	54.602	316.45	3.2845	24.698	0.035264	supercritical
180.00	11.633	153.93	0.0064963	23.166	26.492	94.388	37.138	54.641	316.47	3.2817	24.710	0.035288	supercritical
180.00	11.667	154.42	0.0064757	23.161	26.486	94.354	37.144	54.681	316.48	3.2789	24.723	0.035312	supercritical
180.00	11.700	154.91	0.0064552	23.156	26.480	94.319	37.150	54.720	316.49	3.2761	24.735	0.035336	supercritical
180.00	11.733	155.40	0.0064348	23.152	26.474	94.285	37.156	54.759	316.51	3.2733	24.748	0.035360	supercritical
180.00	11.767	155.89	0.0064146	23.147	26.468	94.251	37.162	54.798	316.52	3.2704	24.760	0.035384	supercritical
180.00	11.800	156.39	0.0063944	23.142	26.462	94.217	37.168	54.837	316.54	3.2676	24.773	0.035409	supercritical
180.00	11.833	156.88	0.0063744	23.137	26.456	94.184	37.175	54.876	316.55	3.2648	24.785	0.035433	supercritical
180.00	11.867	157.37	0.0063545	23.132	26.450	94.150	37.181	54.915	316.57	3.2619	24.798	0.035457	supercritical
180.00	11.900	157.86	0.0063348	23.127	26.445	94.116	37.187	54.955	316.58	3.2591	24.811	0.035481	supercritical
180.00	11.933	158.35	0.0063151	23.122	26.439	94.082	37.193	54.994	316.60	3.2562	24.823	0.035506	supercritical
180.00	11.967	158.84	0.0062955	23.117	26.433	94.049	37.199	55.033	316.61	3.2534	24.836	0.035530	supercritical
180.00	12.000	159.33	0.0062761	23.112	26.427	94.015	37.205	55.072	316.63	3.2505	24.849	0.035554	supercritical
180.00	12.033	159.83	0.0062568	23.107	26.421	93.982	37.211	55.112	316.65	3.2477	24.862	0.035579	supercritical
180.00	12.067	160.32	0.0062376	23.102	26.415	93.949	37.217	55.151	316.66	3.2448	24.874	0.035603	supercritical
180.00	12.100	160.81	0.0062184	23.097	26.409	93.915	37.224	55.190	316.68	3.2419	24.887	0.035628	supercritical
180.00	12.133	161.30	0.0061994	23.092	26.403	93.882	37.230	55.229	316.70	3.2391	24.900	0.035652	supercritical
180.00	12.167	161.80	0.0061805	23.087	26.397	93.849	37.236	55.269	316.72	3.2362	24.913	0.035677	supercritical
180.00	12.200	162.29	0.0061618	23.082	26.391	93.816	37.242	55.308	316.73	3.2333	24.926	0.035701	supercritical
180.00	12.233	162.79	0.0061431	23.078	26.385	93.783	37.248	55.347	316.75	3.2304	24.939	0.035726	supercritical
180.00	12.267	163.28	0.0061245	23.073	26.379	93.750	37.254	55.387	316.77	3.2275	24.952	0.035751	supercritical
180.00	12.300	163.77	0.0061060	23.068	26.373	93.717	37.260	55.426	316.79	3.2246	24.965	0.035776	supercritical
180.00	12.333	164.27	0.0060877	23.063	26.367	93.684	37.266	55.466	316.81	3.2217	24.978	0.035800	supercritical
180.00	12.367	164.76	0.0060694	23.058	26.361	93.651	37.272	55.505	316.83	3.2188	24.991	0.035825	supercritical
180.00	12.400	165.26	0.0060512	23.053	26.355	93.618	37.278	55.544	316.85	3.2159	25.004	0.035850	supercritical
180.00	12.433	165.75	0.0060332	23.048	26.349	93.585	37.284	55.584	316.87	3.2130	25.017	0.035875	supercritical
180.00	12.467	166.25	0.0060152	23.043	26.343	93.553	37.290	55.623	316.89	3.2101	25.031	0.035900	supercritical
180.00	12.500	166.74	0.0059973	23.038	26.337	93.520	37.296	55.663	316.91	3.2071	25.044	0.035925	supercritical
180.00	12.533	167.24	0.0059796	23.033	26.331	93.488	37.303	55.702	316.93	3.2042	25.057	0.035950	supercritical
180.00	12.567	167.73	0.0059619	23.028	26.325	93.455	37.309	55.742	316.95	3.2013	25.071	0.035975	supercritical
180.00	12.600	168.23	0.0059443	23.023	26.319	93.423	37.315	55.781	316.98	3.1983	25.084	0.036000	supercritical
180.00	12.633	168.72	0.0059268	23.018	26.313	93.391	37.321	55.821	317.00	3.1954	25.097	0.036026	supercritical
180.00	12.667	169.22	0.0059095	23.013	26.307	93.358	37.327	55.860	317.02	3.1925	25.111	0.036051	supercritical
180.00	12.700	169.72	0.0058922	23.008	26.302	93.326	37.333	55.900	317.04	3.1895	25.124	0.036076	supercritical
180.00	12.733	170.21	0.0058750	23.003	26.296	93.294	37.339	55.939	317.07	3.1865	25.138	0.036101	supercritical
180.00	12.767	170.71	0.0058579	22.998	26.290	93.262	37.345	55.979	317.09	3.1836	25.151	0.036127	supercritical
180.00	12.800	171.21	0.0058409	22.993	26.284	93.230	37.351	56.018	317.11	3.1806	25.165	0.036152	supercritical
180.00	12.833	171.70	0.0058240	22.988	26.278	93.198	37.357	56.058	317.14	3.1777	25.178	0.036178	supercritical
180.00	12.867	172.20	0.0058071	22.984	26.272	93.166	37.363	56.097	317.16	3.1747	25.192	0.036203	supercritical
180.00	12.900	172.70	0.0057904	22.979	26.266	93.134	37.369	56.137	317.19	3.1717	25.205	0.036229	supercritical
180.00	12.933	173.20	0.0057738	22.974	26.260	93.102	37.375	56.176	317.21	3.1687	25.219	0.036254	supercritical
180.00	12.967	173.70	0.0057572	22.969	26.254	93.070	37.381	56.216	317.24	3.1657	25.233	0.036280	supercritical
180.00	13.000	174.19	0.0057407	22.964	26.248	93.039	37.386	56.255	317.26	3.1627	25.246	0.036305	supercritical
180.00	13.033	174.69	0.0057244	22.959	26.242	93.007	37.392	56.295	317.29	3.1598	25.260	0.036331	supercritical
180.00	13.067	175.19	0.0057081	22.954	26.236	92.975	37.398	56.335	317.31	3.1568	25.274	0.036357	supercritical
180.00	13.100	175.69	0.0056919	22.949	26.230	92.944	37.404	56.374	317.34	3.1537	25.288	0.036383	supercritical
180.00	13.133	176.19	0.0056757	22.944	26.224	92.912	37.410	56.414	317.37	3.1507	25.302	0.036408	supercritical
180.00	13.167	176.69	0.0056597	22.939	26.218	92.881	37.416	56.453	317.39	3.1477	25.316	0.036434	supercritical
180.00	13.200	177.19	0.0056438	22.934	26.213	92.850	37.422	56.493	317.42	3.1447	25.330	0.036460	supercritical
180.00	13.233	177.69	0.0056279	22.929	26.207	92.818	37.428	56.533	317.45	3.1417	25.344	0.036486	supercritical
180.00	13.267	178.19	0.0056121	22.924	26.201	92.787	37.434	56.572	317.48	3.1387	25.358	0.036512	supercritical
180.00	13.300	178.69	0.0055964	22.919	26.195	92.756	37.440	56.612	317.51	3.1356	25.372	0.036538	supercritical
180.00	13.333	179.19	0.0055808	22.914	26.189	92.725	37.446	56.651	317.54	3.1326	25.386	0.036564	supercritical
180.00	13.367	179.69	0.0055653	22.909	26.183	92.694	37.452	56.691	317.56	3.1296	25.400	0.036590	supercritical
180.00	13.400	180.19	0.0055498	22.904	26.177	92.663	37.457	56.731	317.59	3.1265	25.414	0.036617	supercritical
180.00	13.433	180.69	0.0055344	22.899	26.171	92.632	37.463	56.770	317.62	3.1235	25.428	0.036643	supercritical
180.00	13.467	181.19	0.0055191	22.894	26.165	92.601	37.469	56.810	317.65	3.1204	25.442	0.036669	supercritical
180.00	13.500	181.69	0.0055039	22.889	26.159	92.570	37.475	56.850	317.68	3.1174	25.457	0.036695	supercritical
180.00	13.533	182.19	0.0054888	22.884	26.153	92.539	37.481	56.889	317.72	3.1143	25.471	0.036722	supercritical
180.00	13.567	182.69	0.0054737	22.879	26.148	92.508	37.487	56.929	317.75	3.1113	25.485	0.036748	supercritical
180.00	13.600	183.19	0.0054587	22.874	26.142	92.477	37.493	56.968	317.78	3.1082	25.500	0.036774	supercritical
180.00	13.633	183.69	0.0054438	22.869	26.136	92.447	37.498	57.008	317.81	3.1051	25.514	0.036801	supercritical
180.00	13.667	184.20	0.0054290	22.864	26.130	92.416	37.504	57.048	317.84	3.1021	25.528	0.036827	supercritical
180.00	13.700	184.70	0.0054142	22.859	26.124	92.386	37.510	57.087	317.87	3.0990	25.543	0.036854	supercritical
180.00	13.733	185.20	0.0053996	22.855	26.118	92.355	37.516	57.127	317.91	3.0959	25.557	0.036880	supercritical
180.00	13.767	185.70	0.0053849	22.850	26.112	92.325	37.522	57.167	317.94	3.0928	25.572	0.036907	supercritical
180.00	13.800	186.21	0.0053704	22.845	26.106	92.294	37.528	57.206	317.97	3.0897	25.586	0.036934	supercritical
180.00	13.833	186.71	0.0053560	22.840	26.100	92.264	37.533	57.246	318.01	3.0866	25.601	0.036960	supercritical
180.00	13.867	187.21	0.0053416	22.835	26.094	92.234	37.539	57.286	318.04	3.0836	25.616	0.036987	supercritical
180.00	13.900	187.71	0.0053273	22.830	26.089	92.203	37.545	57.325	318.07	3.0805	25.630	0.037014	supercritical
180.00	13.933	188.22	0.0053130	22.825	26.083	92.173	37.551	57.365	318.11	3.0774	25.645	0.037041	supercritical
180.00	13.967	188.72	0.0052989	22.820	26.077	92.143	37.557	57.404	318.14	3.0742	25.660	0.037068	supercritical
180.00	14.000	189.22	0.0052848	22.815	26.071	92.113	37.562	57.444	318.18	3.0711	25.674	0.037094	supercritical
180.00	14.033	189.73	0.0052707	22.810	26.065	92.083	37.568	57.484	318.22	3.0680	25.689	0.037121	supercritical
180.00	14.067	190.23	0.0052568	22.805	26.059	92.053	37.574	57.523	318.25	3.0649	25.704	0.037148	supercritical
180.00	14.100	190.73	0.0052429	22.800	26.053	92.023	37.580	57.563	318.29	3.0618	25.719	0.037175	supercritical
180.00	14.133	191.24	0.0052291	22.795	26.047	91.993	37.585	57.603	318.32	3.0587	25.734	0.037203	supercritical
180.00	14.167	191.74	0.0052153	22.790	26.042	91.963	37.591	57.642	318.36	3.0555	25.749	0.037230	supercritical
180.00	14.200	192.25	0.0052016	22.785	26.036	91.933	37.597	57.682	318.40	3.0524	25.764	0.037257	supercritical
180.00	14.233	192.75	0.0051880	22.780	26.030	91.903	37.602	57.721	318.44	3.0493	25.779	0.037284	supercritical
180.00	14.267	193.26	0.0051745	22.775	26.024	91.874	37.608	57.761	318.47	3.0461	25.794	0.037311	supercritical
180.00	14.300	193.76	0.0051610	22.770	26.018	91.844	37.614	57.801	318.51	3.0430	25.809	0.037339	supercritical
180.00	14.333	194.27	0.0051476	22.765	26.012	91.814	37.620	57.840	318.55	3.0398	25.824	0.037366	supercritical
180.00	14.367	194.77	0.0051342	22.760	26.006	91.785	37.625	57.880	318.59	3.0367	25.839	0.037393	supercritical
180.00	14.400	195.28	0.0051209	22.755	26.000	91.755	37.631	57.919	318.63	3.0335	25.854	0.037421	supercritical
180.00	14.433	195.78	0.0051077	22.750	25.995	91.726	37.637	57.959	318.67	3.0304	25.869	0.037448	supercritical
180.00	14.467	196.29	0.0050946	22.745	25.989	91.696	37.642	57.998	318.71	3.0272	25.885	0.037476	supercritical
180.00	14.500	196.79	0.0050815	22.740	25.983	91.667	37.648	58.038	318.75	3.0240	25.900	0.037503	supercritical
180.00	14.533	197.30	0.0050684	22.735	25.977	91.638	37.654	58.077	318.79	3.0209	25.915	0.037531	supercritical
180.00	14.567	197.81	0.0050555	22.730	25.971	91.608	37.659	58.117	318.83	3.0177	25.931	0.037558	supercritical
180.00	14.600	198.31	0.0050426	22.725	25.965	91.579	37.665	58.156	318.87	3.0145	25.946	0.037586	supercritical
180.00	14.633	198.82	0.0050297	22.720	25.960	91.550	37.671	58.196	318.91	3.0113	25.961	0.037614	supercritical
180.00	14.667	199.32	0.0050170	22.715	25.954	91.521	37.676	58.235	318.96	3.0082	25.977	0.037641	supercritical
180.00	14.700	199.83	0.0050042	22.710	25.948	91.492	37.682	58.275	319.00	3.0050	25.992	0.037669	supercritical
180.00	14.733	200.34	0.0049916	22.705	25.942	91.463	37.687	58.314	319.04	3.0018	26.008	0.037697	supercritical
180.00	14.767	200.84	0.0049790	22.700	25.936	91.434	37.693	58.354	319.08	2.9986	26.024	0.037725	supercritical
180.00	14.800	201.35	0.0049665	22.695	25.930	91.405	37.699	58.393	319.13	2.9954	26.039	0.037753	supercritical
180.00	14.833	201.86	0.0049540	22.691	25.925	91.376	37.704	58.433	319.17	2.9922	26.055	0.037781	supercritical
180.00	14.867	202.37	0.0049416	22.686	25.919	91.347	37.710	58.472	319.22	2.9890	26.070	0.037809	supercritical
180.00	14.900	202.87	0.0049292	22.681	25.913	91.318	37.715	58.512	319.26	2.9858	26.086	0.037837	supercritical
180.00	14.933	203.38	0.0049169	22.676	25.907	91.289	37.721	58.551	319.30	2.9826	26.102	0.037865	supercritical
180.00	14.967	203.89	0.0049047	22.671	25.901	91.260	37.726	58.590	319.35	2.9794	26.118	0.037893	supercritical
180.00	15.000	204.40	0.0048925	22.666	25.895	91.232	37.732	58.630	319.40	2.9762	26.133	0.037921	supercritical
180.00	15.033	204.90	0.0048804	22.661	25.890	91.203	37.738	58.669	319.44	2.9729	26.149	0.037949	supercritical
180.00	15.067	205.41	0.0048683	22.656	25.884	91.175	37.743	58.709	319.49	2.9697	26.165	0.037977	supercritical
180.00	15.100	205.92	0.0048563	22.651	25.878	91.146	37.749	58.748	319.53	2.9665	26.181	0.038006	supercritical
180.00	15.133	206.43	0.0048443	22.646	25.872	91.117	37.754	58.787	319.58	2.9633	26.197	0.038034	supercritical
180.00	15.167	206.94	0.0048324	22.641	25.866	91.089	37.760	58.827	319.63	2.9600	26.213	0.038062	supercritical
180.00	15.200	207.44	0.0048206	22.636	25.861	91.061	37.765	58.866	319.68	2.9568	26.229	0.038091	supercritical
180.00	15.233	207.95	0.0048088	22.631	25.855	91.032	37.771	58.905	319.72	2.9536	26.245	0.038119	supercritical
180.00	15.267	208.46	0.0047971	22.626	25.849	91.004	37.776	58.944	319.77	2.9503	26.261	0.038148	supercritical
180.00	15.300	208.97	0.0047854	22.621	25.843	90.976	37.782	58.984	319.82	2.9471	26.277	0.038176	supercritical
180.00	15.333	209.48	0.0047738	22.616	25.837	90.947	37.787	59.023	319.87	2.9438	26.294	0.038205	supercritical
180.00	15.367	209.99	0.0047622	22.611	25.832	90.919	37.793	59.062	319.92	2.9406	26.310	0.038233	supercritical
180.00	15.400	210.50	0.0047507	22.606	25.826	90.891	37.798	59.101	319.97	2.9373	26.326	0.038262	supercritical
180.00	15.433	211.01	0.0047392	22.601	25.820	90.863	37.804	59.140	320.02	2.9341	26.342	0.038291	supercritical
180.00	15.467	211.51	0.0047278	22.596	25.814	90.835	37.809	59.180	320.07	2.9308	26.359	0.038319	supercritical
180.00	15.500	212.02	0.0047164	22.591	25.808	90.807	37.814	59.219	320.12	2.9276	26.375	0.038348	supercritical
180.00	15.533	212.53	0.0047051	22.586	25.803	90.779	37.820	59.258	320.17	2.9243	26.391	0.038377	supercritical
180.00	15.567	213.04	0.0046939	22.581	25.797	90.751	37.825	59.297	320.22	2.9210	26.408	0.038406	supercritical
180.00	15.600	213.55	0.0046827	22.576	25.791	90.723	37.831	59.336	320.27	2.9178	26.424	0.038435	supercritical
180.00	15.633	214.06	0.0046715	22.571	25.785	90.695	37.836	59.375	320.33	2.9145	26.441	0.038464	supercritical
180.00	15.667	214.57	0.0046604	22.566	25.780	90.667	37.841	59.414	320.38	2.9112	26.457	0.038492	supercritical
180.00	15.700	215.08	0.0046494	22.561	25.774	90.639	37.847	59.453	320.43	2.9079	26.474	0.038521	supercritical
180.00	15.733	215.59	0.0046384	22.556	25.768	90.611	37.852	59.492	320.48	2.9046	26.490	0.038551	supercritical
180.00	15.767	216.10	0.0046274	22.551	25.762	90.584	37.858	59.531	320.54	2.9014	26.507	0.038580	supercritical
180.00	15.800	216.61	0.0046165	22.546	25.757	90.556	37.863	59.570	320.59	2.8981	26.524	0.038609	supercritical
180.00	15.833	217.12	0.0046057	22.541	25.751	90.528	37.868	59.609	320.65	2.8948	26.540	0.038638	supercritical
180.00	15.867	217.63	0.0045949	22.536	25.745	90.501	37.874	59.648	320.70	2.8915	26.557	0.038667	supercritical
180.00	15.900	218.14	0.0045841	22.532	25.739	90.473	37.879	59.687	320.75	2.8882	26.574	0.038696	supercritical
180.00	15.933	218.65	0.0045734	22.527	25.734	90.446	37.884	59.726	320.81	2.8849	26.591	0.038726	supercritical
180.00	15.967	219.16	0.0045628	22.522	25.728	90.418	37.890	59.765	320.87	2.8816	26.607	0.038755	supercritical
180.00	16.000	219.68	0.0045522	22.517	25.722	90.391	37.895	59.804	320.92	2.8783	26.624	0.038784	supercritical
180.00	16.033	220.19	0.0045416	22.512	25.716	90.364	37.900	59.842	320.98	2.8750	26.641	0.038814	supercritical
180.00	16.067	220.70	0.0045311	22.507	25.711	90.336	37.906	59.881	321.03	2.8717	26.658	0.038843	supercritical
180.00	16.100	221.21	0.0045206	22.502	25.705	90.309	37.911	59.920	321.09	2.8684	26.675	0.038873	supercritical
180.00	16.133	221.72	0.0045102	22.497	25.699	90.282	37.916	59.959	321.15	2.8651	26.692	0.038902	supercritical
180.00	16.167	222.23	0.0044998	22.492	25.693	90.255	37.922	59.998	321.21	2.8618	26.709	0.038932	supercritical
180.00	16.200	222.74	0.0044895	22.487	25.688	90.227	37.927	60.036	321.26	2.8584	26.726	0.038961	supercritical
180.00	16.233	223.25	0.0044792	22.482	25.682	90.200	37.932	60.075	321.32	2.8551	26.743	0.038991	supercritical
180.00	16.267	223.76	0.0044690	22.477	25.676	90.173	37.937	60.114	321.38	2.8518	26.761	0.039020	supercritical
180.00	16.300	224.28	0.0044588	22.472	25.671	90.146	37.943	60.152	321.44	2.8485	26.778	0.039050	supercritical
180.00	16.333	224.79	0.0044487	22.467	25.665	90.119	37.948	60.191	321.50	2.8452	26.795	0.039080	supercritical
180.00	16.367	225.30	0.0044386	22.462	25.659	90.092	37.953	60.229	321.56	2.8418	26.812	0.039110	supercritical
180.00	16.400	225.81	0.0044285	22.457	25.653	90.065	37.958	60.268	321.62	2.8385	26.830	0.039139	supercritical
180.00	16.433	226.32	0.0044185	22.452	25.648	90.038	37.963	60.306	321.68	2.8352	26.847	0.039169	supercritical
180.00	16.467	226.83	0.0044085	22.447	25.642	90.011	37.969	60.345	321.74	2.8318	26.864	0.039199	supercritical
180.00	16.500	227.35	0.0043986	22.442	25.636	89.985	37.974	60.383	321.80	2.8285	26.882	0.039229	supercritical
180.00	16.533	227.86	0.0043887	22.437	25.631	89.958	37.979	60.422	321.87	2.8252	26.899	0.039259	supercritical
180.00	16.567	228.37	0.0043789	22.432	25.625	89.931	37.984	60.460	321.93	2.8218	26.917	0.039289	supercritical
180.00	16.600	228.88	0.0043691	22.427	25.619	89.904	37.989	60.498	321.99	2.8185	26.934	0.039319	supercritical
180.00	16.633	229.39	0.0043593	22.422	25.614	89.878	37.995	60.537	322.05	2.8151	26.952	0.039349	supercritical
180.00	16.667	229.91	0.0043496	22.417	25.608	89.851	38.000	60.575	322.12	2.8118	26.969	0.039379	supercritical
180.00	16.700	230.42	0.0043399	22.413	25.602	89.824	38.005	60.613	322.18	2.8084	26.987	0.039410	supercritical
180.00	16.733	230.93	0.0043303	22.408	25.597	89.798	38.010	60.652	322.24	2.8051	27.005	0.039440	supercritical
180.00	16.767	231.44	0.0043207	22.403	25.591	89.771	38.015	60.690	322.31	2.8017	27.022	0.039470	supercritical
180.00	16.800	231.95	0.0043112	22.398	25.585	89.745	38.020	60.728	322.37	2.7984	27.040	0.039500	supercritical
180.00	16.833	232.47	0.0043017	22.393	25.580	89.718	38.025	60.766	322.44	2.7950	27.058	0.039531	supercritical
180.00	16.867	232.98	0.0042922	22.388	25.574	89.692	38.031	60.804	322.50	2.7916	27.076	0.039561	supercritical
180.00	16.900	233.49	0.0042828	22.383	25.568	89.666	38.036	60.842	322.57	2.7883	27.093	0.039591	supercritical
180.00	16.933	234.00	0.0042734	22.378	25.563	89.639	38.041	60.880	322.63	2.7849	27.111	0.039622	supercritical
180.00	16.967	234.52	0.0042641	22.373	25.557	89.613	38.046	60.918	322.70	2.7815	27.129	0.039652	supercritical
180.00	17.000	235.03	0.0042548	22.368	25.551	89.587	38.051	60.956	322.77	2.7782	27.147	0.039683	supercritical
180.00	17.033	235.54	0.0042455	22.363	25.546	89.561	38.056	60.994	322.83	2.7748	27.165	0.039713	supercritical
180.00	17.067	236.05	0.0042363	22.358	25.540	89.534	38.061	61.032	322.90	2.7714	27.183	0.039744	supercritical
180.00	17.100	236.57	0.0042271	22.353	25.534	89.508	38.066	61.070	322.97	2.7681	27.201	0.039774	supercritical
180.00	17.133	237.08	0.0042180	22.348	25.529	89.482	38.071	61.108	323.04	2.7647	27.219	0.039805	supercritical
180.00	17.167	237.59	0.0042089	22.343	25.523	89.456	38.076	61.146	323.11	2.7613	27.237	0.039836	supercritical
180.00	17.200	238.11	0.0041998	22.338	25.517	89.430	38.081	61.183	323.17	2.7579	27.256	0.039866	supercritical
180.00	17.233	238.62	0.0041908	22.333	25.512	89.404	38.086	61.221	323.24	2.7546	27.274	0.039897	supercritical
180.00	17.267	239.13	0.0041818	22.328	25.506	89.378	38.091	61.259	323.31	2.7512	27.292	0.039928	supercritical
180.00	17.300	239.64	0.0041729	22.324	25.501	89.352	38.096	61.297	323.38	2.7478	27.310	0.039959	supercritical
180.00	17.333	240.16	0.0041640	22.319	25.495	89.326	38.101	61.334	323.45	2.7444	27.329	0.039990	supercritical
180.00	17.367	240.67	0.0041551	22.314	25.489	89.300	38.106	61.372	323.52	2.7410	27.347	0.040021	supercritical
180.00	17.400	241.18	0.0041462	22.309	25.484	89.275	38.111	61.409	323.60	2.7376	27.365	0.040051	supercritical
180.00	17.433	241.70	0.0041374	22.304	25.478	89.249	38.116	61.447	323.67	2.7342	27.384	0.040082	supercritical
180.00	17.467	242.21	0.0041287	22.299	25.473	89.223	38.121	61.484	323.74	2.7308	27.402	0.040113	supercritical
180.00	17.500	242.72	0.0041200	22.294	25.467	89.197	38.126	61.522	323.81	2.7274	27.421	0.040144	supercritical
180.00	17.533	243.23	0.0041113	22.289	25.461	89.172	38.131	61.559	323.88	2.7241	27.439	0.040176	supercritical
180.00	17.567	243.75	0.0041026	22.284	25.456	89.146	38.136	61.597	323.96	2.7207	27.458	0.040207	supercritical
180.00	17.600	244.26	0.0040940	22.279	25.450	89.121	38.141	61.634	324.03	2.7173	27.476	0.040238	supercritical
180.00	17.633	244.77	0.0040854	22.274	25.445	89.095	38.146	61.671	324.10	2.7139	27.495	0.040269	supercritical
180.00	17.667	245.29	0.0040769	22.269	25.439	89.070	38.151	61.708	324.18	2.7105	27.514	0.040300	supercritical
180.00	17.700	245.80	0.0040684	22.264	25.434	89.044	38.155	61.746	324.25	2.7071	27.532	0.040331	supercritical
180.00	17.733	246.31	0.0040599	22.259	25.428	89.019	38.160	61.783	324.33	2.7036	27.551	0.040363	supercritical
180.00	17.767	246.83	0.0040514	22.255	25.422	88.993	38.165	61.820	324.40	2.7002	27.570	0.040394	supercritical
180.00	17.800	247.34	0.0040430	22.250	25.417	88.968	38.170	61.857	324.48	2.6968	27.589	0.040425	supercritical
180.00	17.833	247.85	0.0040347	22.245	25.411	88.942	38.175	61.894	324.55	2.6934	27.607	0.040457	supercritical
180.00	17.867	248.36	0.0040263	22.240	25.406	88.917	38.180	61.931	324.63	2.6900	27.626	0.040488	supercritical
180.00	17.900	248.88	0.0040180	22.235	25.400	88.892	38.185	61.968	324.71	2.6866	27.645	0.040520	supercritical
180.00	17.933	249.39	0.0040098	22.230	25.395	88.867	38.189	62.005	324.78	2.6832	27.664	0.040551	supercritical
180.00	17.967	249.90	0.0040015	22.225	25.389	88.841	38.194	62.042	324.86	2.6798	27.683	0.040583	supercritical
180.00	18.000	250.42	0.0039933	22.220	25.384	88.816	38.199	62.078	324.94	2.6764	27.702	0.040614	supercritical
180.00	18.033	250.93	0.0039852	22.215	25.378	88.791	38.204	62.115	325.02	2.6730	27.721	0.040646	supercritical
180.00	18.067	251.44	0.0039770	22.210	25.372	88.766	38.209	62.152	325.09	2.6695	27.740	0.040678	supercritical
180.00	18.100	251.96	0.0039689	22.205	25.367	88.741	38.213	62.189	325.17	2.6661	27.759	0.040709	supercritical
180.00	18.133	252.47	0.0039609	22.200	25.361	88.716	38.218	62.225	325.25	2.6627	27.778	0.040741	supercritical
180.00	18.167	252.98	0.0039528	22.196	25.356	88.691	38.223	62.262	325.33	2.6593	27.798	0.040773	supercritical
180.00	18.200	253.50	0.0039449	22.191	25.350	88.666	38.228	62.298	325.41	2.6559	27.817	0.040804	supercritical
180.00	18.233	254.01	0.0039369	22.186	25.345	88.641	38.232	62.335	325.49	2.6524	27.836	0.040836	supercritical
180.00	18.267	254.52	0.0039289	22.181	25.339	88.616	38.237	62.371	325.57	2.6490	27.855	0.040868	supercritical
180.00	18.300	255.03	0.0039210	22.176	25.334	88.591	38.242	62.408	325.65	2.6456	27.875	0.040900	supercritical
180.00	18.333	255.55	0.0039132	22.171	25.328	88.566	38.247	62.444	325.73	2.6422	27.894	0.040932	supercritical
180.00	18.367	256.06	0.0039053	22.166	25.323	88.542	38.251	62.480	325.82	2.6387	27.913	0.040964	supercritical
180.00	18.400	256.57	0.0038975	22.161	25.317	88.517	38.256	62.517	325.90	2.6353	27.933	0.040996	supercritical
180.00	18.433	257.09	0.0038898	22.156	25.312	88.492	38.261	62.553	325.98	2.6319	27.952	0.041028	supercritical
180.00	18.467	257.60	0.0038820	22.151	25.306	88.468	38.266	62.589	326.06	2.6285	27.972	0.041060	supercritical
180.00	18.500	258.11	0.0038743	22.146	25.301	88.443	38.270	62.625	326.15	2.6250	27.991	0.041092	supercritical
180.00	18.533	258.62	0.0038666	22.142	25.295	88.418	38.275	62.661	326.23	2.6216	28.011	0.041124	supercritical
180.00	18.567	259.14	0.0038590	22.137	25.290	88.394	38.280	62.697	326.31	2.6182	28.031	0.041156	supercritical
180.00	18.600	259.65	0.0038513	22.132	25.284	88.369	38.284	62.733	326.40	2.6147	28.050	0.041188	supercritical
180.00	18.633	260.16	0.0038438	22.127	25.279	88.345	38.289	62.769	326.48	2.6113	28.070	0.041220	supercritical
180.00	18.667	260.67	0.0038362	22.122	25.274	88.320	38.293	62.805	326.57	2.6079	28.090	0.041253	supercritical
180.00	18.700	261.19	0.0038287	22.117	25.268	88.296	38.298	62.841	326.65	2.6044	28.109	0.041285	supercritical
180.00	18.733	261.70	0.0038212	22.112	25.263	88.271	38.303	62.877	326.74	2.6010	28.129	0.041317	supercritical
180.00	18.767	262.21	0.0038137	22.107	25.257	88.247	38.307	62.912	326.82	2.5976	28.149	0.041349	supercritical
180.00	18.800	262.72	0.0038063	22.102	25.252	88.223	38.312	62.948	326.91	2.5941	28.169	0.041382	supercritical
180.00	18.833	263.24	0.0037989	22.098	25.246	88.198	38.316	62.984	327.00	2.5907	28.189	0.041414	supercritical
180.00	18.867	263.75	0.0037915	22.093	25.241	88.174	38.321	63.019	327.08	2.5873	28.209	0.041446	supercritical
180.00	18.900	264.26	0.0037841	22.088	25.235	88.150	38.326	63.055	327.17	2.5838	28.229	0.041479	supercritical
180.00	18.933	264.77	0.0037768	22.083	25.230	88.125	38.330	63.090	327.26	2.5804	28.249	0.041511	supercritical
180.00	18.967	265.29	0.0037695	22.078	25.225	88.101	38.335	63.126	327.35	2.5769	28.269	0.041544	supercritical
180.00	19.000	265.80	0.0037622	22.073	25.219	88.077	38.339	63.161	327.44	2.5735	28.289	0.041576	supercritical
180.00	19.033	266.31	0.0037550	22.068	25.214	88.053	38.344	63.196	327.53	2.5701	28.309	0.041609	supercritical
180.00	19.067	266.82	0.0037478	22.063	25.208	88.029	38.348	63.232	327.61	2.5666	28.329	0.041642	supercritical
180.00	19.100	267.34	0.0037406	22.059	25.203	88.005	38.353	63.267	327.70	2.5632	28.349	0.041674	supercritical
180.00	19.133	267.85	0.0037335	22.054	25.197	87.981	38.357	63.302	327.79	2.5598	28.369	0.041707	supercritical
180.00	19.167	268.36	0.0037263	22.049	25.192	87.957	38.362	63.337	327.88	2.5563	28.389	0.041740	supercritical
180.00	19.200	268.87	0.0037193	22.044	25.187	87.933	38.366	63.372	327.98	2.5529	28.410	0.041772	supercritical
180.00	19.233	269.38	0.0037122	22.039	25.181	87.909	38.371	63.407	328.07	2.5494	28.430	0.041805	supercritical
180.00	19.267	269.89	0.0037051	22.034	25.176	87.885	38.375	63.442	328.16	2.5460	28.450	0.041838	supercritical
180.00	19.300	270.41	0.0036981	22.029	25.171	87.861	38.380	63.477	328.25	2.5425	28.471	0.041871	supercritical
180.00	19.333	270.92	0.0036912	22.025	25.165	87.837	38.384	63.512	328.34	2.5391	28.491	0.041903	supercritical
180.00	19.367	271.43	0.0036842	22.020	25.160	87.814	38.389	63.546	328.43	2.5357	28.511	0.041936	supercritical
180.00	19.400	271.94	0.0036773	22.015	25.154	87.790	38.393	63.581	328.53	2.5322	28.532	0.041969	supercritical
180.00	19.433	272.45	0.0036704	22.010	25.149	87.766	38.398	63.616	328.62	2.5288	28.552	0.042002	supercritical
180.00	19.467	272.96	0.0036635	22.005	25.144	87.742	38.402	63.650	328.71	2.5253	28.573	0.042035	supercritical
180.00	19.500	273.48	0.0036566	22.000	25.138	87.719	38.406	63.685	328.81	2.5219	28.593	0.042068	supercritical
180.00	19.533	273.99	0.0036498	21.995	25.133	87.695	38.411	63.719	328.90	2.5184	28.614	0.042101	supercritical
180.00	19.567	274.50	0.0036430	21.991	25.128	87.672	38.415	63.754	329.00	2.5150	28.635	0.042134	supercritical
180.00	19.600	275.01	0.0036363	21.986	25.122	87.648	38.419	63.788	329.09	2.5116	28.655	0.042167	supercritical
180.00	19.633	275.52	0.0036295	21.981	25.117	87.624	38.424	63.822	329.19	2.5081	28.676	0.042200	supercritical
180.00	19.667	276.03	0.0036228	21.976	25.112	87.601	38.428	63.857	329.28	2.5047	28.697	0.042233	supercritical
180.00	19.700	276.54	0.0036161	21.971	25.106	87.577	38.433	63.891	329.38	2.5012	28.718	0.042267	supercritical
180.00	19.733	277.05	0.0036094	21.966	25.101	87.554	38.437	63.925	329.48	2.4978	28.738	0.042300	supercritical
180.00	19.767	277.56	0.0036028	21.961	25.096	87.531	38.441	63.959	329.57	2.4943	28.759	0.042333	supercritical
180.00	19.800	278.07	0.0035962	21.957	25.090	87.507	38.446	63.993	329.67	2.4909	28.780	0.042366	supercritical
180.00	19.833	278.58	0.0035896	21.952	25.085	87.484	38.450	64.027	329.77	2.4875	28.801	0.042399	supercritical
180.00	19.867	279.09	0.0035830	21.947	25.080	87.460	38.454	64.061	329.87	2.4840	28.822	0.042433	supercritical
180.00	19.900	279.60	0.0035765	21.942	25.074	87.437	38.458	64.094	329.96	2.4806	28.843	0.042466	supercritical
180.00	19.933	280.11	0.0035700	21.937	25.069	87.414	38.463	64.128	330.06	2.4771	28.864	0.042499	supercritical
180.00	19.967	280.62	0.0035635	21.932	25.064	87.391	38.467	64.162	330.16	2.4737	28.885	0.042533	supercritical
180.00	20.000	281.13	0.0035570	21.928	25.059	87.368	38.471	64.196	330.26	2.4702	28.906	0.042566	supercritical
180.00	20.033	281.64	0.0035506	21.923	25.053	87.344	38.476	64.229	330.36	2.4668	28.927	0.042600	supercritical
180.00	20.067	282.15	0.0035442	21.918	25.048	87.321	38.480	64.263	330.46	2.4634	28.948	0.042633	supercritical
180.00	20.100	282.66	0.0035378	21.913	25.043	87.298	38.484	64.296	330.56	2.4599	28.969	0.042666	supercritical
180.00	20.133	283.17	0.0035314	21.908	25.037	87.275	38.488	64.329	330.66	2.4565	28.991	0.042700	supercritical
180.00	20.167	283.68	0.0035251	21.904	25.032	87.252	38.493	64.363	330.76	2.4530	29.012	0.042733	supercritical
180.00	20.200	284.19	0.0035187	21.899	25.027	87.229	38.497	64.396	330.87	2.4496	29.033	0.042767	supercritical
180.00	20.233	284.70	0.0035124	21.894	25.022	87.206	38.501	64.429	330.97	2.4462	29.054	0.042801	supercritical
180.00	20.267	285.21	0.0035062	21.889	25.016	87.183	38.505	64.462	331.07	2.4427	29.076	0.042834	supercritical
180.00	20.300	285.72	0.0034999	21.884	25.011	87.160	38.509	64.495	331.17	2.4393	29.097	0.042868	supercritical
180.00	20.333	286.23	0.0034937	21.880	25.006	87.137	38.513	64.528	331.28	2.4358	29.118	0.042901	supercritical
180.00	20.367	286.74	0.0034875	21.875	25.001	87.114	38.518	64.561	331.38	2.4324	29.140	0.042935	supercritical
180.00	20.400	287.25	0.0034813	21.870	24.995	87.092	38.522	64.594	331.48	2.4290	29.161	0.042969	supercritical
180.00	20.433	287.76	0.0034752	21.865	24.990	87.069	38.526	64.627	331.59	2.4255	29.183	0.043003	supercritical
180.00	20.467	288.26	0.0034690	21.860	24.985	87.046	38.530	64.660	331.69	2.4221	29.204	0.043036	supercritical
180.00	20.500	288.77	0.0034629	21.856	24.980	87.023	38.534	64.692	331.80	2.4187	29.226	0.043070	supercritical
180.00	20.533	289.28	0.0034569	21.851	24.975	87.001	38.538	64.725	331.90	2.4152	29.247	0.043104	supercritical
180.00	20.567	289.79	0.0034508	21.846	24.969	86.978	38.542	64.758	332.01	2.4118	29.269	0.043138	supercritical
180.00	20.600	290.30	0.0034448	21.841	24.964	86.955	38.547	64.790	332.11	2.4083	29.291	0.043172	supercritical
180.00	20.633	290.80	0.0034387	21.836	24.959	86.933	38.551	64.823	332.22	2.4049	29.312	0.043206	supercritical
180.00	20.667	291.31	0.0034327	21.832	24.954	86.910	38.555	64.855	332.32	2.4015	29.334	0.043239	supercritical
180.00	20.700	291.82	0.0034268	21.827	24.949	86.888	38.559	64.887	332.43	2.3980	29.356	0.043273	supercritical
180.00	20.733	292.33	0.0034208	21.822	24.943	86.865	38.563	64.919	332.54	2.3946	29.378	0.043307	supercritical
180.00	20.767	292.83	0.0034149	21.817	24.938	86.842	38.567	64.952	332.65	2.3912	29.399	0.043341	supercritical
180.00	20.800	293.34	0.0034090	21.812	24.933	86.820	38.571	64.984	332.75	2.3878	29.421	0.043375	supercritical
180.00	20.833	293.85	0.0034031	21.808	24.928	86.798	38.575	65.016	332.86	2.3843	29.443	0.043409	supercritical
180.00	20.867	294.36	0.0033972	21.803	24.923	86.775	38.579	65.048	332.97	2.3809	29.465	0.043443	supercritical
180.00	20.900	294.86	0.0033914	21.798	24.918	86.753	38.583	65.079	333.08	2.3775	29.487	0.043477	supercritical
180.00	20.933	295.37	0.0033856	21.793	24.912	86.730	38.587	65.111	333.19	2.3740	29.509	0.043512	supercritical
180.00	20.967	295.88	0.0033798	21.789	24.907	86.708	38.591	65.143	333.30	2.3706	29.531	0.043546	supercritical
180.00	21.000	296.38	0.0033740	21.784	24.902	86.686	38.595	65.175	333.41	2.3672	29.553	0.043580	supercritical
180.00	21.033	296.89	0.0033683	21.779	24.897	86.664	38.599	65.206	333.52	2.3638	29.575	0.043614	supercritical
180.00	21.067	297.40	0.0033625	21.774	24.892	86.641	38.603	65.238	333.63	2.3603	29.597	0.043648	supercritical
180.00	21.100	297.90	0.0033568	21.770	24.887	86.619	38.607	65.269	333.74	2.3569	29.619	0.043682	supercritical
180.00	21.133	298.41	0.0033511	21.765	24.882	86.597	38.611	65.301	333.85	2.3535	29.642	0.043717	supercritical
180.00	21.167	298.91	0.0033455	21.760	24.876	86.575	38.615	65.332	333.96	2.3501	29.664	0.043751	supercritical
180.00	21.200	299.42	0.0033398	21.755	24.871	86.553	38.619	65.363	334.08	2.3467	29.686	0.043785	supercritical
180.00	21.233	299.92	0.0033342	21.751	24.866	86.531	38.623	65.394	334.19	2.3432	29.708	0.043819	supercritical
180.00	21.267	300.43	0.0033286	21.746	24.861	86.509	38.627	65.426	334.30	2.3398	29.730	0.043854	supercritical
180.00	21.300	300.93	0.0033230	21.741	24.856	86.487	38.631	65.457	334.41	2.3364	29.753	0.043888	supercritical
180.00	21.333	301.44	0.0033174	21.736	24.851	86.465	38.634	65.488	334.53	2.3330	29.775	0.043922	supercritical
180.00	21.367	301.94	0.0033119	21.732	24.846	86.443	38.638	65.518	334.64	2.3296	29.798	0.043957	supercritical
180.00	21.400	302.45	0.0033063	21.727	24.841	86.421	38.642	65.549	334.76	2.3262	29.820	0.043991	supercritical
180.00	21.433	302.95	0.0033008	21.722	24.836	86.399	38.646	65.580	334.87	2.3228	29.842	0.044026	supercritical
180.00	21.467	303.46	0.0032954	21.717	24.831	86.377	38.650	65.611	334.99	2.3193	29.865	0.044060	supercritical
180.00	21.500	303.96	0.0032899	21.713	24.826	86.355	38.654	65.641	335.10	2.3159	29.887	0.044094	supercritical
180.00	21.533	304.47	0.0032844	21.708	24.820	86.333	38.658	65.672	335.22	2.3125	29.910	0.044129	supercritical
180.00	21.567	304.97	0.0032790	21.703	24.815	86.311	38.661	65.702	335.33	2.3091	29.932	0.044163	supercritical
180.00	21.600	305.47	0.0032736	21.698	24.810	86.290	38.665	65.733	335.45	2.3057	29.955	0.044198	supercritical
180.00	21.633	305.98	0.0032682	21.694	24.805	86.268	38.669	65.763	335.57	2.3023	29.978	0.044233	supercritical
180.00	21.667	306.48	0.0032629	21.689	24.800	86.246	38.673	65.793	335.68	2.2989	30.000	0.044267	supercritical
180.00	21.700	306.98	0.0032575	21.684	24.795	86.225	38.677	65.824	335.80	2.2955	30.023	0.044302	supercritical
180.00	21.733	307.49	0.0032522	21.680	24.790	86.203	38.680	65.854	335.92	2.2921	30.046	0.044336	supercritical
180.00	21.767	307.99	0.0032469	21.675	24.785	86.181	38.684	65.884	336.03	2.2887	30.068	0.044371	supercritical
180.00	21.800	308.49	0.0032416	21.670	24.780	86.160	38.688	65.914	336.15	2.2853	30.091	0.044406	supercritical
180.00	21.833	308.99	0.0032363	21.665	24.775	86.138	38.692	65.944	336.27	2.2819	30.114	0.044440	supercritical
180.00	21.867	309.50	0.0032311	21.661	24.770	86.117	38.696	65.973	336.39	2.2785	30.137	0.044475	supercritical
180.00	21.900	310.00	0.0032258	21.656	24.765	86.095	38.699	66.003	336.51	2.2751	30.160	0.044510	supercritical
180.00	21.933	310.50	0.0032206	21.651	24.760	86.074	38.703	66.033	336.63	2.2717	30.183	0.044544	supercritical
180.00	21.967	311.00	0.0032154	21.647	24.755	86.052	38.707	66.062	336.75	2.2684	30.206	0.044579	supercritical
180.00	22.000	311.50	0.0032102	21.642	24.750	86.031	38.710	66.092	336.87	2.2650	30.228	0.044614	supercritical
180.00	22.033	312.01	0.0032051	21.637	24.745	86.009	38.714	66.121	336.99	2.2616	30.251	0.044649	supercritical
180.00	22.067	312.51	0.0031999	21.632	24.740	85.988	38.718	66.151	337.11	2.2582	30.274	0.044683	supercritical
180.00	22.100	313.01	0.0031948	21.628	24.735	85.967	38.721	66.180	337.23	2.2548	30.298	0.044718	supercritical
180.00	22.133	313.51	0.0031897	21.623	24.730	85.945	38.725	66.209	337.35	2.2514	30.321	0.044753	supercritical
180.00	22.167	314.01	0.0031846	21.618	24.725	85.924	38.729	66.239	337.48	2.2480	30.344	0.044788	supercritical
180.00	22.200	314.51	0.0031796	21.614	24.720	85.903	38.732	66.268	337.60	2.2447	30.367	0.044823	supercritical
180.00	22.233	315.01	0.0031745	21.609	24.715	85.882	38.736	66.297	337.72	2.2413	30.390	0.044858	supercritical
180.00	22.267	315.51	0.0031695	21.604	24.710	85.860	38.740	66.326	337.84	2.2379	30.413	0.044892	supercritical
180.00	22.300	316.01	0.0031645	21.600	24.705	85.839	38.743	66.354	337.97	2.2345	30.436	0.044927	supercritical
180.00	22.333	316.51	0.0031595	21.595	24.700	85.818	38.747	66.383	338.09	2.2312	30.460	0.044962	supercritical
180.00	22.367	317.01	0.0031545	21.590	24.696	85.797	38.751	66.412	338.22	2.2278	30.483	0.044997	supercritical
180.00	22.400	317.51	0.0031495	21.586	24.691	85.776	38.754	66.440	338.34	2.2244	30.506	0.045032	supercritical
180.00	22.433	318.01	0.0031446	21.581	24.686	85.755	38.758	66.469	338.46	2.2211	30.530	0.045067	supercritical
180.00	22.467	318.51	0.0031397	21.576	24.681	85.734	38.761	66.498	338.59	2.2177	30.553	0.045102	supercritical
180.00	22.500	319.01	0.0031347	21.572	24.676	85.713	38.765	66.526	338.71	2.2143	30.576	0.045137	supercritical
180.00	22.533	319.50	0.0031299	21.567	24.671	85.692	38.769	66.554	338.84	2.2110	30.600	0.045172	supercritical
180.00	22.567	320.00	0.0031250	21.562	24.666	85.671	38.772	66.582	338.97	2.2076	30.623	0.045207	supercritical
180.00	22.600	320.50	0.0031201	21.558	24.661	85.650	38.776	66.611	339.09	2.2043	30.647	0.045242	supercritical
180.00	22.633	321.00	0.0031153	21.553	24.656	85.629	38.779	66.639	339.22	2.2009	30.670	0.045277	supercritical
180.00	22.667	321.50	0.0031105	21.548	24.651	85.608	38.783	66.667	339.35	2.1975	30.694	0.045313	supercritical
180.00	22.700	321.99	0.0031057	21.544	24.646	85.588	38.786	66.695	339.47	2.1942	30.717	0.045348	supercritical
180.00	22.733	322.49	0.0031009	21.539	24.642	85.567	38.790	66.723	339.60	2.1908	30.741	0.045383	supercritical
180.00	22.767	322.99	0.0030961	21.535	24.637	85.546	38.793	66.750	339.73	2.1875	30.764	0.045418	supercritical
180.00	22.800	323.48	0.0030913	21.530	24.632	85.525	38.797	66.778	339.86	2.1842	30.788	0.045453	supercritical
180.00	22.833	323.98	0.0030866	21.525	24.627	85.504	38.800	66.806	339.99	2.1808	30.812	0.045488	supercritical
180.00	22.867	324.48	0.0030819	21.521	24.622	85.484	38.804	66.833	340.11	2.1775	30.835	0.045523	supercritical
180.00	22.900	324.97	0.0030772	21.516	24.617	85.463	38.807	66.861	340.24	2.1741	30.859	0.045559	supercritical
180.00	22.933	325.47	0.0030725	21.511	24.612	85.442	38.811	66.888	340.37	2.1708	30.883	0.045594	supercritical
180.00	22.967	325.97	0.0030678	21.507	24.608	85.422	38.814	66.915	340.50	2.1675	30.907	0.045629	supercritical
180.00	23.000	326.46	0.0030632	21.502	24.603	85.401	38.818	66.943	340.63	2.1641	30.930	0.045664	supercritical
180.00	23.033	326.96	0.0030585	21.498	24.598	85.381	38.821	66.970	340.76	2.1608	30.954	0.045700	supercritical
180.00	23.067	327.45	0.0030539	21.493	24.593	85.360	38.824	66.997	340.89	2.1575	30.978	0.045735	supercritical
180.00	23.100	327.95	0.0030493	21.488	24.588	85.340	38.828	67.024	341.03	2.1541	31.002	0.045770	supercritical
180.00	23.133	328.44	0.0030447	21.484	24.584	85.319	38.831	67.051	341.16	2.1508	31.026	0.045805	supercritical
180.00	23.167	328.94	0.0030401	21.479	24.579	85.299	38.835	67.078	341.29	2.1475	31.050	0.045841	supercritical
180.00	23.200	329.43	0.0030356	21.475	24.574	85.278	38.838	67.104	341.42	2.1442	31.074	0.045876	supercritical
180.00	23.233	329.92	0.0030310	21.470	24.569	85.258	38.841	67.131	341.55	2.1408	31.098	0.045911	supercritical
180.00	23.267	330.42	0.0030265	21.465	24.564	85.238	38.845	67.158	341.69	2.1375	31.122	0.045947	supercritical
180.00	23.300	330.91	0.0030220	21.461	24.560	85.217	38.848	67.184	341.82	2.1342	31.146	0.045982	supercritical
180.00	23.333	331.40	0.0030175	21.456	24.555	85.197	38.851	67.211	341.95	2.1309	31.170	0.046018	supercritical
180.00	23.367	331.90	0.0030130	21.452	24.550	85.177	38.855	67.237	342.09	2.1276	31.194	0.046053	supercritical
180.00	23.400	332.39	0.0030085	21.447	24.545	85.156	38.858	67.263	342.22	2.1243	31.218	0.046088	supercritical
180.00	23.433	332.88	0.0030041	21.442	24.540	85.136	38.861	67.290	342.35	2.1210	31.242	0.046124	supercritical
180.00	23.467	333.37	0.0029996	21.438	24.536	85.116	38.865	67.316	342.49	2.1177	31.267	0.046159	supercritical
180.00	23.500	333.87	0.0029952	21.433	24.531	85.096	38.868	67.342	342.62	2.1144	31.291	0.046195	supercritical
180.00	23.533	334.36	0.0029908	21.429	24.526	85.076	38.871	67.368	342.76	2.1111	31.315	0.046230	supercritical
180.00	23.567	334.85	0.0029864	21.424	24.521	85.055	38.875	67.394	342.89	2.1078	31.339	0.046265	supercritical
180.00	23.600	335.34	0.0029820	21.420	24.517	85.035	38.878	67.420	343.03	2.1045	31.364	0.046301	supercritical
180.00	23.633	335.83	0.0029777	21.415	24.512	85.015	38.881	67.445	343.17	2.1012	31.388	0.046336	supercritical
180.00	23.667	336.32	0.0029733	21.410	24.507	84.995	38.885	67.471	343.30	2.0979	31.412	0.046372	supercritical
180.00	23.700	336.81	0.0029690	21.406	24.503	84.975	38.888	67.497	343.44	2.0946	31.437	0.046407	supercritical
180.00	23.733	337.30	0.0029647	21.401	24.498	84.955	38.891	67.522	343.58	2.0913	31.461	0.046443	supercritical
180.00	23.767	337.79	0.0029604	21.397	24.493	84.935	38.894	67.548	343.71	2.0881	31.485	0.046478	supercritical
180.00	23.800	338.28	0.0029561	21.392	24.488	84.915	38.897	67.573	343.85	2.0848	31.510	0.046514	supercritical
180.00	23.833	338.77	0.0029518	21.388	24.484	84.895	38.901	67.598	343.99	2.0815	31.534	0.046550	supercritical
180.00	23.867	339.26	0.0029476	21.383	24.479	84.875	38.904	67.623	344.13	2.0782	31.559	0.046585	supercritical
180.00	23.900	339.75	0.0029433	21.379	24.474	84.856	38.907	67.648	344.27	2.0750	31.583	0.046621	supercritical
180.00	23.933	340.24	0.0029391	21.374	24.470	84.836	38.910	67.674	344.40	2.0717	31.608	0.046656	supercritical
180.00	23.967	340.73	0.0029349	21.369	24.465	84.816	38.914	67.698	344.54	2.0684	31.633	0.046692	supercritical
180.00	24.000	341.22	0.0029307	21.365	24.460	84.796	38.917	67.723	344.68	2.0652	31.657	0.046727	supercritical
180.00	24.033	341.71	0.0029265	21.360	24.456	84.776	38.920	67.748	344.82	2.0619	31.682	0.046763	supercritical
180.00	24.067	342.19	0.0029223	21.356	24.451	84.757	38.923	67.773	344.96	2.0586	31.706	0.046799	supercritical
180.00	24.100	342.68	0.0029182	21.351	24.446	84.737	38.926	67.797	345.10	2.0554	31.731	0.046834	supercritical
180.00	24.133	343.17	0.0029140	21.347	24.442	84.717	38.929	67.822	345.24	2.0521	31.756	0.046870	supercritical
180.00	24.167	343.66	0.0029099	21.342	24.437	84.698	38.932	67.846	345.38	2.0489	31.780	0.046906	supercritical
180.00	24.200	344.14	0.0029058	21.338	24.433	84.678	38.936	67.871	345.53	2.0456	31.805	0.046941	supercritical
180.00	24.233	344.63	0.0029017	21.333	24.428	84.658	38.939	67.895	345.67	2.0424	31.830	0.046977	supercritical
180.00	24.267	345.12	0.0028976	21.329	24.423	84.639	38.942	67.919	345.81	2.0391	31.855	0.047013	supercritical
180.00	24.300	345.60	0.0028935	21.324	24.419	84.619	38.945	67.944	345.95	2.0359	31.880	0.047048	supercritical
180.00	24.333	346.09	0.0028894	21.320	24.414	84.600	38.948	67.968	346.09	2.0327	31.904	0.047084	supercritical
180.00	24.367	346.57	0.0028854	21.315	24.409	84.580	38.951	67.992	346.24	2.0294	31.929	0.047120	supercritical
180.00	24.400	347.06	0.0028814	21.311	24.405	84.561	38.954	68.015	346.38	2.0262	31.954	0.047155	supercritical
180.00	24.433	347.54	0.0028773	21.306	24.400	84.541	38.957	68.039	346.52	2.0230	31.979	0.047191	supercritical
180.00	24.467	348.03	0.0028733	21.302	24.396	84.522	38.960	68.063	346.67	2.0198	32.004	0.047227	supercritical
180.00	24.500	348.51	0.0028693	21.297	24.391	84.502	38.963	68.087	346.81	2.0165	32.029	0.047263	supercritical
180.00	24.533	349.00	0.0028654	21.293	24.387	84.483	38.966	68.110	346.96	2.0133	32.054	0.047298	supercritical
180.00	24.567	349.48	0.0028614	21.288	24.382	84.464	38.969	68.134	347.10	2.0101	32.079	0.047334	supercritical
180.00	24.600	349.96	0.0028574	21.284	24.377	84.444	38.972	68.157	347.24	2.0069	32.104	0.047370	supercritical
180.00	24.633	350.45	0.0028535	21.279	24.373	84.425	38.975	68.181	347.39	2.0037	32.129	0.047406	supercritical
180.00	24.667	350.93	0.0028496	21.275	24.368	84.406	38.978	68.204	347.53	2.0005	32.154	0.047441	supercritical
180.00	24.700	351.41	0.0028456	21.270	24.364	84.387	38.981	68.227	347.68	1.9972	32.179	0.047477	supercritical
180.00	24.733	351.90	0.0028417	21.266	24.359	84.367	38.984	68.250	347.83	1.9940	32.204	0.047513	supercritical
180.00	24.767	352.38	0.0028379	21.261	24.355	84.348	38.987	68.273	347.97	1.9908	32.230	0.047549	supercritical
180.00	24.800	352.86	0.0028340	21.257	24.350	84.329	38.990	68.296	348.12	1.9876	32.255	0.047585	supercritical
180.00	24.833	353.34	0.0028301	21.253	24.346	84.310	38.993	68.319	348.27	1.9845	32.280	0.047620	supercritical
180.00	24.867	353.82	0.0028263	21.248	24.341	84.291	38.996	68.342	348.41	1.9813	32.305	0.047656	supercritical
180.00	24.900	354.30	0.0028224	21.244	24.337	84.272	38.999	68.364	348.56	1.9781	32.330	0.047692	supercritical
180.00	24.933	354.79	0.0028186	21.239	24.332	84.252	39.002	68.387	348.71	1.9749	32.356	0.047728	supercritical
180.00	24.967	355.27	0.0028148	21.235	24.328	84.233	39.005	68.410	348.86	1.9717	32.381	0.047764	supercritical
180.00	25.000	355.75	0.0028110	21.230	24.323	84.214	39.008	68.432	349.00	1.9685	32.406	0.047800	supercritical
180.00	25.033	356.23	0.0028072	21.226	24.319	84.195	39.011	68.454	349.15	1.9653	32.432	0.047835	supercritical
180.00	25.067	356.71	0.0028034	21.221	24.314	84.176	39.014	68.477	349.30	1.9622	32.457	0.047871	supercritical
180.00	25.100	357.19	0.0027997	21.217	24.310	84.157	39.017	68.499	349.45	1.9590	32.482	0.047907	supercritical
180.00	25.133	357.66	0.0027959	21.213	24.305	84.139	39.020	68.521	349.60	1.9558	32.508	0.047943	supercritical
180.00	25.167	358.14	0.0027922	21.208	24.301	84.120	39.023	68.543	349.75	1.9527	32.533	0.047979	supercritical
180.00	25.200	358.62	0.0027885	21.204	24.296	84.101	39.025	68.565	349.90	1.9495	32.559	0.048015	supercritical
180.00	25.233	359.10	0.0027847	21.199	24.292	84.082	39.028	68.587	350.05	1.9464	32.584	0.048051	supercritical
180.00	25.267	359.58	0.0027810	21.195	24.287	84.063	39.031	68.609	350.20	1.9432	32.610	0.048086	supercritical
180.00	25.300	360.06	0.0027774	21.190	24.283	84.044	39.034	68.631	350.35	1.9400	32.635	0.048122	supercritical
180.00	25.333	360.53	0.0027737	21.186	24.278	84.026	39.037	68.652	350.50	1.9369	32.661	0.048158	supercritical
180.00	25.367	361.01	0.0027700	21.182	24.274	84.007	39.040	68.674	350.65	1.9337	32.686	0.048194	supercritical
180.00	25.400	361.49	0.0027664	21.177	24.270	83.988	39.042	68.695	350.80	1.9306	32.712	0.048230	supercritical
180.00	25.433	361.96	0.0027627	21.173	24.265	83.969	39.045	68.717	350.96	1.9275	32.737	0.048266	supercritical
180.00	25.467	362.44	0.0027591	21.168	24.261	83.951	39.048	68.738	351.11	1.9243	32.763	0.048302	supercritical
180.00	25.500	362.91	0.0027555	21.164	24.256	83.932	39.051	68.759	351.26	1.9212	32.789	0.048338	supercritical
180.00	25.533	363.39	0.0027519	21.160	24.252	83.913	39.054	68.780	351.41	1.9181	32.814	0.048374	supercritical
180.00	25.567	363.87	0.0027483	21.155	24.248	83.895	39.056	68.801	351.57	1.9149	32.840	0.048410	supercritical
180.00	25.600	364.34	0.0027447	21.151	24.243	83.876	39.059	68.822	351.72	1.9118	32.866	0.048445	supercritical
180.00	25.633	364.82	0.0027411	21.147	24.239	83.858	39.062	68.843	351.87	1.9087	32.891	0.048481	supercritical
180.00	25.667	365.29	0.0027376	21.142	24.234	83.839	39.065	68.864	352.03	1.9056	32.917	0.048517	supercritical
180.00	25.700	365.76	0.0027340	21.138	24.230	83.821	39.068	68.885	352.18	1.9025	32.943	0.048553	supercritical
180.00	25.733	366.24	0.0027305	21.133	24.226	83.802	39.070	68.906	352.33	1.8994	32.969	0.048589	supercritical
180.00	25.767	366.71	0.0027269	21.129	24.221	83.784	39.073	68.926	352.49	1.8962	32.994	0.048625	supercritical
180.00	25.800	367.18	0.0027234	21.125	24.217	83.765	39.076	68.947	352.64	1.8931	33.020	0.048661	supercritical
180.00	25.833	367.66	0.0027199	21.120	24.213	83.747	39.078	68.967	352.80	1.8900	33.046	0.048697	supercritical
180.00	25.867	368.13	0.0027164	21.116	24.208	83.729	39.081	68.988	352.95	1.8869	33.072	0.048733	supercritical
180.00	25.900	368.60	0.0027130	21.112	24.204	83.710	39.084	69.008	353.11	1.8838	33.098	0.048769	supercritical
180.00	25.933	369.07	0.0027095	21.107	24.200	83.692	39.087	69.028	353.26	1.8808	33.124	0.048805	supercritical
180.00	25.967	369.54	0.0027060	21.103	24.195	83.674	39.089	69.048	353.42	1.8777	33.150	0.048841	supercritical
180.00	26.000	370.02	0.0027026	21.099	24.191	83.655	39.092	69.068	353.58	1.8746	33.176	0.048877	supercritical
180.00	26.033	370.49	0.0026992	21.094	24.187	83.637	39.095	69.088	353.73	1.8715	33.202	0.048913	supercritical
180.00	26.067	370.96	0.0026957	21.090	24.182	83.619	39.097	69.108	353.89	1.8684	33.228	0.048949	supercritical
180.00	26.100	371.43	0.0026923	21.086	24.178	83.601	39.100	69.128	354.05	1.8653	33.254	0.048985	supercritical
180.00	26.133	371.90	0.0026889	21.081	24.174	83.582	39.103	69.148	354.20	1.8623	33.280	0.049021	supercritical
180.00	26.167	372.37	0.0026855	21.077	24.169	83.564	39.105	69.167	354.36	1.8592	33.306	0.049057	supercritical
180.00	26.200	372.84	0.0026821	21.073	24.165	83.546	39.108	69.187	354.52	1.8561	33.332	0.049093	supercritical
180.00	26.233	373.31	0.0026788	21.068	24.161	83.528	39.111	69.206	354.68	1.8531	33.358	0.049129	supercritical
180.00	26.267	373.77	0.0026754	21.064	24.157	83.510	39.113	69.226	354.84	1.8500	33.384	0.049165	supercritical
180.00	26.300	374.24	0.0026721	21.060	24.152	83.492	39.116	69.245	354.99	1.8470	33.410	0.049200	supercritical
180.00	26.333	374.71	0.0026687	21.055	24.148	83.474	39.118	69.264	355.15	1.8439	33.436	0.049236	supercritical
180.00	26.367	375.18	0.0026654	21.051	24.144	83.456	39.121	69.284	355.31	1.8409	33.462	0.049272	supercritical
180.00	26.400	375.65	0.0026621	21.047	24.140	83.438	39.124	69.303	355.47	1.8378	33.488	0.049308	supercritical
180.00	26.433	376.11	0.0026588	21.042	24.135	83.420	39.126	69.322	355.63	1.8348	33.515	0.049344	supercritical
180.00	26.467	376.58	0.0026555	21.038	24.131	83.402	39.129	69.341	355.79	1.8317	33.541	0.049380	supercritical
180.00	26.500	377.05	0.0026522	21.034	24.127	83.384	39.131	69.360	355.95	1.8287	33.567	0.049416	supercritical
180.00	26.533	377.51	0.0026489	21.029	24.123	83.366	39.134	69.378	356.11	1.8257	33.593	0.049452	supercritical
180.00	26.567	377.98	0.0026457	21.025	24.118	83.348	39.136	69.397	356.27	1.8227	33.620	0.049488	supercritical
180.00	26.600	378.44	0.0026424	21.021	24.114	83.330	39.139	69.416	356.43	1.8196	33.646	0.049524	supercritical
180.00	26.633	378.91	0.0026392	21.017	24.110	83.312	39.141	69.434	356.59	1.8166	33.672	0.049560	supercritical
180.00	26.667	379.37	0.0026359	21.012	24.106	83.295	39.144	69.453	356.76	1.8136	33.699	0.049596	supercritical
180.00	26.700	379.84	0.0026327	21.008	24.102	83.277	39.147	69.471	356.92	1.8106	33.725	0.049632	supercritical
180.00	26.733	380.30	0.0026295	21.004	24.097	83.259	39.149	69.489	357.08	1.8076	33.751	0.049668	supercritical
180.00	26.767	380.77	0.0026263	21.000	24.093	83.241	39.152	69.508	357.24	1.8046	33.778	0.049704	supercritical
180.00	26.800	381.23	0.0026231	20.995	24.089	83.224	39.154	69.526	357.40	1.8016	33.804	0.049740	supercritical
180.00	26.833	381.69	0.0026199	20.991	24.085	83.206	39.157	69.544	357.57	1.7986	33.830	0.049776	supercritical
180.00	26.867	382.16	0.0026167	20.987	24.081	83.188	39.159	69.562	357.73	1.7956	33.857	0.049812	supercritical
180.00	26.900	382.62	0.0026136	20.983	24.077	83.171	39.161	69.580	357.89	1.7926	33.883	0.049848	supercritical
180.00	26.933	383.08	0.0026104	20.978	24.072	83.153	39.164	69.598	358.05	1.7896	33.910	0.049884	supercritical
180.00	26.967	383.54	0.0026073	20.974	24.068	83.135	39.166	69.615	358.22	1.7866	33.936	0.049920	supercritical
180.00	27.000	384.00	0.0026041	20.970	24.064	83.118	39.169	69.633	358.38	1.7836	33.963	0.049956	supercritical
180.00	27.033	384.47	0.0026010	20.966	24.060	83.100	39.171	69.651	358.55	1.7806	33.989	0.049992	supercritical
180.00	27.067	384.93	0.0025979	20.961	24.056	83.083	39.174	69.668	358.71	1.7777	34.016	0.050028	supercritical
180.00	27.100	385.39	0.0025948	20.957	24.052	83.065	39.176	69.686	358.87	1.7747	34.042	0.050064	supercritical
180.00	27.133	385.85	0.0025917	20.953	24.048	83.048	39.179	69.703	359.04	1.7717	34.069	0.050100	supercritical
180.00	27.167	386.31	0.0025886	20.949	24.044	83.030	39.181	69.720	359.20	1.7688	34.096	0.050136	supercritical
180.00	27.200	386.77	0.0025855	20.944	24.039	83.013	39.183	69.738	359.37	1.7658	34.122	0.050172	supercritical
180.00	27.233	387.23	0.0025825	20.940	24.035	82.995	39.186	69.755	359.53	1.7628	34.149	0.050208	supercritical
180.00	27.267	387.68	0.0025794	20.936	24.031	82.978	39.188	69.772	359.70	1.7599	34.175	0.050244	supercritical
180.00	27.300	388.14	0.0025764	20.932	24.027	82.961	39.191	69.789	359.87	1.7569	34.202	0.050280	supercritical
180.00	27.333	388.60	0.0025733	20.928	24.023	82.943	39.193	69.806	360.03	1.7540	34.229	0.050316	supercritical
180.00	27.367	389.06	0.0025703	20.923	24.019	82.926	39.195	69.822	360.20	1.7510	34.256	0.050352	supercritical
180.00	27.400	389.52	0.0025673	20.919	24.015	82.909	39.198	69.839	360.36	1.7481	34.282	0.050387	supercritical
180.00	27.433	389.97	0.0025643	20.915	24.011	82.891	39.200	69.856	360.53	1.7452	34.309	0.050423	supercritical
180.00	27.467	390.43	0.0025613	20.911	24.007	82.874	39.203	69.873	360.70	1.7422	34.336	0.050459	supercritical
180.00	27.500	390.89	0.0025583	20.907	24.003	82.857	39.205	69.889	360.87	1.7393	34.362	0.050495	supercritical
180.00	27.533	391.34	0.0025553	20.902	23.999	82.840	39.207	69.906	361.03	1.7364	34.389	0.050531	supercritical
180.00	27.567	391.80	0.0025523	20.898	23.995	82.822	39.210	69.922	361.20	1.7335	34.416	0.050567	supercritical
180.00	27.600	392.25	0.0025494	20.894	23.991	82.805	39.212	69.938	361.37	1.7305	34.443	0.050603	supercritical
180.00	27.633	392.71	0.0025464	20.890	23.987	82.788	39.214	69.954	361.54	1.7276	34.470	0.050639	supercritical
180.00	27.667	393.16	0.0025435	20.886	23.983	82.771	39.216	69.971	361.70	1.7247	34.496	0.050675	supercritical
180.00	27.700	393.62	0.0025405	20.881	23.979	82.754	39.219	69.987	361.87	1.7218	34.523	0.050711	supercritical
180.00	27.733	394.07	0.0025376	20.877	23.975	82.737	39.221	70.003	362.04	1.7189	34.550	0.050747	supercritical
180.00	27.767	394.53	0.0025347	20.873	23.971	82.720	39.223	70.019	362.21	1.7160	34.577	0.050783	supercritical
180.00	27.800	394.98	0.0025318	20.869	23.966	82.703	39.226	70.034	362.38	1.7131	34.604	0.050819	supercritical
180.00	27.833	395.43	0.0025289	20.865	23.963	82.686	39.228	70.050	362.55	1.7102	34.631	0.050855	supercritical
180.00	27.867	395.89	0.0025260	20.861	23.959	82.669	39.230	70.066	362.72	1.7073	34.658	0.050890	supercritical
180.00	27.900	396.34	0.0025231	20.856	23.955	82.652	39.232	70.082	362.89	1.7045	34.685	0.050926	supercritical
180.00	27.933	396.79	0.0025202	20.852	23.951	82.635	39.235	70.097	363.06	1.7016	34.712	0.050962	supercritical
180.00	27.967	397.24	0.0025174	20.848	23.947	82.618	39.237	70.113	363.23	1.6987	34.739	0.050998	supercritical
180.00	28.000	397.69	0.0025145	20.844	23.943	82.601	39.239	70.128	363.40	1.6958	34.766	0.051034	supercritical
180.00	28.033	398.14	0.0025117	20.840	23.939	82.584	39.241	70.143	363.57	1.6930	34.793	0.051070	supercritical
180.00	28.067	398.59	0.0025088	20.836	23.935	82.567	39.244	70.159	363.74	1.6901	34.820	0.051106	supercritical
180.00	28.100	399.04	0.0025060	20.832	23.931	82.550	39.246	70.174	363.91	1.6872	34.847	0.051142	supercritical
180.00	28.133	399.49	0.0025032	20.828	23.927	82.534	39.248	70.189	364.08	1.6844	34.874	0.051177	supercritical
180.00	28.167	399.94	0.0025003	20.823	23.923	82.517	39.250	70.204	364.26	1.6815	34.901	0.051213	supercritical
180.00	28.200	400.39	0.0024975	20.819	23.919	82.500	39.253	70.219	364.43	1.6787	34.928	0.051249	supercritical
180.00	28.233	400.84	0.0024947	20.815	23.915	82.483	39.255	70.234	364.60	1.6758	34.955	0.051285	supercritical
180.00	28.267	401.29	0.0024920	20.811	23.911	82.467	39.257	70.248	364.77	1.6730	34.982	0.051321	supercritical
180.00	28.300	401.74	0.0024892	20.807	23.907	82.450	39.259	70.263	364.94	1.6701	35.009	0.051357	supercritical
180.00	28.333	402.19	0.0024864	20.803	23.903	82.433	39.261	70.278	365.12	1.6673	35.036	0.051393	supercritical
180.00	28.367	402.63	0.0024836	20.799	23.899	82.417	39.263	70.292	365.29	1.6645	35.063	0.051428	supercritical
180.00	28.400	403.08	0.0024809	20.795	23.895	82.400	39.266	70.307	365.46	1.6616	35.091	0.051464	supercritical
180.00	28.433	403.53	0.0024781	20.791	23.892	82.383	39.268	70.321	365.64	1.6588	35.118	0.051500	supercritical
180.00	28.467	403.97	0.0024754	20.786	23.888	82.367	39.270	70.336	365.81	1.6560	35.145	0.051536	supercritical
180.00	28.500	404.42	0.0024727	20.782	23.884	82.350	39.272	70.350	365.98	1.6532	35.172	0.051572	supercritical
180.00	28.533	404.87	0.0024700	20.778	23.880	82.334	39.274	70.364	366.16	1.6504	35.199	0.051607	supercritical
180.00	28.567	405.31	0.0024672	20.774	23.876	82.317	39.276	70.378	366.33	1.6475	35.227	0.051643	supercritical
180.00	28.600	405.76	0.0024645	20.770	23.872	82.301	39.278	70.393	366.50	1.6447	35.254	0.051679	supercritical
180.00	28.633	406.20	0.0024618	20.766	23.868	82.284	39.281	70.407	366.68	1.6419	35.281	0.051715	supercritical
180.00	28.667	406.64	0.0024592	20.762	23.864	82.268	39.283	70.420	366.85	1.6391	35.308	0.051751	supercritical
180.00	28.700	407.09	0.0024565	20.758	23.861	82.251	39.285	70.434	367.03	1.6363	35.336	0.051786	supercritical
180.00	28.733	407.53	0.0024538	20.754	23.857	82.235	39.287	70.448	367.20	1.6336	35.363	0.051822	supercritical
180.00	28.767	407.97	0.0024511	20.750	23.853	82.218	39.289	70.462	367.38	1.6308	35.390	0.051858	supercritical
180.00	28.800	408.42	0.0024485	20.746	23.849	82.202	39.291	70.475	367.55	1.6280	35.418	0.051894	supercritical
180.00	28.833	408.86	0.0024458	20.742	23.845	82.186	39.293	70.489	367.73	1.6252	35.445	0.051929	supercritical
180.00	28.867	409.30	0.0024432	20.738	23.842	82.169	39.295	70.503	367.91	1.6224	35.472	0.051965	supercritical
180.00	28.900	409.74	0.0024406	20.734	23.838	82.153	39.297	70.516	368.08	1.6197	35.500	0.052001	supercritical
180.00	28.933	410.18	0.0024379	20.730	23.834	82.137	39.299	70.529	368.26	1.6169	35.527	0.052037	supercritical
180.00	28.967	410.63	0.0024353	20.726	23.830	82.120	39.301	70.543	368.43	1.6141	35.554	0.052072	supercritical
180.00	29.000	411.07	0.0024327	20.721	23.826	82.104	39.303	70.556	368.61	1.6114	35.582	0.052108	supercritical
180.00	29.033	411.51	0.0024301	20.717	23.823	82.088	39.305	70.569	368.79	1.6086	35.609	0.052144	supercritical
180.00	29.067	411.95	0.0024275	20.713	23.819	82.072	39.308	70.582	368.96	1.6059	35.637	0.052180	supercritical
180.00	29.100	412.39	0.0024249	20.709	23.815	82.056	39.310	70.595	369.14	1.6031	35.664	0.052215	supercritical
180.00	29.133	412.83	0.0024223	20.705	23.811	82.039	39.312	70.608	369.32	1.6004	35.691	0.052251	supercritical
180.00	29.167	413.26	0.0024198	20.701	23.807	82.023	39.314	70.621	369.50	1.5976	35.719	0.052287	supercritical
180.00	29.200	413.70	0.0024172	20.697	23.804	82.007	39.316	70.634	369.67	1.5949	35.746	0.052322	supercritical
180.00	29.233	414.14	0.0024146	20.693	23.800	81.991	39.318	70.646	369.85	1.5921	35.774	0.052358	supercritical
180.00	29.267	414.58	0.0024121	20.689	23.796	81.975	39.320	70.659	370.03	1.5894	35.801	0.052394	supercritical
180.00	29.300	415.02	0.0024095	20.685	23.792	81.959	39.322	70.672	370.21	1.5867	35.829	0.052429	supercritical
180.00	29.333	415.45	0.0024070	20.681	23.789	81.943	39.324	70.684	370.39	1.5840	35.856	0.052465	supercritical
180.00	29.367	415.89	0.0024045	20.677	23.785	81.927	39.326	70.697	370.57	1.5812	35.884	0.052501	supercritical
180.00	29.400	416.33	0.0024020	20.673	23.781	81.911	39.328	70.709	370.75	1.5785	35.911	0.052536	supercritical
180.00	29.433	416.76	0.0023995	20.669	23.778	81.895	39.330	70.721	370.92	1.5758	35.939	0.052572	supercritical
180.00	29.467	417.20	0.0023970	20.665	23.774	81.879	39.331	70.733	371.10	1.5731	35.966	0.052607	supercritical
180.00	29.500	417.63	0.0023945	20.661	23.770	81.863	39.333	70.746	371.28	1.5704	35.994	0.052643	supercritical
180.00	29.533	418.07	0.0023920	20.657	23.766	81.847	39.335	70.758	371.46	1.5677	36.022	0.052679	supercritical
180.00	29.567	418.50	0.0023895	20.653	23.763	81.831	39.337	70.770	371.64	1.5650	36.049	0.052714	supercritical
180.00	29.600	418.93	0.0023870	20.649	23.759	81.815	39.339	70.782	371.82	1.5623	36.077	0.052750	supercritical
180.00	29.633	419.37	0.0023845	20.646	23.755	81.799	39.341	70.794	372.00	1.5596	36.104	0.052785	supercritical
180.00	29.667	419.80	0.0023821	20.642	23.752	81.784	39.343	70.805	372.18	1.5569	36.132	0.052821	supercritical
180.00	29.700	420.23	0.0023796	20.638	23.748	81.768	39.345	70.817	372.36	1.5543	36.160	0.052856	supercritical
180.00	29.733	420.67	0.0023772	20.634	23.744	81.752	39.347	70.829	372.54	1.5516	36.187	0.052892	supercritical
180.00	29.767	421.10	0.0023747	20.630	23.741	81.736	39.349	70.840	372.73	1.5489	36.215	0.052928	supercritical
180.00	29.800	421.53	0.0023723	20.626	23.737	81.720	39.351	70.852	372.91	1.5462	36.243	0.052963	supercritical
180.00	29.833	421.96	0.0023699	20.622	23.733	81.705	39.353	70.863	373.09	1.5436	36.270	0.052999	supercritical
180.00	29.867	422.39	0.0023675	20.618	23.730	81.689	39.355	70.875	373.27	1.5409	36.298	0.053034	supercritical
180.00	29.900	422.82	0.0023651	20.614	23.726	81.673	39.356	70.886	373.45	1.5383	36.326	0.053070	supercritical
180.00	29.933	423.25	0.0023626	20.610	23.722	81.658	39.358	70.898	373.63	1.5356	36.353	0.053105	supercritical
180.00	29.967	423.68	0.0023602	20.606	23.719	81.642	39.360	70.909	373.81	1.5329	36.381	0.053141	supercritical
180.00	30.000	424.11	0.0023579	20.602	23.715	81.626	39.362	70.920	374.00	1.5303	36.409	0.053176	supercritical
