Temperature (C)	Pressure (MPa)	Density (kg/m3)	Volume (m3/kg)	Internal Energy (kJ/mol)	Enthalpy (kJ/mol)	Entropy (J/mol*K)	Cv (J/mol*K)	Cp (J/mol*K)	Sound Spd. (m/s)	Joule-Thomson (K/MPa)	Viscosity (uPa*s)	Therm. Cond. (W/m*K)	Phase
190.00	10.000	126.01	0.0079359	23.818	27.311	97.301	36.980	52.253	320.98	3.2400	24.483	0.034729	supercritical
190.00	10.033	126.47	0.0079072	23.814	27.305	97.264	36.986	52.287	320.98	3.2376	24.493	0.034749	supercritical
190.00	10.067	126.92	0.0078787	23.809	27.300	97.227	36.991	52.321	320.98	3.2352	24.504	0.034769	supercritical
190.00	10.100	127.38	0.0078504	23.804	27.294	97.189	36.997	52.355	320.99	3.2329	24.514	0.034790	supercritical
190.00	10.133	127.84	0.0078223	23.800	27.288	97.152	37.003	52.389	320.99	3.2305	24.524	0.034810	supercritical
190.00	10.167	128.30	0.0077944	23.795	27.283	97.116	37.009	52.423	320.99	3.2281	24.535	0.034831	supercritical
190.00	10.200	128.76	0.0077666	23.791	27.277	97.079	37.015	52.457	321.00	3.2257	24.545	0.034851	supercritical
190.00	10.233	129.21	0.0077390	23.786	27.271	97.042	37.020	52.491	321.00	3.2234	24.556	0.034872	supercritical
190.00	10.267	129.67	0.0077117	23.781	27.266	97.005	37.026	52.525	321.01	3.2210	24.566	0.034892	supercritical
190.00	10.300	130.13	0.0076845	23.777	27.260	96.969	37.032	52.559	321.01	3.2186	24.576	0.034913	supercritical
190.00	10.333	130.59	0.0076574	23.772	27.254	96.932	37.038	52.593	321.02	3.2162	24.587	0.034933	supercritical
190.00	10.367	131.05	0.0076306	23.767	27.249	96.896	37.043	52.628	321.02	3.2138	24.597	0.034954	supercritical
190.00	10.400	131.51	0.0076039	23.763	27.243	96.860	37.049	52.662	321.03	3.2114	24.608	0.034975	supercritical
190.00	10.433	131.97	0.0075774	23.758	27.238	96.823	37.055	52.696	321.03	3.2089	24.619	0.034995	supercritical
190.00	10.467	132.43	0.0075511	23.754	27.232	96.787	37.061	52.730	321.04	3.2065	24.629	0.035016	supercritical
190.00	10.500	132.89	0.0075250	23.749	27.226	96.751	37.067	52.764	321.05	3.2041	24.640	0.035037	supercritical
190.00	10.533	133.35	0.0074990	23.744	27.221	96.715	37.072	52.799	321.05	3.2017	24.651	0.035058	supercritical
190.00	10.567	133.81	0.0074732	23.740	27.215	96.679	37.078	52.833	321.06	3.1993	24.661	0.035078	supercritical
190.00	10.600	134.27	0.0074475	23.735	27.209	96.644	37.084	52.867	321.07	3.1968	24.672	0.035099	supercritical
190.00	10.633	134.73	0.0074220	23.730	27.204	96.608	37.090	52.902	321.07	3.1944	24.683	0.035120	supercritical
190.00	10.667	135.20	0.0073967	23.726	27.198	96.572	37.095	52.936	321.08	3.1919	24.693	0.035141	supercritical
190.00	10.700	135.66	0.0073715	23.721	27.192	96.537	37.101	52.970	321.09	3.1895	24.704	0.035162	supercritical
190.00	10.733	136.12	0.0073465	23.717	27.187	96.501	37.107	53.005	321.10	3.1870	24.715	0.035183	supercritical
190.00	10.767	136.58	0.0073217	23.712	27.181	96.466	37.112	53.039	321.11	3.1846	24.726	0.035204	supercritical
190.00	10.800	137.04	0.0072970	23.707	27.176	96.431	37.118	53.074	321.11	3.1821	24.737	0.035225	supercritical
190.00	10.833	137.51	0.0072725	23.703	27.170	96.395	37.124	53.108	321.12	3.1797	24.748	0.035246	supercritical
190.00	10.867	137.97	0.0072481	23.698	27.164	96.360	37.130	53.142	321.13	3.1772	24.759	0.035268	supercritical
190.00	10.900	138.43	0.0072238	23.693	27.159	96.325	37.135	53.177	321.14	3.1747	24.770	0.035289	supercritical
190.00	10.933	138.89	0.0071998	23.689	27.153	96.290	37.141	53.211	321.15	3.1723	24.781	0.035310	supercritical
190.00	10.967	139.36	0.0071758	23.684	27.147	96.255	37.147	53.246	321.16	3.1698	24.792	0.035331	supercritical
190.00	11.000	139.82	0.0071521	23.679	27.142	96.220	37.152	53.280	321.17	3.1673	24.803	0.035352	supercritical
190.00	11.033	140.28	0.0071284	23.675	27.136	96.186	37.158	53.315	321.18	3.1648	24.814	0.035374	supercritical
190.00	11.067	140.75	0.0071049	23.670	27.131	96.151	37.164	53.349	321.19	3.1623	24.825	0.035395	supercritical
190.00	11.100	141.21	0.0070816	23.666	27.125	96.116	37.170	53.384	321.20	3.1598	24.836	0.035416	supercritical
190.00	11.133	141.68	0.0070584	23.661	27.119	96.082	37.175	53.419	321.21	3.1573	24.847	0.035438	supercritical
190.00	11.167	142.14	0.0070353	23.656	27.114	96.047	37.181	53.453	321.23	3.1548	24.858	0.035459	supercritical
190.00	11.200	142.60	0.0070124	23.652	27.108	96.013	37.187	53.488	321.24	3.1523	24.869	0.035481	supercritical
190.00	11.233	143.07	0.0069896	23.647	27.102	95.979	37.192	53.522	321.25	3.1498	24.881	0.035502	supercritical
190.00	11.267	143.53	0.0069670	23.642	27.097	95.944	37.198	53.557	321.26	3.1473	24.892	0.035524	supercritical
190.00	11.300	144.00	0.0069445	23.638	27.091	95.910	37.204	53.592	321.27	3.1448	24.903	0.035545	supercritical
190.00	11.333	144.46	0.0069221	23.633	27.086	95.876	37.209	53.626	321.29	3.1422	24.914	0.035567	supercritical
190.00	11.367	144.93	0.0068999	23.628	27.080	95.842	37.215	53.661	321.30	3.1397	24.926	0.035589	supercritical
190.00	11.400	145.40	0.0068778	23.624	27.074	95.808	37.221	53.696	321.31	3.1372	24.937	0.035610	supercritical
190.00	11.433	145.86	0.0068558	23.619	27.069	95.774	37.226	53.731	321.33	3.1346	24.949	0.035632	supercritical
190.00	11.467	146.33	0.0068340	23.614	27.063	95.740	37.232	53.765	321.34	3.1321	24.960	0.035654	supercritical
190.00	11.500	146.79	0.0068123	23.610	27.058	95.707	37.238	53.800	321.35	3.1295	24.971	0.035676	supercritical
190.00	11.533	147.26	0.0067907	23.605	27.052	95.673	37.243	53.835	321.37	3.1270	24.983	0.035698	supercritical
190.00	11.567	147.73	0.0067693	23.600	27.046	95.640	37.249	53.870	321.38	3.1244	24.994	0.035719	supercritical
190.00	11.600	148.19	0.0067479	23.596	27.041	95.606	37.254	53.904	321.40	3.1219	25.006	0.035741	supercritical
190.00	11.633	148.66	0.0067267	23.591	27.035	95.573	37.260	53.939	321.41	3.1193	25.017	0.035763	supercritical
190.00	11.667	149.13	0.0067057	23.586	27.029	95.539	37.266	53.974	321.43	3.1168	25.029	0.035785	supercritical
190.00	11.700	149.59	0.0066847	23.582	27.024	95.506	37.271	54.009	321.44	3.1142	25.041	0.035807	supercritical
190.00	11.733	150.06	0.0066639	23.577	27.018	95.473	37.277	54.044	321.46	3.1116	25.052	0.035829	supercritical
190.00	11.767	150.53	0.0066432	23.572	27.013	95.439	37.283	54.079	321.48	3.1090	25.064	0.035851	supercritical
190.00	11.800	151.00	0.0066226	23.568	27.007	95.406	37.288	54.113	321.49	3.1065	25.076	0.035873	supercritical
190.00	11.833	151.47	0.0066021	23.563	27.001	95.373	37.294	54.148	321.51	3.1039	25.087	0.035896	supercritical
190.00	11.867	151.93	0.0065818	23.559	26.996	95.340	37.299	54.183	321.53	3.1013	25.099	0.035918	supercritical
190.00	11.900	152.40	0.0065615	23.554	26.990	95.307	37.305	54.218	321.54	3.0987	25.111	0.035940	supercritical
190.00	11.933	152.87	0.0065414	23.549	26.985	95.275	37.310	54.253	321.56	3.0961	25.123	0.035962	supercritical
190.00	11.967	153.34	0.0065214	23.545	26.979	95.242	37.316	54.288	321.58	3.0935	25.135	0.035985	supercritical
190.00	12.000	153.81	0.0065015	23.540	26.973	95.209	37.322	54.323	321.60	3.0909	25.147	0.036007	supercritical
190.00	12.033	154.28	0.0064818	23.535	26.968	95.176	37.327	54.358	321.61	3.0883	25.158	0.036029	supercritical
190.00	12.067	154.75	0.0064621	23.531	26.962	95.144	37.333	54.393	321.63	3.0857	25.170	0.036052	supercritical
190.00	12.100	155.22	0.0064426	23.526	26.957	95.111	37.338	54.428	321.65	3.0831	25.182	0.036074	supercritical
190.00	12.133	155.69	0.0064231	23.521	26.951	95.079	37.344	54.463	321.67	3.0804	25.194	0.036096	supercritical
190.00	12.167	156.16	0.0064038	23.517	26.945	95.046	37.349	54.498	321.69	3.0778	25.206	0.036119	supercritical
190.00	12.200	156.63	0.0063846	23.512	26.940	95.014	37.355	54.533	321.71	3.0752	25.218	0.036141	supercritical
190.00	12.233	157.10	0.0063655	23.507	26.934	94.982	37.361	54.568	321.73	3.0726	25.230	0.036164	supercritical
190.00	12.267	157.57	0.0063465	23.503	26.929	94.950	37.366	54.603	321.75	3.0699	25.242	0.036187	supercritical
190.00	12.300	158.04	0.0063276	23.498	26.923	94.918	37.372	54.638	321.77	3.0673	25.255	0.036209	supercritical
190.00	12.333	158.51	0.0063088	23.493	26.918	94.885	37.377	54.673	321.79	3.0647	25.267	0.036232	supercritical
190.00	12.367	158.98	0.0062901	23.489	26.912	94.853	37.383	54.708	321.81	3.0620	25.279	0.036255	supercritical
190.00	12.400	159.45	0.0062715	23.484	26.906	94.822	37.388	54.743	321.83	3.0594	25.291	0.036277	supercritical
190.00	12.433	159.92	0.0062530	23.479	26.901	94.790	37.394	54.778	321.85	3.0567	25.303	0.036300	supercritical
190.00	12.467	160.39	0.0062346	23.475	26.895	94.758	37.399	54.813	321.88	3.0540	25.316	0.036323	supercritical
190.00	12.500	160.87	0.0062164	23.470	26.890	94.726	37.405	54.848	321.90	3.0514	25.328	0.036346	supercritical
190.00	12.533	161.34	0.0061982	23.465	26.884	94.694	37.410	54.883	321.92	3.0487	25.340	0.036369	supercritical
190.00	12.567	161.81	0.0061801	23.461	26.878	94.663	37.416	54.918	321.94	3.0461	25.353	0.036392	supercritical
190.00	12.600	162.28	0.0061621	23.456	26.873	94.631	37.421	54.953	321.97	3.0434	25.365	0.036415	supercritical
190.00	12.633	162.75	0.0061442	23.451	26.867	94.600	37.427	54.988	321.99	3.0407	25.377	0.036438	supercritical
190.00	12.667	163.23	0.0061265	23.447	26.862	94.568	37.432	55.023	322.01	3.0380	25.390	0.036461	supercritical
190.00	12.700	163.70	0.0061088	23.442	26.856	94.537	37.438	55.058	322.04	3.0353	25.402	0.036484	supercritical
190.00	12.733	164.17	0.0060912	23.437	26.851	94.505	37.443	55.094	322.06	3.0327	25.415	0.036507	supercritical
190.00	12.767	164.64	0.0060737	23.433	26.845	94.474	37.449	55.129	322.09	3.0300	25.427	0.036530	supercritical
190.00	12.800	165.12	0.0060563	23.428	26.839	94.443	37.454	55.164	322.11	3.0273	25.440	0.036553	supercritical
190.00	12.833	165.59	0.0060390	23.423	26.834	94.412	37.460	55.199	322.13	3.0246	25.453	0.036576	supercritical
190.00	12.867	166.06	0.0060217	23.418	26.828	94.381	37.465	55.234	322.16	3.0219	25.465	0.036599	supercritical
190.00	12.900	166.54	0.0060046	23.414	26.823	94.350	37.470	55.269	322.19	3.0192	25.478	0.036623	supercritical
190.00	12.933	167.01	0.0059876	23.409	26.817	94.319	37.476	55.304	322.21	3.0165	25.491	0.036646	supercritical
190.00	12.967	167.49	0.0059707	23.404	26.812	94.288	37.481	55.339	322.24	3.0137	25.503	0.036669	supercritical
190.00	13.000	167.96	0.0059538	23.400	26.806	94.257	37.487	55.375	322.26	3.0110	25.516	0.036693	supercritical
190.00	13.033	168.43	0.0059370	23.395	26.801	94.226	37.492	55.410	322.29	3.0083	25.529	0.036716	supercritical
190.00	13.067	168.91	0.0059204	23.390	26.795	94.195	37.498	55.445	322.32	3.0056	25.542	0.036740	supercritical
190.00	13.100	169.38	0.0059038	23.386	26.789	94.164	37.503	55.480	322.34	3.0029	25.554	0.036763	supercritical
190.00	13.133	169.86	0.0058873	23.381	26.784	94.134	37.508	55.515	322.37	3.0001	25.567	0.036787	supercritical
190.00	13.167	170.33	0.0058709	23.376	26.778	94.103	37.514	55.550	322.40	2.9974	25.580	0.036810	supercritical
190.00	13.200	170.81	0.0058545	23.372	26.773	94.073	37.519	55.586	322.43	2.9947	25.593	0.036834	supercritical
190.00	13.233	171.28	0.0058383	23.367	26.767	94.042	37.525	55.621	322.46	2.9919	25.606	0.036857	supercritical
190.00	13.267	171.76	0.0058222	23.362	26.762	94.012	37.530	55.656	322.48	2.9892	25.619	0.036881	supercritical
190.00	13.300	172.23	0.0058061	23.358	26.756	93.981	37.535	55.691	322.51	2.9864	25.632	0.036905	supercritical
190.00	13.333	172.71	0.0057901	23.353	26.751	93.951	37.541	55.726	322.54	2.9837	25.645	0.036928	supercritical
190.00	13.367	173.18	0.0057742	23.348	26.745	93.921	37.546	55.761	322.57	2.9809	25.658	0.036952	supercritical
190.00	13.400	173.66	0.0057584	23.344	26.740	93.890	37.551	55.797	322.60	2.9782	25.671	0.036976	supercritical
190.00	13.433	174.14	0.0057426	23.339	26.734	93.860	37.557	55.832	322.63	2.9754	25.684	0.037000	supercritical
190.00	13.467	174.61	0.0057270	23.334	26.728	93.830	37.562	55.867	322.66	2.9726	25.697	0.037024	supercritical
190.00	13.500	175.09	0.0057114	23.330	26.723	93.800	37.568	55.902	322.69	2.9699	25.711	0.037048	supercritical
190.00	13.533	175.57	0.0056959	23.325	26.717	93.770	37.573	55.937	322.72	2.9671	25.724	0.037071	supercritical
190.00	13.567	176.04	0.0056805	23.320	26.712	93.740	37.578	55.972	322.76	2.9643	25.737	0.037095	supercritical
190.00	13.600	176.52	0.0056651	23.316	26.706	93.710	37.584	56.008	322.79	2.9615	25.750	0.037119	supercritical
190.00	13.633	177.00	0.0056499	23.311	26.701	93.680	37.589	56.043	322.82	2.9588	25.764	0.037143	supercritical
190.00	13.667	177.47	0.0056347	23.306	26.695	93.650	37.594	56.078	322.85	2.9560	25.777	0.037168	supercritical
190.00	13.700	177.95	0.0056196	23.302	26.690	93.621	37.600	56.113	322.88	2.9532	25.790	0.037192	supercritical
190.00	13.733	178.43	0.0056046	23.297	26.684	93.591	37.605	56.148	322.92	2.9504	25.804	0.037216	supercritical
190.00	13.767	178.90	0.0055896	23.292	26.679	93.561	37.610	56.184	322.95	2.9476	25.817	0.037240	supercritical
190.00	13.800	179.38	0.0055747	23.287	26.673	93.532	37.615	56.219	322.98	2.9448	25.831	0.037264	supercritical
190.00	13.833	179.86	0.0055599	23.283	26.668	93.502	37.621	56.254	323.02	2.9420	25.844	0.037289	supercritical
190.00	13.867	180.34	0.0055452	23.278	26.662	93.473	37.626	56.289	323.05	2.9392	25.857	0.037313	supercritical
190.00	13.900	180.81	0.0055305	23.273	26.657	93.443	37.631	56.324	323.08	2.9364	25.871	0.037337	supercritical
190.00	13.933	181.29	0.0055159	23.269	26.651	93.414	37.637	56.359	323.12	2.9336	25.885	0.037361	supercritical
190.00	13.967	181.77	0.0055014	23.264	26.646	93.385	37.642	56.395	323.15	2.9308	25.898	0.037386	supercritical
190.00	14.000	182.25	0.0054870	23.259	26.640	93.355	37.647	56.430	323.19	2.9280	25.912	0.037410	supercritical
190.00	14.033	182.73	0.0054726	23.255	26.635	93.326	37.652	56.465	323.22	2.9251	25.925	0.037435	supercritical
190.00	14.067	183.21	0.0054583	23.250	26.629	93.297	37.658	56.500	323.26	2.9223	25.939	0.037459	supercritical
190.00	14.100	183.68	0.0054441	23.245	26.624	93.268	37.663	56.535	323.29	2.9195	25.953	0.037484	supercritical
190.00	14.133	184.16	0.0054300	23.241	26.618	93.239	37.668	56.570	323.33	2.9167	25.967	0.037508	supercritical
190.00	14.167	184.64	0.0054159	23.236	26.613	93.210	37.673	56.605	323.37	2.9138	25.980	0.037533	supercritical
190.00	14.200	185.12	0.0054019	23.231	26.607	93.181	37.679	56.641	323.40	2.9110	25.994	0.037558	supercritical
190.00	14.233	185.60	0.0053879	23.227	26.602	93.152	37.684	56.676	323.44	2.9082	26.008	0.037582	supercritical
190.00	14.267	186.08	0.0053740	23.222	26.596	93.123	37.689	56.711	323.48	2.9053	26.022	0.037607	supercritical
190.00	14.300	186.56	0.0053602	23.217	26.591	93.094	37.694	56.746	323.52	2.9025	26.036	0.037632	supercritical
190.00	14.333	187.04	0.0053465	23.213	26.585	93.065	37.700	56.781	323.55	2.8996	26.050	0.037657	supercritical
190.00	14.367	187.52	0.0053328	23.208	26.580	93.036	37.705	56.816	323.59	2.8968	26.064	0.037681	supercritical
190.00	14.400	188.00	0.0053192	23.203	26.574	93.008	37.710	56.851	323.63	2.8939	26.078	0.037706	supercritical
190.00	14.433	188.48	0.0053057	23.198	26.569	92.979	37.715	56.886	323.67	2.8911	26.092	0.037731	supercritical
190.00	14.467	188.96	0.0052922	23.194	26.563	92.950	37.720	56.921	323.71	2.8882	26.106	0.037756	supercritical
190.00	14.500	189.44	0.0052788	23.189	26.558	92.922	37.725	56.956	323.75	2.8853	26.120	0.037781	supercritical
190.00	14.533	189.92	0.0052654	23.184	26.552	92.893	37.731	56.991	323.79	2.8825	26.134	0.037806	supercritical
190.00	14.567	190.40	0.0052521	23.180	26.547	92.865	37.736	57.027	323.83	2.8796	26.148	0.037831	supercritical
190.00	14.600	190.88	0.0052389	23.175	26.541	92.836	37.741	57.062	323.87	2.8767	26.162	0.037856	supercritical
190.00	14.633	191.36	0.0052258	23.170	26.536	92.808	37.746	57.097	323.91	2.8739	26.177	0.037881	supercritical
190.00	14.667	191.84	0.0052127	23.166	26.530	92.780	37.751	57.132	323.95	2.8710	26.191	0.037906	supercritical
190.00	14.700	192.32	0.0051996	23.161	26.525	92.751	37.756	57.167	323.99	2.8681	26.205	0.037932	supercritical
190.00	14.733	192.80	0.0051867	23.156	26.519	92.723	37.762	57.202	324.03	2.8652	26.219	0.037957	supercritical
190.00	14.767	193.28	0.0051738	23.152	26.514	92.695	37.767	57.237	324.08	2.8623	26.234	0.037982	supercritical
190.00	14.800	193.76	0.0051609	23.147	26.508	92.667	37.772	57.272	324.12	2.8594	26.248	0.038007	supercritical
190.00	14.833	194.24	0.0051481	23.142	26.503	92.639	37.777	57.307	324.16	2.8566	26.262	0.038033	supercritical
190.00	14.867	194.73	0.0051354	23.138	26.498	92.610	37.782	57.342	324.20	2.8537	26.277	0.038058	supercritical
190.00	14.900	195.21	0.0051228	23.133	26.492	92.582	37.787	57.377	324.25	2.8508	26.291	0.038083	supercritical
190.00	14.933	195.69	0.0051101	23.128	26.487	92.554	37.792	57.412	324.29	2.8479	26.306	0.038109	supercritical
190.00	14.967	196.17	0.0050976	23.124	26.481	92.527	37.797	57.447	324.33	2.8450	26.320	0.038134	supercritical
190.00	15.000	196.65	0.0050851	23.119	26.476	92.499	37.802	57.482	324.38	2.8421	26.335	0.038160	supercritical
190.00	15.033	197.13	0.0050727	23.114	26.470	92.471	37.808	57.516	324.42	2.8392	26.349	0.038185	supercritical
190.00	15.067	197.62	0.0050603	23.109	26.465	92.443	37.813	57.551	324.47	2.8362	26.364	0.038211	supercritical
190.00	15.100	198.10	0.0050480	23.105	26.459	92.415	37.818	57.586	324.51	2.8333	26.379	0.038236	supercritical
190.00	15.133	198.58	0.0050358	23.100	26.454	92.388	37.823	57.621	324.56	2.8304	26.393	0.038262	supercritical
190.00	15.167	199.06	0.0050236	23.095	26.449	92.360	37.828	57.656	324.60	2.8275	26.408	0.038288	supercritical
190.00	15.200	199.54	0.0050114	23.091	26.443	92.332	37.833	57.691	324.65	2.8246	26.423	0.038313	supercritical
190.00	15.233	200.03	0.0049993	23.086	26.438	92.305	37.838	57.726	324.70	2.8217	26.438	0.038339	supercritical
190.00	15.267	200.51	0.0049873	23.081	26.432	92.277	37.843	57.761	324.74	2.8187	26.452	0.038365	supercritical
190.00	15.300	200.99	0.0049753	23.077	26.427	92.250	37.848	57.795	324.79	2.8158	26.467	0.038391	supercritical
190.00	15.333	201.47	0.0049634	23.072	26.421	92.222	37.853	57.830	324.84	2.8129	26.482	0.038417	supercritical
190.00	15.367	201.96	0.0049516	23.067	26.416	92.195	37.858	57.865	324.88	2.8099	26.497	0.038443	supercritical
190.00	15.400	202.44	0.0049398	23.063	26.411	92.167	37.863	57.900	324.93	2.8070	26.512	0.038468	supercritical
190.00	15.433	202.92	0.0049280	23.058	26.405	92.140	37.868	57.935	324.98	2.8041	26.527	0.038494	supercritical
190.00	15.467	203.41	0.0049163	23.053	26.400	92.113	37.873	57.969	325.03	2.8011	26.542	0.038520	supercritical
190.00	15.500	203.89	0.0049047	23.049	26.394	92.086	37.878	58.004	325.08	2.7982	26.557	0.038546	supercritical
190.00	15.533	204.37	0.0048931	23.044	26.389	92.058	37.883	58.039	325.13	2.7952	26.572	0.038572	supercritical
190.00	15.567	204.85	0.0048815	23.039	26.384	92.031	37.888	58.074	325.17	2.7923	26.587	0.038598	supercritical
190.00	15.600	205.34	0.0048700	23.035	26.378	92.004	37.893	58.108	325.22	2.7893	26.602	0.038625	supercritical
190.00	15.633	205.82	0.0048586	23.030	26.373	91.977	37.898	58.143	325.27	2.7864	26.617	0.038651	supercritical
190.00	15.667	206.30	0.0048472	23.025	26.367	91.950	37.903	58.178	325.32	2.7834	26.632	0.038677	supercritical
190.00	15.700	206.79	0.0048359	23.021	26.362	91.923	37.908	58.212	325.38	2.7805	26.647	0.038703	supercritical
190.00	15.733	207.27	0.0048246	23.016	26.357	91.896	37.913	58.247	325.43	2.7775	26.663	0.038729	supercritical
190.00	15.767	207.75	0.0048134	23.011	26.351	91.869	37.918	58.282	325.48	2.7745	26.678	0.038756	supercritical
190.00	15.800	208.24	0.0048022	23.007	26.346	91.842	37.923	58.316	325.53	2.7716	26.693	0.038782	supercritical
190.00	15.833	208.72	0.0047911	23.002	26.340	91.815	37.928	58.351	325.58	2.7686	26.708	0.038808	supercritical
190.00	15.867	209.21	0.0047800	22.997	26.335	91.789	37.933	58.385	325.63	2.7656	26.724	0.038835	supercritical
190.00	15.900	209.69	0.0047689	22.993	26.330	91.762	37.937	58.420	325.69	2.7627	26.739	0.038861	supercritical
190.00	15.933	210.17	0.0047580	22.988	26.324	91.735	37.942	58.454	325.74	2.7597	26.755	0.038888	supercritical
190.00	15.967	210.66	0.0047470	22.983	26.319	91.709	37.947	58.489	325.79	2.7567	26.770	0.038914	supercritical
190.00	16.000	211.14	0.0047361	22.978	26.313	91.682	37.952	58.523	325.84	2.7537	26.785	0.038941	supercritical
190.00	16.033	211.63	0.0047253	22.974	26.308	91.655	37.957	58.558	325.90	2.7508	26.801	0.038967	supercritical
190.00	16.067	212.11	0.0047145	22.969	26.303	91.629	37.962	58.592	325.95	2.7478	26.817	0.038994	supercritical
190.00	16.100	212.59	0.0047038	22.964	26.297	91.602	37.967	58.627	326.01	2.7448	26.832	0.039020	supercritical
190.00	16.133	213.08	0.0046931	22.960	26.292	91.576	37.972	58.661	326.06	2.7418	26.848	0.039047	supercritical
190.00	16.167	213.56	0.0046824	22.955	26.287	91.549	37.977	58.695	326.12	2.7388	26.863	0.039074	supercritical
190.00	16.200	214.05	0.0046719	22.950	26.281	91.523	37.981	58.730	326.17	2.7358	26.879	0.039101	supercritical
190.00	16.233	214.53	0.0046613	22.946	26.276	91.497	37.986	58.764	326.23	2.7328	26.895	0.039127	supercritical
190.00	16.267	215.02	0.0046508	22.941	26.271	91.470	37.991	58.799	326.28	2.7298	26.910	0.039154	supercritical
190.00	16.300	215.50	0.0046403	22.936	26.265	91.444	37.996	58.833	326.34	2.7268	26.926	0.039181	supercritical
190.00	16.333	215.99	0.0046299	22.932	26.260	91.418	38.001	58.867	326.40	2.7238	26.942	0.039208	supercritical
190.00	16.367	216.47	0.0046196	22.927	26.255	91.392	38.006	58.901	326.45	2.7208	26.958	0.039235	supercritical
190.00	16.400	216.96	0.0046092	22.922	26.249	91.366	38.010	58.936	326.51	2.7178	26.974	0.039262	supercritical
190.00	16.433	217.44	0.0045990	22.918	26.244	91.340	38.015	58.970	326.57	2.7148	26.989	0.039289	supercritical
190.00	16.467	217.93	0.0045887	22.913	26.239	91.313	38.020	59.004	326.63	2.7118	27.005	0.039316	supercritical
190.00	16.500	218.41	0.0045785	22.908	26.233	91.287	38.025	59.038	326.68	2.7088	27.021	0.039343	supercritical
190.00	16.533	218.90	0.0045684	22.904	26.228	91.261	38.030	59.072	326.74	2.7058	27.037	0.039370	supercritical
190.00	16.567	219.38	0.0045583	22.899	26.223	91.235	38.034	59.107	326.80	2.7028	27.053	0.039397	supercritical
190.00	16.600	219.87	0.0045482	22.894	26.217	91.210	38.039	59.141	326.86	2.6998	27.069	0.039424	supercritical
190.00	16.633	220.35	0.0045382	22.890	26.212	91.184	38.044	59.175	326.92	2.6967	27.085	0.039451	supercritical
190.00	16.667	220.84	0.0045283	22.885	26.207	91.158	38.049	59.209	326.98	2.6937	27.101	0.039478	supercritical
190.00	16.700	221.32	0.0045183	22.880	26.201	91.132	38.053	59.243	327.04	2.6907	27.118	0.039505	supercritical
190.00	16.733	221.81	0.0045084	22.876	26.196	91.106	38.058	59.277	327.10	2.6877	27.134	0.039533	supercritical
190.00	16.767	222.29	0.0044986	22.871	26.191	91.081	38.063	59.311	327.16	2.6847	27.150	0.039560	supercritical
190.00	16.800	222.78	0.0044888	22.866	26.185	91.055	38.068	59.345	327.22	2.6816	27.166	0.039587	supercritical
190.00	16.833	223.26	0.0044790	22.862	26.180	91.029	38.072	59.379	327.28	2.6786	27.182	0.039615	supercritical
190.00	16.867	223.75	0.0044693	22.857	26.175	91.004	38.077	59.413	327.35	2.6756	27.199	0.039642	supercritical
190.00	16.900	224.23	0.0044597	22.853	26.169	90.978	38.082	59.447	327.41	2.6725	27.215	0.039670	supercritical
190.00	16.933	224.72	0.0044500	22.848	26.164	90.952	38.086	59.480	327.47	2.6695	27.231	0.039697	supercritical
190.00	16.967	225.20	0.0044404	22.843	26.159	90.927	38.091	59.514	327.53	2.6665	27.248	0.039724	supercritical
190.00	17.000	225.69	0.0044309	22.839	26.154	90.901	38.096	59.548	327.60	2.6634	27.264	0.039752	supercritical
190.00	17.033	226.17	0.0044214	22.834	26.148	90.876	38.101	59.582	327.66	2.6604	27.280	0.039780	supercritical
190.00	17.067	226.66	0.0044119	22.829	26.143	90.851	38.105	59.616	327.72	2.6574	27.297	0.039807	supercritical
190.00	17.100	227.15	0.0044025	22.825	26.138	90.825	38.110	59.649	327.79	2.6543	27.313	0.039835	supercritical
190.00	17.133	227.63	0.0043931	22.820	26.132	90.800	38.115	59.683	327.85	2.6513	27.330	0.039862	supercritical
190.00	17.167	228.12	0.0043837	22.815	26.127	90.775	38.119	59.717	327.91	2.6482	27.347	0.039890	supercritical
190.00	17.200	228.60	0.0043744	22.811	26.122	90.749	38.124	59.750	327.98	2.6452	27.363	0.039918	supercritical
190.00	17.233	229.09	0.0043651	22.806	26.117	90.724	38.128	59.784	328.04	2.6421	27.380	0.039946	supercritical
190.00	17.267	229.57	0.0043559	22.801	26.111	90.699	38.133	59.818	328.11	2.6391	27.396	0.039973	supercritical
190.00	17.300	230.06	0.0043467	22.797	26.106	90.674	38.138	59.851	328.18	2.6360	27.413	0.040001	supercritical
190.00	17.333	230.55	0.0043375	22.792	26.101	90.649	38.142	59.885	328.24	2.6330	27.430	0.040029	supercritical
190.00	17.367	231.03	0.0043284	22.787	26.096	90.624	38.147	59.918	328.31	2.6299	27.447	0.040057	supercritical
190.00	17.400	231.52	0.0043193	22.783	26.090	90.599	38.152	59.952	328.38	2.6269	27.463	0.040085	supercritical
190.00	17.433	232.00	0.0043103	22.778	26.085	90.574	38.156	59.985	328.44	2.6238	27.480	0.040113	supercritical
190.00	17.467	232.49	0.0043013	22.773	26.080	90.549	38.161	60.018	328.51	2.6208	27.497	0.040141	supercritical
190.00	17.500	232.97	0.0042923	22.769	26.075	90.524	38.165	60.052	328.58	2.6177	27.514	0.040169	supercritical
190.00	17.533	233.46	0.0042834	22.764	26.069	90.499	38.170	60.085	328.65	2.6146	27.531	0.040197	supercritical
190.00	17.567	233.95	0.0042745	22.760	26.064	90.474	38.175	60.118	328.71	2.6116	27.548	0.040225	supercritical
190.00	17.600	234.43	0.0042656	22.755	26.059	90.449	38.179	60.152	328.78	2.6085	27.565	0.040253	supercritical
190.00	17.633	234.92	0.0042568	22.750	26.054	90.424	38.184	60.185	328.85	2.6055	27.582	0.040281	supercritical
190.00	17.667	235.40	0.0042480	22.746	26.048	90.400	38.188	60.218	328.92	2.6024	27.599	0.040309	supercritical
190.00	17.700	235.89	0.0042393	22.741	26.043	90.375	38.193	60.251	328.99	2.5993	27.616	0.040337	supercritical
190.00	17.733	236.37	0.0042306	22.736	26.038	90.350	38.197	60.285	329.06	2.5963	27.633	0.040366	supercritical
190.00	17.767	236.86	0.0042219	22.732	26.033	90.326	38.202	60.318	329.13	2.5932	27.650	0.040394	supercritical
190.00	17.800	237.35	0.0042132	22.727	26.028	90.301	38.206	60.351	329.20	2.5901	27.667	0.040422	supercritical
190.00	17.833	237.83	0.0042046	22.722	26.022	90.276	38.211	60.384	329.27	2.5870	27.684	0.040450	supercritical
190.00	17.867	238.32	0.0041961	22.718	26.017	90.252	38.215	60.417	329.35	2.5840	27.701	0.040479	supercritical
190.00	17.900	238.80	0.0041875	22.713	26.012	90.227	38.220	60.450	329.42	2.5809	27.719	0.040507	supercritical
190.00	17.933	239.29	0.0041790	22.709	26.007	90.203	38.224	60.483	329.49	2.5778	27.736	0.040536	supercritical
190.00	17.967	239.78	0.0041706	22.704	26.002	90.179	38.229	60.516	329.56	2.5747	27.753	0.040564	supercritical
190.00	18.000	240.26	0.0041621	22.699	25.996	90.154	38.233	60.549	329.63	2.5717	27.771	0.040592	supercritical
190.00	18.033	240.75	0.0041537	22.695	25.991	90.130	38.238	60.581	329.71	2.5686	27.788	0.040621	supercritical
190.00	18.067	241.23	0.0041454	22.690	25.986	90.105	38.242	60.614	329.78	2.5655	27.805	0.040649	supercritical
190.00	18.100	241.72	0.0041370	22.685	25.981	90.081	38.247	60.647	329.85	2.5624	27.823	0.040678	supercritical
190.00	18.133	242.20	0.0041287	22.681	25.976	90.057	38.251	60.680	329.93	2.5593	27.840	0.040707	supercritical
190.00	18.167	242.69	0.0041205	22.676	25.970	90.033	38.256	60.713	330.00	2.5563	27.858	0.040735	supercritical
190.00	18.200	243.18	0.0041122	22.671	25.965	90.008	38.260	60.745	330.08	2.5532	27.875	0.040764	supercritical
190.00	18.233	243.66	0.0041040	22.667	25.960	89.984	38.264	60.778	330.15	2.5501	27.893	0.040793	supercritical
190.00	18.267	244.15	0.0040959	22.662	25.955	89.960	38.269	60.811	330.23	2.5470	27.910	0.040821	supercritical
190.00	18.300	244.63	0.0040877	22.658	25.950	89.936	38.273	60.843	330.30	2.5439	27.928	0.040850	supercritical
190.00	18.333	245.12	0.0040796	22.653	25.945	89.912	38.278	60.876	330.38	2.5408	27.946	0.040879	supercritical
190.00	18.367	245.60	0.0040716	22.648	25.940	89.888	38.282	60.908	330.45	2.5377	27.963	0.040908	supercritical
190.00	18.400	246.09	0.0040635	22.644	25.934	89.864	38.286	60.941	330.53	2.5347	27.981	0.040936	supercritical
190.00	18.433	246.58	0.0040555	22.639	25.929	89.840	38.291	60.973	330.61	2.5316	27.999	0.040965	supercritical
190.00	18.467	247.06	0.0040476	22.635	25.924	89.816	38.295	61.005	330.68	2.5285	28.016	0.040994	supercritical
190.00	18.500	247.55	0.0040396	22.630	25.919	89.792	38.299	61.038	330.76	2.5254	28.034	0.041023	supercritical
190.00	18.533	248.03	0.0040317	22.625	25.914	89.768	38.304	61.070	330.84	2.5223	28.052	0.041052	supercritical
190.00	18.567	248.52	0.0040238	22.621	25.909	89.744	38.308	61.102	330.92	2.5192	28.070	0.041081	supercritical
190.00	18.600	249.00	0.0040160	22.616	25.904	89.721	38.313	61.135	331.00	2.5161	28.088	0.041110	supercritical
190.00	18.633	249.49	0.0040082	22.611	25.898	89.697	38.317	61.167	331.08	2.5130	28.106	0.041139	supercritical
190.00	18.667	249.97	0.0040004	22.607	25.893	89.673	38.321	61.199	331.15	2.5099	28.124	0.041168	supercritical
190.00	18.700	250.46	0.0039926	22.602	25.888	89.649	38.325	61.231	331.23	2.5068	28.142	0.041197	supercritical
190.00	18.733	250.95	0.0039849	22.598	25.883	89.626	38.330	61.263	331.31	2.5037	28.160	0.041226	supercritical
190.00	18.767	251.43	0.0039772	22.593	25.878	89.602	38.334	61.295	331.39	2.5006	28.178	0.041255	supercritical
190.00	18.800	251.92	0.0039696	22.588	25.873	89.578	38.338	61.327	331.47	2.4975	28.196	0.041285	supercritical
190.00	18.833	252.40	0.0039619	22.584	25.868	89.555	38.343	61.359	331.56	2.4944	28.214	0.041314	supercritical
190.00	18.867	252.89	0.0039543	22.579	25.863	89.531	38.347	61.391	331.64	2.4913	28.232	0.041343	supercritical
190.00	18.900	253.37	0.0039468	22.575	25.858	89.508	38.351	61.423	331.72	2.4882	28.250	0.041372	supercritical
190.00	18.933	253.86	0.0039392	22.570	25.852	89.484	38.356	61.455	331.80	2.4851	28.268	0.041402	supercritical
190.00	18.967	254.34	0.0039317	22.565	25.847	89.461	38.360	61.487	331.88	2.4820	28.286	0.041431	supercritical
190.00	19.000	254.83	0.0039242	22.561	25.842	89.437	38.364	61.518	331.96	2.4789	28.305	0.041460	supercritical
190.00	19.033	255.31	0.0039168	22.556	25.837	89.414	38.368	61.550	332.05	2.4758	28.323	0.041490	supercritical
190.00	19.067	255.80	0.0039093	22.552	25.832	89.391	38.373	61.582	332.13	2.4727	28.341	0.041519	supercritical
190.00	19.100	256.28	0.0039019	22.547	25.827	89.367	38.377	61.613	332.21	2.4696	28.360	0.041548	supercritical
190.00	19.133	256.77	0.0038946	22.543	25.822	89.344	38.381	61.645	332.30	2.4665	28.378	0.041578	supercritical
190.00	19.167	257.25	0.0038872	22.538	25.817	89.321	38.385	61.676	332.38	2.4634	28.396	0.041607	supercritical
190.00	19.200	257.74	0.0038799	22.533	25.812	89.297	38.389	61.708	332.46	2.4603	28.415	0.041637	supercritical
190.00	19.233	258.22	0.0038726	22.529	25.807	89.274	38.394	61.739	332.55	2.4572	28.433	0.041667	supercritical
190.00	19.267	258.71	0.0038654	22.524	25.802	89.251	38.398	61.771	332.63	2.4541	28.452	0.041696	supercritical
190.00	19.300	259.19	0.0038582	22.520	25.797	89.228	38.402	61.802	332.72	2.4510	28.470	0.041726	supercritical
190.00	19.333	259.68	0.0038510	22.515	25.792	89.205	38.406	61.834	332.80	2.4479	28.489	0.041755	supercritical
190.00	19.367	260.16	0.0038438	22.510	25.787	89.182	38.410	61.865	332.89	2.4448	28.507	0.041785	supercritical
190.00	19.400	260.64	0.0038366	22.506	25.782	89.159	38.414	61.896	332.98	2.4417	28.526	0.041815	supercritical
190.00	19.433	261.13	0.0038295	22.501	25.776	89.136	38.419	61.927	333.06	2.4386	28.545	0.041844	supercritical
190.00	19.467	261.61	0.0038224	22.497	25.771	89.113	38.423	61.958	333.15	2.4354	28.563	0.041874	supercritical
190.00	19.500	262.10	0.0038154	22.492	25.766	89.090	38.427	61.990	333.24	2.4323	28.582	0.041904	supercritical
190.00	19.533	262.58	0.0038083	22.488	25.761	89.067	38.431	62.021	333.32	2.4292	28.601	0.041934	supercritical
190.00	19.567	263.07	0.0038013	22.483	25.756	89.044	38.435	62.052	333.41	2.4261	28.619	0.041963	supercritical
190.00	19.600	263.55	0.0037944	22.478	25.751	89.021	38.439	62.083	333.50	2.4230	28.638	0.041993	supercritical
190.00	19.633	264.03	0.0037874	22.474	25.746	88.998	38.443	62.114	333.59	2.4199	28.657	0.042023	supercritical
190.00	19.667	264.52	0.0037805	22.469	25.741	88.976	38.447	62.144	333.68	2.4168	28.676	0.042053	supercritical
190.00	19.700	265.00	0.0037736	22.465	25.736	88.953	38.452	62.175	333.77	2.4137	28.695	0.042083	supercritical
190.00	19.733	265.49	0.0037667	22.460	25.731	88.930	38.456	62.206	333.86	2.4106	28.714	0.042113	supercritical
190.00	19.767	265.97	0.0037598	22.456	25.726	88.907	38.460	62.237	333.95	2.4075	28.733	0.042143	supercritical
190.00	19.800	266.45	0.0037530	22.451	25.721	88.885	38.464	62.268	334.04	2.4044	28.752	0.042173	supercritical
190.00	19.833	266.94	0.0037462	22.446	25.716	88.862	38.468	62.298	334.13	2.4013	28.771	0.042203	supercritical
190.00	19.867	267.42	0.0037394	22.442	25.711	88.839	38.472	62.329	334.22	2.3981	28.790	0.042233	supercritical
190.00	19.900	267.90	0.0037327	22.437	25.706	88.817	38.476	62.359	334.31	2.3950	28.809	0.042263	supercritical
190.00	19.933	268.39	0.0037260	22.433	25.701	88.794	38.480	62.390	334.40	2.3919	28.828	0.042293	supercritical
190.00	19.967	268.87	0.0037193	22.428	25.696	88.772	38.484	62.420	334.49	2.3888	28.847	0.042323	supercritical
190.00	20.000	269.35	0.0037126	22.424	25.691	88.749	38.488	62.451	334.58	2.3857	28.866	0.042353	supercritical
190.00	20.033	269.84	0.0037060	22.419	25.687	88.727	38.492	62.481	334.68	2.3826	28.885	0.042384	supercritical
190.00	20.067	270.32	0.0036993	22.415	25.682	88.704	38.496	62.511	334.77	2.3795	28.904	0.042414	supercritical
190.00	20.100	270.80	0.0036927	22.410	25.677	88.682	38.500	62.542	334.86	2.3764	28.924	0.042444	supercritical
190.00	20.133	271.28	0.0036862	22.405	25.672	88.659	38.504	62.572	334.95	2.3733	28.943	0.042474	supercritical
190.00	20.167	271.77	0.0036796	22.401	25.667	88.637	38.508	62.602	335.05	2.3702	28.962	0.042505	supercritical
190.00	20.200	272.25	0.0036731	22.396	25.662	88.615	38.512	62.632	335.14	2.3671	28.981	0.042535	supercritical
190.00	20.233	272.73	0.0036666	22.392	25.657	88.593	38.516	62.662	335.24	2.3639	29.001	0.042565	supercritical
190.00	20.267	273.22	0.0036601	22.387	25.652	88.570	38.520	62.692	335.33	2.3608	29.020	0.042596	supercritical
190.00	20.300	273.70	0.0036537	22.383	25.647	88.548	38.524	62.722	335.43	2.3577	29.040	0.042626	supercritical
190.00	20.333	274.18	0.0036472	22.378	25.642	88.526	38.528	62.752	335.52	2.3546	29.059	0.042656	supercritical
190.00	20.367	274.66	0.0036408	22.374	25.637	88.504	38.532	62.782	335.62	2.3515	29.078	0.042687	supercritical
190.00	20.400	275.14	0.0036345	22.369	25.632	88.482	38.536	62.812	335.71	2.3484	29.098	0.042717	supercritical
190.00	20.433	275.63	0.0036281	22.365	25.627	88.459	38.540	62.842	335.81	2.3453	29.117	0.042748	supercritical
190.00	20.467	276.11	0.0036218	22.360	25.622	88.437	38.544	62.871	335.90	2.3422	29.137	0.042778	supercritical
190.00	20.500	276.59	0.0036155	22.356	25.617	88.415	38.547	62.901	336.00	2.3391	29.157	0.042809	supercritical
190.00	20.533	277.07	0.0036092	22.351	25.613	88.393	38.551	62.931	336.10	2.3360	29.176	0.042839	supercritical
190.00	20.567	277.55	0.0036029	22.347	25.608	88.371	38.555	62.960	336.20	2.3329	29.196	0.042870	supercritical
190.00	20.600	278.04	0.0035967	22.342	25.603	88.349	38.559	62.990	336.29	2.3298	29.216	0.042900	supercritical
190.00	20.633	278.52	0.0035904	22.338	25.598	88.327	38.563	63.019	336.39	2.3267	29.235	0.042931	supercritical
190.00	20.667	279.00	0.0035843	22.333	25.593	88.305	38.567	63.049	336.49	2.3236	29.255	0.042962	supercritical
190.00	20.700	279.48	0.0035781	22.328	25.588	88.284	38.571	63.078	336.59	2.3205	29.275	0.042992	supercritical
190.00	20.733	279.96	0.0035719	22.324	25.583	88.262	38.575	63.107	336.69	2.3174	29.294	0.043023	supercritical
190.00	20.767	280.44	0.0035658	22.319	25.578	88.240	38.578	63.137	336.79	2.3143	29.314	0.043054	supercritical
190.00	20.800	280.92	0.0035597	22.315	25.573	88.218	38.582	63.166	336.89	2.3112	29.334	0.043085	supercritical
190.00	20.833	281.40	0.0035536	22.310	25.569	88.196	38.586	63.195	336.99	2.3080	29.354	0.043115	supercritical
190.00	20.867	281.88	0.0035476	22.306	25.564	88.175	38.590	63.224	337.09	2.3049	29.374	0.043146	supercritical
190.00	20.900	282.36	0.0035415	22.301	25.559	88.153	38.594	63.253	337.19	2.3018	29.394	0.043177	supercritical
190.00	20.933	282.84	0.0035355	22.297	25.554	88.131	38.598	63.282	337.29	2.2987	29.414	0.043208	supercritical
190.00	20.967	283.33	0.0035295	22.292	25.549	88.110	38.601	63.311	337.39	2.2956	29.434	0.043239	supercritical
190.00	21.000	283.81	0.0035235	22.288	25.544	88.088	38.605	63.340	337.49	2.2925	29.454	0.043269	supercritical
190.00	21.033	284.29	0.0035176	22.283	25.540	88.066	38.609	63.369	337.59	2.2894	29.474	0.043300	supercritical
190.00	21.067	284.77	0.0035117	22.279	25.535	88.045	38.613	63.398	337.69	2.2863	29.494	0.043331	supercritical
190.00	21.100	285.25	0.0035058	22.274	25.530	88.023	38.616	63.427	337.80	2.2833	29.514	0.043362	supercritical
190.00	21.133	285.73	0.0034999	22.270	25.525	88.002	38.620	63.455	337.90	2.2802	29.534	0.043393	supercritical
190.00	21.167	286.20	0.0034940	22.265	25.520	87.980	38.624	63.484	338.00	2.2771	29.554	0.043424	supercritical
190.00	21.200	286.68	0.0034882	22.261	25.515	87.959	38.628	63.512	338.11	2.2740	29.574	0.043455	supercritical
190.00	21.233	287.16	0.0034823	22.256	25.511	87.937	38.631	63.541	338.21	2.2709	29.595	0.043486	supercritical
190.00	21.267	287.64	0.0034765	22.252	25.506	87.916	38.635	63.569	338.31	2.2678	29.615	0.043517	supercritical
190.00	21.300	288.12	0.0034708	22.247	25.501	87.895	38.639	63.598	338.42	2.2647	29.635	0.043548	supercritical
190.00	21.333	288.60	0.0034650	22.243	25.496	87.873	38.643	63.626	338.52	2.2616	29.655	0.043579	supercritical
190.00	21.367	289.08	0.0034593	22.239	25.491	87.852	38.646	63.654	338.63	2.2585	29.676	0.043611	supercritical
190.00	21.400	289.56	0.0034535	22.234	25.487	87.831	38.650	63.683	338.73	2.2554	29.696	0.043642	supercritical
190.00	21.433	290.04	0.0034478	22.230	25.482	87.809	38.654	63.711	338.84	2.2523	29.716	0.043673	supercritical
190.00	21.467	290.52	0.0034422	22.225	25.477	87.788	38.657	63.739	338.94	2.2492	29.737	0.043704	supercritical
190.00	21.500	290.99	0.0034365	22.221	25.472	87.767	38.661	63.767	339.05	2.2461	29.757	0.043735	supercritical
190.00	21.533	291.47	0.0034309	22.216	25.467	87.746	38.665	63.795	339.16	2.2430	29.778	0.043766	supercritical
190.00	21.567	291.95	0.0034252	22.212	25.463	87.725	38.668	63.823	339.26	2.2400	29.798	0.043798	supercritical
190.00	21.600	292.43	0.0034196	22.207	25.458	87.703	38.672	63.851	339.37	2.2369	29.819	0.043829	supercritical
190.00	21.633	292.91	0.0034141	22.203	25.453	87.682	38.676	63.879	339.48	2.2338	29.839	0.043860	supercritical
190.00	21.667	293.38	0.0034085	22.198	25.448	87.661	38.679	63.907	339.58	2.2307	29.860	0.043892	supercritical
190.00	21.700	293.86	0.0034030	22.194	25.444	87.640	38.683	63.934	339.69	2.2276	29.880	0.043923	supercritical
190.00	21.733	294.34	0.0033974	22.189	25.439	87.619	38.687	63.962	339.80	2.2245	29.901	0.043954	supercritical
190.00	21.767	294.82	0.0033919	22.185	25.434	87.598	38.690	63.990	339.91	2.2215	29.921	0.043986	supercritical
190.00	21.800	295.29	0.0033865	22.180	25.429	87.577	38.694	64.017	340.02	2.2184	29.942	0.044017	supercritical
190.00	21.833	295.77	0.0033810	22.176	25.425	87.556	38.697	64.045	340.13	2.2153	29.963	0.044048	supercritical
190.00	21.867	296.25	0.0033756	22.172	25.420	87.535	38.701	64.072	340.24	2.2122	29.984	0.044080	supercritical
190.00	21.900	296.72	0.0033701	22.167	25.415	87.515	38.705	64.100	340.35	2.2091	30.004	0.044111	supercritical
190.00	21.933	297.20	0.0033647	22.163	25.411	87.494	38.708	64.127	340.46	2.2061	30.025	0.044143	supercritical
190.00	21.967	297.68	0.0033594	22.158	25.406	87.473	38.712	64.154	340.57	2.2030	30.046	0.044174	supercritical
190.00	22.000	298.15	0.0033540	22.154	25.401	87.452	38.715	64.182	340.68	2.1999	30.067	0.044206	supercritical
190.00	22.033	298.63	0.0033486	22.149	25.396	87.431	38.719	64.209	340.79	2.1968	30.088	0.044237	supercritical
190.00	22.067	299.10	0.0033433	22.145	25.392	87.411	38.722	64.236	340.90	2.1938	30.108	0.044269	supercritical
190.00	22.100	299.58	0.0033380	22.140	25.387	87.390	38.726	64.263	341.01	2.1907	30.129	0.044300	supercritical
190.00	22.133	300.06	0.0033327	22.136	25.382	87.369	38.729	64.290	341.12	2.1876	30.150	0.044332	supercritical
190.00	22.167	300.53	0.0033274	22.132	25.378	87.348	38.733	64.317	341.24	2.1846	30.171	0.044363	supercritical
190.00	22.200	301.01	0.0033222	22.127	25.373	87.328	38.736	64.344	341.35	2.1815	30.192	0.044395	supercritical
190.00	22.233	301.48	0.0033170	22.123	25.368	87.307	38.740	64.371	341.46	2.1784	30.213	0.044427	supercritical
190.00	22.267	301.96	0.0033117	22.118	25.364	87.287	38.743	64.397	341.57	2.1754	30.234	0.044458	supercritical
190.00	22.300	302.43	0.0033065	22.114	25.359	87.266	38.747	64.424	341.69	2.1723	30.255	0.044490	supercritical
190.00	22.333	302.91	0.0033014	22.109	25.354	87.246	38.750	64.451	341.80	2.1692	30.276	0.044522	supercritical
190.00	22.367	303.38	0.0032962	22.105	25.350	87.225	38.754	64.477	341.92	2.1662	30.298	0.044553	supercritical
190.00	22.400	303.85	0.0032910	22.101	25.345	87.205	38.757	64.504	342.03	2.1631	30.319	0.044585	supercritical
190.00	22.433	304.33	0.0032859	22.096	25.340	87.184	38.761	64.530	342.14	2.1601	30.340	0.044617	supercritical
190.00	22.467	304.80	0.0032808	22.092	25.336	87.164	38.764	64.557	342.26	2.1570	30.361	0.044649	supercritical
190.00	22.500	305.28	0.0032757	22.087	25.331	87.143	38.768	64.583	342.37	2.1539	30.382	0.044680	supercritical
190.00	22.533	305.75	0.0032706	22.083	25.326	87.123	38.771	64.609	342.49	2.1509	30.404	0.044712	supercritical
190.00	22.567	306.22	0.0032656	22.079	25.322	87.103	38.775	64.636	342.61	2.1478	30.425	0.044744	supercritical
190.00	22.600	306.70	0.0032605	22.074	25.317	87.082	38.778	64.662	342.72	2.1448	30.446	0.044776	supercritical
190.00	22.633	307.17	0.0032555	22.070	25.313	87.062	38.781	64.688	342.84	2.1417	30.468	0.044808	supercritical
190.00	22.667	307.64	0.0032505	22.065	25.308	87.042	38.785	64.714	342.95	2.1387	30.489	0.044840	supercritical
190.00	22.700	308.12	0.0032455	22.061	25.303	87.021	38.788	64.740	343.07	2.1356	30.510	0.044872	supercritical
190.00	22.733	308.59	0.0032406	22.057	25.299	87.001	38.792	64.766	343.19	2.1326	30.532	0.044903	supercritical
190.00	22.767	309.06	0.0032356	22.052	25.294	86.981	38.795	64.792	343.31	2.1295	30.553	0.044935	supercritical
190.00	22.800	309.53	0.0032307	22.048	25.290	86.961	38.798	64.818	343.42	2.1265	30.575	0.044967	supercritical
190.00	22.833	310.01	0.0032258	22.043	25.285	86.941	38.802	64.843	343.54	2.1235	30.596	0.044999	supercritical
190.00	22.867	310.48	0.0032209	22.039	25.280	86.921	38.805	64.869	343.66	2.1204	30.618	0.045031	supercritical
190.00	22.900	310.95	0.0032160	22.035	25.276	86.900	38.809	64.895	343.78	2.1174	30.639	0.045063	supercritical
190.00	22.933	311.42	0.0032111	22.030	25.271	86.880	38.812	64.920	343.90	2.1143	30.661	0.045095	supercritical
190.00	22.967	311.89	0.0032062	22.026	25.267	86.860	38.815	64.946	344.02	2.1113	30.682	0.045127	supercritical
190.00	23.000	312.36	0.0032014	22.022	25.262	86.840	38.819	64.971	344.14	2.1083	30.704	0.045159	supercritical
190.00	23.033	312.83	0.0031966	22.017	25.257	86.820	38.822	64.996	344.26	2.1052	30.725	0.045191	supercritical
190.00	23.067	313.30	0.0031918	22.013	25.253	86.800	38.825	65.022	344.38	2.1022	30.747	0.045223	supercritical
190.00	23.100	313.78	0.0031870	22.008	25.248	86.780	38.829	65.047	344.50	2.0992	30.769	0.045255	supercritical
190.00	23.133	314.25	0.0031822	22.004	25.244	86.761	38.832	65.072	344.62	2.0962	30.791	0.045288	supercritical
190.00	23.167	314.72	0.0031775	22.000	25.239	86.741	38.835	65.097	344.74	2.0931	30.812	0.045320	supercritical
190.00	23.200	315.19	0.0031727	21.995	25.235	86.721	38.838	65.122	344.86	2.0901	30.834	0.045352	supercritical
190.00	23.233	315.66	0.0031680	21.991	25.230	86.701	38.842	65.148	344.98	2.0871	30.856	0.045384	supercritical
190.00	23.267	316.13	0.0031633	21.987	25.226	86.681	38.845	65.172	345.10	2.0841	30.878	0.045416	supercritical
190.00	23.300	316.59	0.0031586	21.982	25.221	86.661	38.848	65.197	345.23	2.0810	30.899	0.045448	supercritical
190.00	23.333	317.06	0.0031539	21.978	25.217	86.642	38.851	65.222	345.35	2.0780	30.921	0.045480	supercritical
190.00	23.367	317.53	0.0031493	21.974	25.212	86.622	38.855	65.247	345.47	2.0750	30.943	0.045513	supercritical
190.00	23.400	318.00	0.0031446	21.969	25.208	86.602	38.858	65.272	345.59	2.0720	30.965	0.045545	supercritical
190.00	23.433	318.47	0.0031400	21.965	25.203	86.583	38.861	65.296	345.72	2.0690	30.987	0.045577	supercritical
190.00	23.467	318.94	0.0031354	21.960	25.199	86.563	38.864	65.321	345.84	2.0660	31.009	0.045609	supercritical
190.00	23.500	319.41	0.0031308	21.956	25.194	86.543	38.868	65.345	345.97	2.0630	31.031	0.045642	supercritical
190.00	23.533	319.88	0.0031262	21.952	25.190	86.524	38.871	65.370	346.09	2.0600	31.053	0.045674	supercritical
190.00	23.567	320.34	0.0031216	21.947	25.185	86.504	38.874	65.394	346.21	2.0570	31.075	0.045706	supercritical
190.00	23.600	320.81	0.0031171	21.943	25.181	86.485	38.877	65.419	346.34	2.0539	31.097	0.045739	supercritical
190.00	23.633	321.28	0.0031126	21.939	25.176	86.465	38.880	65.443	346.46	2.0509	31.119	0.045771	supercritical
190.00	23.667	321.75	0.0031080	21.934	25.172	86.445	38.884	65.467	346.59	2.0479	31.141	0.045803	supercritical
190.00	23.700	322.21	0.0031035	21.930	25.167	86.426	38.887	65.491	346.71	2.0449	31.163	0.045836	supercritical
190.00	23.733	322.68	0.0030990	21.926	25.163	86.407	38.890	65.515	346.84	2.0420	31.185	0.045868	supercritical
190.00	23.767	323.15	0.0030946	21.922	25.158	86.387	38.893	65.539	346.97	2.0390	31.208	0.045900	supercritical
190.00	23.800	323.61	0.0030901	21.917	25.154	86.368	38.896	65.563	347.09	2.0360	31.230	0.045933	supercritical
190.00	23.833	324.08	0.0030857	21.913	25.149	86.348	38.899	65.587	347.22	2.0330	31.252	0.045965	supercritical
190.00	23.867	324.55	0.0030812	21.909	25.145	86.329	38.903	65.611	347.35	2.0300	31.274	0.045998	supercritical
190.00	23.900	325.01	0.0030768	21.904	25.141	86.310	38.906	65.635	347.47	2.0270	31.297	0.046030	supercritical
190.00	23.933	325.48	0.0030724	21.900	25.136	86.290	38.909	65.658	347.60	2.0240	31.319	0.046062	supercritical
190.00	23.967	325.94	0.0030680	21.896	25.132	86.271	38.912	65.682	347.73	2.0210	31.341	0.046095	supercritical
190.00	24.000	326.41	0.0030637	21.891	25.127	86.252	38.915	65.706	347.86	2.0181	31.364	0.046127	supercritical
190.00	24.033	326.87	0.0030593	21.887	25.123	86.233	38.918	65.729	347.99	2.0151	31.386	0.046160	supercritical
190.00	24.067	327.34	0.0030549	21.883	25.118	86.213	38.921	65.753	348.11	2.0121	31.408	0.046192	supercritical
190.00	24.100	327.80	0.0030506	21.878	25.114	86.194	38.924	65.776	348.24	2.0091	31.431	0.046225	supercritical
190.00	24.133	328.27	0.0030463	21.874	25.110	86.175	38.927	65.799	348.37	2.0062	31.453	0.046257	supercritical
190.00	24.167	328.73	0.0030420	21.870	25.105	86.156	38.931	65.823	348.50	2.0032	31.476	0.046290	supercritical
190.00	24.200	329.19	0.0030377	21.866	25.101	86.137	38.934	65.846	348.63	2.0002	31.498	0.046322	supercritical
190.00	24.233	329.66	0.0030334	21.861	25.096	86.118	38.937	65.869	348.76	1.9972	31.521	0.046355	supercritical
190.00	24.267	330.12	0.0030292	21.857	25.092	86.099	38.940	65.892	348.89	1.9943	31.543	0.046388	supercritical
190.00	24.300	330.59	0.0030249	21.853	25.088	86.080	38.943	65.915	349.02	1.9913	31.566	0.046420	supercritical
190.00	24.333	331.05	0.0030207	21.848	25.083	86.061	38.946	65.938	349.15	1.9884	31.588	0.046453	supercritical
190.00	24.367	331.51	0.0030165	21.844	25.079	86.042	38.949	65.961	349.28	1.9854	31.611	0.046485	supercritical
190.00	24.400	331.97	0.0030123	21.840	25.075	86.023	38.952	65.984	349.42	1.9824	31.633	0.046518	supercritical
190.00	24.433	332.44	0.0030081	21.836	25.070	86.004	38.955	66.006	349.55	1.9795	31.656	0.046551	supercritical
190.00	24.467	332.90	0.0030039	21.831	25.066	85.985	38.958	66.029	349.68	1.9765	31.679	0.046583	supercritical
190.00	24.500	333.36	0.0029998	21.827	25.062	85.966	38.961	66.052	349.81	1.9736	31.701	0.046616	supercritical
190.00	24.533	333.82	0.0029956	21.823	25.057	85.947	38.964	66.074	349.94	1.9706	31.724	0.046648	supercritical
190.00	24.567	334.28	0.0029915	21.819	25.053	85.928	38.967	66.097	350.08	1.9677	31.747	0.046681	supercritical
190.00	24.600	334.74	0.0029874	21.814	25.048	85.909	38.970	66.119	350.21	1.9648	31.770	0.046714	supercritical
190.00	24.633	335.21	0.0029832	21.810	25.044	85.890	38.973	66.141	350.34	1.9618	31.792	0.046747	supercritical
190.00	24.667	335.67	0.0029791	21.806	25.040	85.872	38.976	66.164	350.48	1.9589	31.815	0.046779	supercritical
190.00	24.700	336.13	0.0029751	21.802	25.036	85.853	38.979	66.186	350.61	1.9559	31.838	0.046812	supercritical
190.00	24.733	336.59	0.0029710	21.797	25.031	85.834	38.982	66.208	350.74	1.9530	31.861	0.046845	supercritical
190.00	24.767	337.05	0.0029669	21.793	25.027	85.815	38.985	66.230	350.88	1.9501	31.884	0.046877	supercritical
190.00	24.800	337.51	0.0029629	21.789	25.023	85.797	38.988	66.252	351.01	1.9471	31.906	0.046910	supercritical
190.00	24.833	337.97	0.0029589	21.785	25.018	85.778	38.990	66.274	351.15	1.9442	31.929	0.046943	supercritical
190.00	24.867	338.43	0.0029549	21.780	25.014	85.760	38.993	66.296	351.28	1.9413	31.952	0.046976	supercritical
190.00	24.900	338.89	0.0029508	21.776	25.010	85.741	38.996	66.318	351.42	1.9384	31.975	0.047008	supercritical
190.00	24.933	339.34	0.0029469	21.772	25.005	85.722	38.999	66.340	351.55	1.9355	31.998	0.047041	supercritical
190.00	24.967	339.80	0.0029429	21.768	25.001	85.704	39.002	66.362	351.69	1.9325	32.021	0.047074	supercritical
190.00	25.000	340.26	0.0029389	21.763	24.997	85.685	39.005	66.383	351.82	1.9296	32.044	0.047107	supercritical
190.00	25.033	340.72	0.0029350	21.759	24.993	85.667	39.008	66.405	351.96	1.9267	32.067	0.047140	supercritical
190.00	25.067	341.18	0.0029310	21.755	24.988	85.648	39.011	66.426	352.10	1.9238	32.090	0.047172	supercritical
190.00	25.100	341.64	0.0029271	21.751	24.984	85.630	39.014	66.448	352.23	1.9209	32.113	0.047205	supercritical
190.00	25.133	342.09	0.0029232	21.746	24.980	85.611	39.016	66.469	352.37	1.9180	32.136	0.047238	supercritical
190.00	25.167	342.55	0.0029193	21.742	24.976	85.593	39.019	66.491	352.51	1.9151	32.160	0.047271	supercritical
190.00	25.200	343.01	0.0029154	21.738	24.971	85.574	39.022	66.512	352.65	1.9122	32.183	0.047304	supercritical
190.00	25.233	343.46	0.0029115	21.734	24.967	85.556	39.025	66.533	352.78	1.9093	32.206	0.047337	supercritical
190.00	25.267	343.92	0.0029077	21.730	24.963	85.538	39.028	66.554	352.92	1.9064	32.229	0.047370	supercritical
190.00	25.300	344.38	0.0029038	21.725	24.959	85.519	39.031	66.575	353.06	1.9035	32.252	0.047402	supercritical
190.00	25.333	344.83	0.0029000	21.721	24.954	85.501	39.034	66.596	353.20	1.9006	32.275	0.047435	supercritical
190.00	25.367	345.29	0.0028961	21.717	24.950	85.483	39.036	66.617	353.34	1.8977	32.299	0.047468	supercritical
190.00	25.400	345.74	0.0028923	21.713	24.946	85.465	39.039	66.638	353.48	1.8948	32.322	0.047501	supercritical
190.00	25.433	346.20	0.0028885	21.709	24.942	85.446	39.042	66.659	353.62	1.8919	32.345	0.047534	supercritical
190.00	25.467	346.65	0.0028847	21.704	24.938	85.428	39.045	66.680	353.76	1.8891	32.369	0.047567	supercritical
190.00	25.500	347.11	0.0028809	21.700	24.933	85.410	39.048	66.700	353.90	1.8862	32.392	0.047600	supercritical
190.00	25.533	347.56	0.0028772	21.696	24.929	85.392	39.050	66.721	354.04	1.8833	32.415	0.047633	supercritical
190.00	25.567	348.02	0.0028734	21.692	24.925	85.374	39.053	66.742	354.18	1.8804	32.439	0.047666	supercritical
190.00	25.600	348.47	0.0028697	21.688	24.921	85.355	39.056	66.762	354.32	1.8776	32.462	0.047699	supercritical
190.00	25.633	348.93	0.0028659	21.684	24.917	85.337	39.059	66.782	354.46	1.8747	32.485	0.047732	supercritical
190.00	25.667	349.38	0.0028622	21.679	24.913	85.319	39.061	66.803	354.60	1.8718	32.509	0.047765	supercritical
190.00	25.700	349.83	0.0028585	21.675	24.908	85.301	39.064	66.823	354.74	1.8690	32.532	0.047798	supercritical
190.00	25.733	350.29	0.0028548	21.671	24.904	85.283	39.067	66.843	354.88	1.8661	32.556	0.047831	supercritical
190.00	25.767	350.74	0.0028511	21.667	24.900	85.265	39.070	66.864	355.02	1.8632	32.579	0.047864	supercritical
190.00	25.800	351.19	0.0028475	21.663	24.896	85.247	39.072	66.884	355.17	1.8604	32.603	0.047897	supercritical
190.00	25.833	351.64	0.0028438	21.659	24.892	85.229	39.075	66.904	355.31	1.8575	32.626	0.047930	supercritical
190.00	25.867	352.09	0.0028401	21.654	24.888	85.211	39.078	66.924	355.45	1.8547	32.650	0.047963	supercritical
190.00	25.900	352.55	0.0028365	21.650	24.883	85.193	39.080	66.944	355.59	1.8518	32.673	0.047996	supercritical
190.00	25.933	353.00	0.0028329	21.646	24.879	85.176	39.083	66.963	355.74	1.8490	32.697	0.048029	supercritical
190.00	25.967	353.45	0.0028293	21.642	24.875	85.158	39.086	66.983	355.88	1.8461	32.721	0.048062	supercritical
190.00	26.000	353.90	0.0028257	21.638	24.871	85.140	39.089	67.003	356.02	1.8433	32.744	0.048095	supercritical
190.00	26.033	354.35	0.0028221	21.634	24.867	85.122	39.091	67.023	356.17	1.8405	32.768	0.048128	supercritical
190.00	26.067	354.80	0.0028185	21.630	24.863	85.104	39.094	67.042	356.31	1.8376	32.791	0.048161	supercritical
190.00	26.100	355.25	0.0028149	21.625	24.859	85.086	39.097	67.062	356.46	1.8348	32.815	0.048194	supercritical
190.00	26.133	355.70	0.0028114	21.621	24.855	85.069	39.099	67.081	356.60	1.8320	32.839	0.048227	supercritical
190.00	26.167	356.15	0.0028078	21.617	24.851	85.051	39.102	67.101	356.75	1.8291	32.863	0.048260	supercritical
190.00	26.200	356.60	0.0028043	21.613	24.846	85.033	39.105	67.120	356.89	1.8263	32.886	0.048293	supercritical
190.00	26.233	357.05	0.0028007	21.609	24.842	85.015	39.107	67.139	357.04	1.8235	32.910	0.048326	supercritical
190.00	26.267	357.50	0.0027972	21.605	24.838	84.998	39.110	67.158	357.18	1.8207	32.934	0.048360	supercritical
190.00	26.300	357.95	0.0027937	21.601	24.834	84.980	39.112	67.178	357.33	1.8179	32.958	0.048393	supercritical
190.00	26.333	358.39	0.0027902	21.597	24.830	84.963	39.115	67.197	357.47	1.8150	32.981	0.048426	supercritical
190.00	26.367	358.84	0.0027867	21.592	24.826	84.945	39.118	67.216	357.62	1.8122	33.005	0.048459	supercritical
190.00	26.400	359.29	0.0027833	21.588	24.822	84.927	39.120	67.235	357.77	1.8094	33.029	0.048492	supercritical
190.00	26.433	359.74	0.0027798	21.584	24.818	84.910	39.123	67.253	357.91	1.8066	33.053	0.048525	supercritical
190.00	26.467	360.18	0.0027764	21.580	24.814	84.892	39.125	67.272	358.06	1.8038	33.077	0.048558	supercritical
190.00	26.500	360.63	0.0027729	21.576	24.810	84.875	39.128	67.291	358.21	1.8010	33.101	0.048591	supercritical
190.00	26.533	361.08	0.0027695	21.572	24.806	84.857	39.131	67.310	358.35	1.7982	33.125	0.048624	supercritical
190.00	26.567	361.52	0.0027661	21.568	24.802	84.840	39.133	67.328	358.50	1.7954	33.149	0.048658	supercritical
190.00	26.600	361.97	0.0027627	21.564	24.798	84.822	39.136	67.347	358.65	1.7926	33.173	0.048691	supercritical
190.00	26.633	362.42	0.0027593	21.560	24.794	84.805	39.138	67.365	358.80	1.7898	33.197	0.048724	supercritical
190.00	26.667	362.86	0.0027559	21.556	24.790	84.787	39.141	67.384	358.95	1.7871	33.221	0.048757	supercritical
190.00	26.700	363.31	0.0027525	21.551	24.786	84.770	39.143	67.402	359.09	1.7843	33.245	0.048790	supercritical
190.00	26.733	363.75	0.0027491	21.547	24.782	84.753	39.146	67.421	359.24	1.7815	33.269	0.048823	supercritical
190.00	26.767	364.20	0.0027458	21.543	24.778	84.735	39.148	67.439	359.39	1.7787	33.293	0.048857	supercritical
190.00	26.800	364.64	0.0027424	21.539	24.774	84.718	39.151	67.457	359.54	1.7759	33.317	0.048890	supercritical
190.00	26.833	365.09	0.0027391	21.535	24.770	84.701	39.154	67.475	359.69	1.7732	33.341	0.048923	supercritical
190.00	26.867	365.53	0.0027358	21.531	24.766	84.683	39.156	67.493	359.84	1.7704	33.365	0.048956	supercritical
190.00	26.900	365.97	0.0027324	21.527	24.762	84.666	39.159	67.511	359.99	1.7676	33.389	0.048989	supercritical
190.00	26.933	366.42	0.0027291	21.523	24.758	84.649	39.161	67.529	360.14	1.7649	33.413	0.049022	supercritical
190.00	26.967	366.86	0.0027258	21.519	24.754	84.632	39.164	67.547	360.29	1.7621	33.437	0.049056	supercritical
190.00	27.000	367.30	0.0027226	21.515	24.750	84.615	39.166	67.565	360.44	1.7594	33.462	0.049089	supercritical
190.00	27.033	367.74	0.0027193	21.511	24.746	84.597	39.168	67.583	360.59	1.7566	33.486	0.049122	supercritical
190.00	27.067	368.19	0.0027160	21.507	24.742	84.580	39.171	67.600	360.74	1.7539	33.510	0.049155	supercritical
190.00	27.100	368.63	0.0027128	21.503	24.738	84.563	39.173	67.618	360.89	1.7511	33.534	0.049188	supercritical
190.00	27.133	369.07	0.0027095	21.499	24.734	84.546	39.176	67.635	361.05	1.7484	33.558	0.049222	supercritical
190.00	27.167	369.51	0.0027063	21.495	24.730	84.529	39.178	67.653	361.20	1.7456	33.583	0.049255	supercritical
190.00	27.200	369.95	0.0027031	21.490	24.726	84.512	39.181	67.670	361.35	1.7429	33.607	0.049288	supercritical
190.00	27.233	370.39	0.0026998	21.486	24.722	84.495	39.183	67.688	361.50	1.7401	33.631	0.049321	supercritical
190.00	27.267	370.83	0.0026966	21.482	24.718	84.478	39.186	67.705	361.65	1.7374	33.656	0.049355	supercritical
190.00	27.300	371.27	0.0026934	21.478	24.714	84.461	39.188	67.722	361.81	1.7347	33.680	0.049388	supercritical
190.00	27.333	371.71	0.0026902	21.474	24.711	84.444	39.191	67.739	361.96	1.7319	33.704	0.049421	supercritical
190.00	27.367	372.15	0.0026871	21.470	24.707	84.427	39.193	67.756	362.11	1.7292	33.729	0.049454	supercritical
190.00	27.400	372.59	0.0026839	21.466	24.703	84.410	39.195	67.773	362.26	1.7265	33.753	0.049487	supercritical
190.00	27.433	373.03	0.0026807	21.462	24.699	84.393	39.198	67.790	362.42	1.7238	33.777	0.049521	supercritical
190.00	27.467	373.47	0.0026776	21.458	24.695	84.376	39.200	67.807	362.57	1.7211	33.802	0.049554	supercritical
190.00	27.500	373.91	0.0026744	21.454	24.691	84.359	39.203	67.824	362.73	1.7183	33.826	0.049587	supercritical
190.00	27.533	374.35	0.0026713	21.450	24.687	84.342	39.205	67.841	362.88	1.7156	33.851	0.049620	supercritical
190.00	27.567	374.79	0.0026682	21.446	24.683	84.326	39.207	67.858	363.03	1.7129	33.875	0.049654	supercritical
190.00	27.600	375.22	0.0026651	21.442	24.679	84.309	39.210	67.874	363.19	1.7102	33.900	0.049687	supercritical
190.00	27.633	375.66	0.0026620	21.438	24.676	84.292	39.212	67.891	363.34	1.7075	33.924	0.049720	supercritical
190.00	27.667	376.10	0.0026589	21.434	24.672	84.275	39.214	67.908	363.50	1.7048	33.949	0.049753	supercritical
190.00	27.700	376.53	0.0026558	21.430	24.668	84.259	39.217	67.924	363.65	1.7021	33.973	0.049787	supercritical
190.00	27.733	376.97	0.0026527	21.426	24.664	84.242	39.219	67.940	363.81	1.6994	33.998	0.049820	supercritical
190.00	27.767	377.41	0.0026497	21.422	24.660	84.225	39.221	67.957	363.96	1.6967	34.022	0.049853	supercritical
190.00	27.800	377.84	0.0026466	21.418	24.656	84.208	39.224	67.973	364.12	1.6941	34.047	0.049886	supercritical
190.00	27.833	378.28	0.0026436	21.414	24.652	84.192	39.226	67.989	364.27	1.6914	34.071	0.049920	supercritical
190.00	27.867	378.71	0.0026405	21.410	24.649	84.175	39.228	68.005	364.43	1.6887	34.096	0.049953	supercritical
190.00	27.900	379.15	0.0026375	21.406	24.645	84.159	39.231	68.022	364.59	1.6860	34.121	0.049986	supercritical
190.00	27.933	379.58	0.0026345	21.402	24.641	84.142	39.233	68.038	364.74	1.6833	34.145	0.050019	supercritical
190.00	27.967	380.02	0.0026315	21.398	24.637	84.125	39.235	68.054	364.90	1.6807	34.170	0.050053	supercritical
190.00	28.000	380.45	0.0026285	21.394	24.633	84.109	39.238	68.069	365.06	1.6780	34.195	0.050086	supercritical
190.00	28.033	380.88	0.0026255	21.390	24.630	84.092	39.240	68.085	365.21	1.6753	34.219	0.050119	supercritical
190.00	28.067	381.32	0.0026225	21.386	24.626	84.076	39.242	68.101	365.37	1.6727	34.244	0.050152	supercritical
190.00	28.100	381.75	0.0026195	21.382	24.622	84.059	39.245	68.117	365.53	1.6700	34.269	0.050186	supercritical
190.00	28.133	382.18	0.0026165	21.379	24.618	84.043	39.247	68.133	365.69	1.6674	34.293	0.050219	supercritical
190.00	28.167	382.62	0.0026136	21.375	24.614	84.026	39.249	68.148	365.85	1.6647	34.318	0.050252	supercritical
190.00	28.200	383.05	0.0026106	21.371	24.611	84.010	39.251	68.164	366.00	1.6620	34.343	0.050285	supercritical
190.00	28.233	383.48	0.0026077	21.367	24.607	83.993	39.254	68.179	366.16	1.6594	34.368	0.050319	supercritical
190.00	28.267	383.91	0.0026048	21.363	24.603	83.977	39.256	68.195	366.32	1.6568	34.392	0.050352	supercritical
190.00	28.300	384.34	0.0026018	21.359	24.599	83.961	39.258	68.210	366.48	1.6541	34.417	0.050385	supercritical
190.00	28.333	384.78	0.0025989	21.355	24.596	83.944	39.260	68.225	366.64	1.6515	34.442	0.050419	supercritical
190.00	28.367	385.21	0.0025960	21.351	24.592	83.928	39.263	68.241	366.80	1.6488	34.467	0.050452	supercritical
190.00	28.400	385.64	0.0025931	21.347	24.588	83.912	39.265	68.256	366.96	1.6462	34.492	0.050485	supercritical
190.00	28.433	386.07	0.0025902	21.343	24.584	83.895	39.267	68.271	367.12	1.6436	34.517	0.050518	supercritical
190.00	28.467	386.50	0.0025873	21.339	24.581	83.879	39.269	68.286	367.28	1.6410	34.541	0.050552	supercritical
190.00	28.500	386.93	0.0025845	21.335	24.577	83.863	39.272	68.301	367.44	1.6383	34.566	0.050585	supercritical
190.00	28.533	387.36	0.0025816	21.331	24.573	83.847	39.274	68.316	367.60	1.6357	34.591	0.050618	supercritical
190.00	28.567	387.78	0.0025788	21.327	24.569	83.830	39.276	68.331	367.76	1.6331	34.616	0.050651	supercritical
190.00	28.600	388.21	0.0025759	21.323	24.566	83.814	39.278	68.345	367.92	1.6305	34.641	0.050685	supercritical
190.00	28.633	388.64	0.0025731	21.320	24.562	83.798	39.280	68.360	368.08	1.6279	34.666	0.050718	supercritical
190.00	28.667	389.07	0.0025702	21.316	24.558	83.782	39.282	68.375	368.24	1.6253	34.691	0.050751	supercritical
190.00	28.700	389.50	0.0025674	21.312	24.555	83.766	39.285	68.390	368.40	1.6227	34.716	0.050784	supercritical
190.00	28.733	389.92	0.0025646	21.308	24.551	83.750	39.287	68.404	368.56	1.6201	34.741	0.050818	supercritical
190.00	28.767	390.35	0.0025618	21.304	24.547	83.734	39.289	68.419	368.72	1.6175	34.766	0.050851	supercritical
190.00	28.800	390.78	0.0025590	21.300	24.543	83.718	39.291	68.433	368.88	1.6149	34.791	0.050884	supercritical
190.00	28.833	391.20	0.0025562	21.296	24.540	83.702	39.293	68.447	369.05	1.6123	34.816	0.050917	supercritical
190.00	28.867	391.63	0.0025534	21.292	24.536	83.685	39.295	68.462	369.21	1.6097	34.841	0.050951	supercritical
190.00	28.900	392.06	0.0025507	21.288	24.532	83.669	39.298	68.476	369.37	1.6071	34.866	0.050984	supercritical
190.00	28.933	392.48	0.0025479	21.284	24.529	83.653	39.300	68.490	369.53	1.6045	34.891	0.051017	supercritical
190.00	28.967	392.91	0.0025451	21.281	24.525	83.638	39.302	68.504	369.70	1.6019	34.916	0.051050	supercritical
190.00	29.000	393.33	0.0025424	21.277	24.521	83.622	39.304	68.519	369.86	1.5994	34.941	0.051084	supercritical
190.00	29.033	393.76	0.0025396	21.273	24.518	83.606	39.306	68.533	370.02	1.5968	34.966	0.051117	supercritical
190.00	29.067	394.18	0.0025369	21.269	24.514	83.590	39.308	68.547	370.18	1.5942	34.991	0.051150	supercritical
190.00	29.100	394.61	0.0025342	21.265	24.511	83.574	39.310	68.560	370.35	1.5917	35.017	0.051183	supercritical
190.00	29.133	395.03	0.0025315	21.261	24.507	83.558	39.312	68.574	370.51	1.5891	35.042	0.051217	supercritical
190.00	29.167	395.45	0.0025287	21.257	24.503	83.542	39.315	68.588	370.67	1.5865	35.067	0.051250	supercritical
190.00	29.200	395.88	0.0025260	21.253	24.500	83.526	39.317	68.602	370.84	1.5840	35.092	0.051283	supercritical
190.00	29.233	396.30	0.0025234	21.250	24.496	83.510	39.319	68.616	371.00	1.5814	35.117	0.051316	supercritical
190.00	29.267	396.72	0.0025207	21.246	24.492	83.495	39.321	68.629	371.17	1.5789	35.142	0.051350	supercritical
190.00	29.300	397.14	0.0025180	21.242	24.489	83.479	39.323	68.643	371.33	1.5763	35.168	0.051383	supercritical
190.00	29.333	397.56	0.0025153	21.238	24.485	83.463	39.325	68.656	371.50	1.5738	35.193	0.051416	supercritical
190.00	29.367	397.99	0.0025126	21.234	24.482	83.447	39.327	68.670	371.66	1.5712	35.218	0.051449	supercritical
190.00	29.400	398.41	0.0025100	21.230	24.478	83.432	39.329	68.683	371.83	1.5687	35.243	0.051483	supercritical
190.00	29.433	398.83	0.0025073	21.227	24.474	83.416	39.331	68.696	371.99	1.5662	35.269	0.051516	supercritical
190.00	29.467	399.25	0.0025047	21.223	24.471	83.400	39.333	68.710	372.16	1.5636	35.294	0.051549	supercritical
190.00	29.500	399.67	0.0025021	21.219	24.467	83.385	39.335	68.723	372.32	1.5611	35.319	0.051582	supercritical
190.00	29.533	400.09	0.0024994	21.215	24.464	83.369	39.337	68.736	372.49	1.5586	35.344	0.051615	supercritical
190.00	29.567	400.51	0.0024968	21.211	24.460	83.353	39.339	68.749	372.65	1.5561	35.370	0.051649	supercritical
190.00	29.600	400.93	0.0024942	21.207	24.457	83.338	39.341	68.762	372.82	1.5535	35.395	0.051682	supercritical
190.00	29.633	401.35	0.0024916	21.204	24.453	83.322	39.343	68.775	372.99	1.5510	35.420	0.051715	supercritical
190.00	29.667	401.77	0.0024890	21.200	24.449	83.307	39.345	68.788	373.15	1.5485	35.446	0.051748	supercritical
190.00	29.700	402.18	0.0024864	21.196	24.446	83.291	39.347	68.801	373.32	1.5460	35.471	0.051781	supercritical
190.00	29.733	402.60	0.0024838	21.192	24.442	83.276	39.349	68.814	373.49	1.5435	35.496	0.051815	supercritical
190.00	29.767	403.02	0.0024813	21.188	24.439	83.260	39.351	68.826	373.65	1.5410	35.522	0.051848	supercritical
190.00	29.800	403.44	0.0024787	21.184	24.435	83.245	39.353	68.839	373.82	1.5385	35.547	0.051881	supercritical
190.00	29.833	403.85	0.0024761	21.181	24.432	83.229	39.355	68.852	373.99	1.5360	35.573	0.051914	supercritical
190.00	29.867	404.27	0.0024736	21.177	24.428	83.214	39.357	68.864	374.15	1.5335	35.598	0.051947	supercritical
190.00	29.900	404.69	0.0024710	21.173	24.425	83.198	39.359	68.877	374.32	1.5310	35.623	0.051980	supercritical
190.00	29.933	405.10	0.0024685	21.169	24.421	83.183	39.361	68.889	374.49	1.5285	35.649	0.052014	supercritical
190.00	29.967	405.52	0.0024660	21.165	24.418	83.168	39.363	68.902	374.66	1.5260	35.674	0.052047	supercritical
190.00	30.000	405.94	0.0024634	21.162	24.414	83.152	39.365	68.914	374.83	1.5236	35.700	0.052080	supercritical
