Temperature (C)	Pressure (MPa)	Density (kg/m3)	Volume (m3/kg)	Internal Energy (kJ/mol)	Enthalpy (kJ/mol)	Entropy (J/mol*K)	Cv (J/mol*K)	Cp (J/mol*K)	Sound Spd. (m/s)	Joule-Thomson (K/MPa)	Viscosity (uPa*s)	Therm. Cond. (W/m*K)	Phase
200.00	10.000	122.13	0.0081879	24.228	27.831	98.413	37.144	51.855	325.63	3.0783	24.830	0.035363	supercritical
200.00	10.033	122.57	0.0081586	24.223	27.826	98.376	37.150	51.886	325.64	3.0761	24.840	0.035383	supercritical
200.00	10.067	123.01	0.0081295	24.219	27.821	98.340	37.155	51.916	325.64	3.0739	24.850	0.035402	supercritical
200.00	10.100	123.45	0.0081005	24.215	27.815	98.303	37.160	51.947	325.65	3.0717	24.860	0.035421	supercritical
200.00	10.133	123.89	0.0080718	24.210	27.810	98.267	37.166	51.977	325.66	3.0695	24.869	0.035440	supercritical
200.00	10.167	124.33	0.0080433	24.206	27.805	98.231	37.171	52.008	325.66	3.0674	24.879	0.035460	supercritical
200.00	10.200	124.77	0.0080149	24.202	27.799	98.195	37.176	52.039	325.67	3.0651	24.889	0.035479	supercritical
200.00	10.233	125.21	0.0079867	24.197	27.794	98.159	37.181	52.070	325.68	3.0629	24.899	0.035498	supercritical
200.00	10.267	125.65	0.0079588	24.193	27.789	98.123	37.187	52.100	325.69	3.0607	24.909	0.035518	supercritical
200.00	10.300	126.09	0.0079310	24.188	27.783	98.087	37.192	52.131	325.69	3.0585	24.919	0.035537	supercritical
200.00	10.333	126.53	0.0079034	24.184	27.778	98.051	37.197	52.162	325.70	3.0563	24.928	0.035557	supercritical
200.00	10.367	126.97	0.0078759	24.180	27.773	98.015	37.203	52.193	325.71	3.0541	24.938	0.035576	supercritical
200.00	10.400	127.41	0.0078487	24.175	27.768	97.980	37.208	52.223	325.72	3.0519	24.948	0.035596	supercritical
200.00	10.433	127.85	0.0078216	24.171	27.762	97.944	37.213	52.254	325.73	3.0496	24.958	0.035615	supercritical
200.00	10.467	128.29	0.0077947	24.166	27.757	97.909	37.218	52.285	325.73	3.0474	24.968	0.035635	supercritical
200.00	10.500	128.73	0.0077680	24.162	27.752	97.873	37.224	52.316	325.74	3.0452	24.978	0.035654	supercritical
200.00	10.533	129.18	0.0077414	24.158	27.746	97.838	37.229	52.347	325.75	3.0429	24.988	0.035674	supercritical
200.00	10.567	129.62	0.0077150	24.153	27.741	97.803	37.234	52.378	325.76	3.0407	24.998	0.035694	supercritical
200.00	10.600	130.06	0.0076888	24.149	27.736	97.768	37.239	52.409	325.77	3.0384	25.008	0.035713	supercritical
200.00	10.633	130.50	0.0076628	24.144	27.730	97.733	37.245	52.439	325.78	3.0362	25.019	0.035733	supercritical
200.00	10.667	130.94	0.0076369	24.140	27.725	97.698	37.250	52.470	325.79	3.0339	25.029	0.035753	supercritical
200.00	10.700	131.39	0.0076112	24.136	27.720	97.663	37.255	52.501	325.80	3.0317	25.039	0.035772	supercritical
200.00	10.733	131.83	0.0075856	24.131	27.714	97.628	37.260	52.532	325.81	3.0294	25.049	0.035792	supercritical
200.00	10.767	132.27	0.0075602	24.127	27.709	97.594	37.266	52.563	325.82	3.0272	25.059	0.035812	supercritical
200.00	10.800	132.71	0.0075350	24.122	27.704	97.559	37.271	52.594	325.83	3.0249	25.070	0.035832	supercritical
200.00	10.833	133.16	0.0075099	24.118	27.699	97.524	37.276	52.625	325.85	3.0226	25.080	0.035852	supercritical
200.00	10.867	133.60	0.0074850	24.114	27.693	97.490	37.281	52.656	325.86	3.0203	25.090	0.035872	supercritical
200.00	10.900	134.04	0.0074602	24.109	27.688	97.456	37.286	52.687	325.87	3.0181	25.100	0.035892	supercritical
200.00	10.933	134.49	0.0074356	24.105	27.683	97.421	37.292	52.718	325.88	3.0158	25.111	0.035912	supercritical
200.00	10.967	134.93	0.0074111	24.100	27.677	97.387	37.297	52.749	325.89	3.0135	25.121	0.035932	supercritical
200.00	11.000	135.38	0.0073868	24.096	27.672	97.353	37.302	52.780	325.91	3.0112	25.131	0.035952	supercritical
200.00	11.033	135.82	0.0073627	24.092	27.667	97.319	37.307	52.811	325.92	3.0089	25.142	0.035972	supercritical
200.00	11.067	136.26	0.0073387	24.087	27.661	97.285	37.312	52.842	325.93	3.0066	25.152	0.035992	supercritical
200.00	11.100	136.71	0.0073148	24.083	27.656	97.251	37.318	52.873	325.95	3.0043	25.163	0.036012	supercritical
200.00	11.133	137.15	0.0072911	24.078	27.651	97.217	37.323	52.904	325.96	3.0020	25.173	0.036032	supercritical
200.00	11.167	137.60	0.0072675	24.074	27.646	97.183	37.328	52.936	325.97	2.9997	25.184	0.036052	supercritical
200.00	11.200	138.04	0.0072441	24.070	27.640	97.150	37.333	52.967	325.99	2.9974	25.194	0.036073	supercritical
200.00	11.233	138.49	0.0072208	24.065	27.635	97.116	37.338	52.998	326.00	2.9951	25.205	0.036093	supercritical
200.00	11.267	138.93	0.0071977	24.061	27.630	97.083	37.344	53.029	326.01	2.9928	25.215	0.036113	supercritical
200.00	11.300	139.38	0.0071747	24.056	27.624	97.049	37.349	53.060	326.03	2.9905	25.226	0.036133	supercritical
200.00	11.333	139.82	0.0071518	24.052	27.619	97.016	37.354	53.091	326.04	2.9882	25.237	0.036154	supercritical
200.00	11.367	140.27	0.0071291	24.048	27.614	96.982	37.359	53.122	326.06	2.9858	25.247	0.036174	supercritical
200.00	11.400	140.72	0.0071065	24.043	27.609	96.949	37.364	53.154	326.07	2.9835	25.258	0.036195	supercritical
200.00	11.433	141.16	0.0070840	24.039	27.603	96.916	37.369	53.185	326.09	2.9812	25.269	0.036215	supercritical
200.00	11.467	141.61	0.0070617	24.034	27.598	96.883	37.375	53.216	326.11	2.9788	25.279	0.036235	supercritical
200.00	11.500	142.05	0.0070395	24.030	27.593	96.850	37.380	53.247	326.12	2.9765	25.290	0.036256	supercritical
200.00	11.533	142.50	0.0070175	24.025	27.587	96.817	37.385	53.278	326.14	2.9742	25.301	0.036276	supercritical
200.00	11.567	142.95	0.0069955	24.021	27.582	96.784	37.390	53.310	326.15	2.9718	25.312	0.036297	supercritical
200.00	11.600	143.39	0.0069737	24.017	27.577	96.751	37.395	53.341	326.17	2.9695	25.322	0.036318	supercritical
200.00	11.633	143.84	0.0069521	24.012	27.572	96.719	37.400	53.372	326.19	2.9671	25.333	0.036338	supercritical
200.00	11.667	144.29	0.0069305	24.008	27.566	96.686	37.405	53.403	326.21	2.9648	25.344	0.036359	supercritical
200.00	11.700	144.74	0.0069091	24.003	27.561	96.653	37.411	53.435	326.22	2.9624	25.355	0.036379	supercritical
200.00	11.733	145.18	0.0068878	23.999	27.556	96.621	37.416	53.466	326.24	2.9600	25.366	0.036400	supercritical
200.00	11.767	145.63	0.0068666	23.995	27.550	96.588	37.421	53.497	326.26	2.9577	25.377	0.036421	supercritical
200.00	11.800	146.08	0.0068456	23.990	27.545	96.556	37.426	53.528	326.28	2.9553	25.388	0.036442	supercritical
200.00	11.833	146.53	0.0068247	23.986	27.540	96.523	37.431	53.560	326.29	2.9529	25.399	0.036462	supercritical
200.00	11.867	146.98	0.0068039	23.981	27.535	96.491	37.436	53.591	326.31	2.9506	25.410	0.036483	supercritical
200.00	11.900	147.42	0.0067832	23.977	27.529	96.459	37.441	53.622	326.33	2.9482	25.421	0.036504	supercritical
200.00	11.933	147.87	0.0067626	23.972	27.524	96.427	37.446	53.654	326.35	2.9458	25.432	0.036525	supercritical
200.00	11.967	148.32	0.0067422	23.968	27.519	96.395	37.451	53.685	326.37	2.9434	25.443	0.036546	supercritical
200.00	12.000	148.77	0.0067218	23.964	27.514	96.363	37.457	53.716	326.39	2.9410	25.454	0.036567	supercritical
200.00	12.033	149.22	0.0067016	23.959	27.508	96.331	37.462	53.748	326.41	2.9386	25.465	0.036588	supercritical
200.00	12.067	149.67	0.0066815	23.955	27.503	96.299	37.467	53.779	326.43	2.9362	25.476	0.036609	supercritical
200.00	12.100	150.12	0.0066615	23.950	27.498	96.267	37.472	53.810	326.45	2.9338	25.488	0.036630	supercritical
200.00	12.133	150.56	0.0066417	23.946	27.492	96.235	37.477	53.842	326.47	2.9314	25.499	0.036651	supercritical
200.00	12.167	151.01	0.0066219	23.942	27.487	96.204	37.482	53.873	326.49	2.9290	25.510	0.036672	supercritical
200.00	12.200	151.46	0.0066022	23.937	27.482	96.172	37.487	53.905	326.51	2.9266	25.521	0.036693	supercritical
200.00	12.233	151.91	0.0065827	23.933	27.477	96.141	37.492	53.936	326.54	2.9242	25.533	0.036714	supercritical
200.00	12.267	152.36	0.0065633	23.928	27.471	96.109	37.497	53.967	326.56	2.9218	25.544	0.036736	supercritical
200.00	12.300	152.81	0.0065439	23.924	27.466	96.078	37.502	53.999	326.58	2.9194	25.555	0.036757	supercritical
200.00	12.333	153.26	0.0065247	23.919	27.461	96.046	37.507	54.030	326.60	2.9170	25.567	0.036778	supercritical
200.00	12.367	153.71	0.0065056	23.915	27.456	96.015	37.512	54.062	326.62	2.9145	25.578	0.036799	supercritical
200.00	12.400	154.16	0.0064866	23.911	27.450	95.984	37.517	54.093	326.65	2.9121	25.589	0.036821	supercritical
200.00	12.433	154.61	0.0064677	23.906	27.445	95.953	37.522	54.124	326.67	2.9097	25.601	0.036842	supercritical
200.00	12.467	155.07	0.0064489	23.902	27.440	95.921	37.527	54.156	326.69	2.9073	25.612	0.036864	supercritical
200.00	12.500	155.52	0.0064302	23.897	27.435	95.890	37.532	54.187	326.72	2.9048	25.624	0.036885	supercritical
200.00	12.533	155.97	0.0064116	23.893	27.429	95.859	37.537	54.219	326.74	2.9024	25.635	0.036906	supercritical
200.00	12.567	156.42	0.0063931	23.888	27.424	95.828	37.543	54.250	326.76	2.8999	25.647	0.036928	supercritical
200.00	12.600	156.87	0.0063747	23.884	27.419	95.798	37.548	54.281	326.79	2.8975	25.658	0.036949	supercritical
200.00	12.633	157.32	0.0063565	23.880	27.414	95.767	37.553	54.313	326.81	2.8950	25.670	0.036971	supercritical
200.00	12.667	157.77	0.0063383	23.875	27.408	95.736	37.558	54.344	326.84	2.8926	25.682	0.036992	supercritical
200.00	12.700	158.22	0.0063202	23.871	27.403	95.705	37.563	54.376	326.86	2.8901	25.693	0.037014	supercritical
200.00	12.733	158.68	0.0063022	23.866	27.398	95.675	37.568	54.407	326.89	2.8877	25.705	0.037036	supercritical
200.00	12.767	159.13	0.0062843	23.862	27.393	95.644	37.573	54.439	326.91	2.8852	25.717	0.037057	supercritical
200.00	12.800	159.58	0.0062665	23.857	27.388	95.614	37.578	54.470	326.94	2.8828	25.728	0.037079	supercritical
200.00	12.833	160.03	0.0062488	23.853	27.382	95.583	37.583	54.502	326.96	2.8803	25.740	0.037101	supercritical
200.00	12.867	160.48	0.0062312	23.849	27.377	95.553	37.588	54.533	326.99	2.8778	25.752	0.037123	supercritical
200.00	12.900	160.94	0.0062137	23.844	27.372	95.522	37.593	54.565	327.02	2.8753	25.764	0.037144	supercritical
200.00	12.933	161.39	0.0061962	23.840	27.367	95.492	37.597	54.596	327.04	2.8729	25.776	0.037166	supercritical
200.00	12.967	161.84	0.0061789	23.835	27.361	95.462	37.602	54.628	327.07	2.8704	25.787	0.037188	supercritical
200.00	13.000	162.29	0.0061617	23.831	27.356	95.432	37.607	54.659	327.10	2.8679	25.799	0.037210	supercritical
200.00	13.033	162.75	0.0061445	23.826	27.351	95.402	37.612	54.690	327.12	2.8654	25.811	0.037232	supercritical
200.00	13.067	163.20	0.0061275	23.822	27.346	95.372	37.617	54.722	327.15	2.8629	25.823	0.037254	supercritical
200.00	13.100	163.65	0.0061105	23.818	27.340	95.341	37.622	54.753	327.18	2.8604	25.835	0.037276	supercritical
200.00	13.133	164.11	0.0060936	23.813	27.335	95.312	37.627	54.785	327.21	2.8580	25.847	0.037298	supercritical
200.00	13.167	164.56	0.0060768	23.809	27.330	95.282	37.632	54.816	327.24	2.8555	25.859	0.037320	supercritical
200.00	13.200	165.01	0.0060601	23.804	27.325	95.252	37.637	54.848	327.26	2.8530	25.871	0.037342	supercritical
200.00	13.233	165.47	0.0060435	23.800	27.320	95.222	37.642	54.879	327.29	2.8505	25.883	0.037364	supercritical
200.00	13.267	165.92	0.0060270	23.795	27.314	95.192	37.647	54.911	327.32	2.8479	25.895	0.037386	supercritical
200.00	13.300	166.37	0.0060106	23.791	27.309	95.163	37.652	54.942	327.35	2.8454	25.907	0.037408	supercritical
200.00	13.333	166.83	0.0059942	23.787	27.304	95.133	37.657	54.974	327.38	2.8429	25.920	0.037431	supercritical
200.00	13.367	167.28	0.0059779	23.782	27.299	95.103	37.662	55.005	327.41	2.8404	25.932	0.037453	supercritical
200.00	13.400	167.74	0.0059617	23.778	27.294	95.074	37.667	55.037	327.44	2.8379	25.944	0.037475	supercritical
200.00	13.433	168.19	0.0059456	23.773	27.288	95.044	37.672	55.068	327.47	2.8354	25.956	0.037497	supercritical
200.00	13.467	168.64	0.0059296	23.769	27.283	95.015	37.677	55.100	327.50	2.8329	25.968	0.037520	supercritical
200.00	13.500	169.10	0.0059137	23.764	27.278	94.986	37.681	55.131	327.53	2.8303	25.981	0.037542	supercritical
200.00	13.533	169.55	0.0058978	23.760	27.273	94.956	37.686	55.163	327.57	2.8278	25.993	0.037564	supercritical
200.00	13.567	170.01	0.0058820	23.756	27.268	94.927	37.691	55.194	327.60	2.8253	26.005	0.037587	supercritical
200.00	13.600	170.46	0.0058664	23.751	27.262	94.898	37.696	55.226	327.63	2.8227	26.018	0.037609	supercritical
200.00	13.633	170.92	0.0058507	23.747	27.257	94.869	37.701	55.257	327.66	2.8202	26.030	0.037632	supercritical
200.00	13.667	171.37	0.0058352	23.742	27.252	94.840	37.706	55.289	327.69	2.8177	26.042	0.037654	supercritical
200.00	13.700	171.83	0.0058197	23.738	27.247	94.811	37.711	55.320	327.73	2.8151	26.055	0.037677	supercritical
200.00	13.733	172.28	0.0058044	23.733	27.242	94.782	37.716	55.352	327.76	2.8126	26.067	0.037699	supercritical
200.00	13.767	172.74	0.0057891	23.729	27.236	94.753	37.720	55.383	327.79	2.8100	26.080	0.037722	supercritical
200.00	13.800	173.20	0.0057738	23.725	27.231	94.724	37.725	55.415	327.83	2.8075	26.092	0.037745	supercritical
200.00	13.833	173.65	0.0057587	23.720	27.226	94.695	37.730	55.446	327.86	2.8049	26.105	0.037767	supercritical
200.00	13.867	174.11	0.0057436	23.716	27.221	94.666	37.735	55.477	327.89	2.8024	26.117	0.037790	supercritical
200.00	13.900	174.56	0.0057286	23.711	27.216	94.637	37.740	55.509	327.93	2.7998	26.130	0.037813	supercritical
200.00	13.933	175.02	0.0057137	23.707	27.210	94.609	37.745	55.540	327.96	2.7972	26.143	0.037835	supercritical
200.00	13.967	175.47	0.0056988	23.702	27.205	94.580	37.750	55.572	328.00	2.7947	26.155	0.037858	supercritical
200.00	14.000	175.93	0.0056841	23.698	27.200	94.552	37.754	55.603	328.03	2.7921	26.168	0.037881	supercritical
200.00	14.033	176.39	0.0056693	23.694	27.195	94.523	37.759	55.635	328.07	2.7895	26.181	0.037904	supercritical
200.00	14.067	176.84	0.0056547	23.689	27.190	94.495	37.764	55.666	328.10	2.7870	26.193	0.037927	supercritical
200.00	14.100	177.30	0.0056402	23.685	27.185	94.466	37.769	55.698	328.14	2.7844	26.206	0.037950	supercritical
200.00	14.133	177.76	0.0056257	23.680	27.179	94.438	37.774	55.729	328.18	2.7818	26.219	0.037973	supercritical
200.00	14.167	178.21	0.0056113	23.676	27.174	94.409	37.778	55.760	328.21	2.7792	26.232	0.037996	supercritical
200.00	14.200	178.67	0.0055969	23.671	27.169	94.381	37.783	55.792	328.25	2.7767	26.244	0.038019	supercritical
200.00	14.233	179.13	0.0055826	23.667	27.164	94.353	37.788	55.823	328.28	2.7741	26.257	0.038042	supercritical
200.00	14.267	179.58	0.0055684	23.663	27.159	94.325	37.793	55.855	328.32	2.7715	26.270	0.038065	supercritical
200.00	14.300	180.04	0.0055543	23.658	27.154	94.297	37.798	55.886	328.36	2.7689	26.283	0.038088	supercritical
200.00	14.333	180.50	0.0055402	23.654	27.148	94.268	37.802	55.918	328.40	2.7663	26.296	0.038111	supercritical
200.00	14.367	180.96	0.0055262	23.649	27.143	94.240	37.807	55.949	328.44	2.7637	26.309	0.038134	supercritical
200.00	14.400	181.41	0.0055123	23.645	27.138	94.212	37.812	55.980	328.47	2.7611	26.322	0.038157	supercritical
200.00	14.433	181.87	0.0054984	23.640	27.133	94.184	37.817	56.012	328.51	2.7585	26.335	0.038181	supercritical
200.00	14.467	182.33	0.0054846	23.636	27.128	94.157	37.821	56.043	328.55	2.7559	26.348	0.038204	supercritical
200.00	14.500	182.79	0.0054709	23.632	27.123	94.129	37.826	56.074	328.59	2.7533	26.361	0.038227	supercritical
200.00	14.533	183.24	0.0054572	23.627	27.118	94.101	37.831	56.106	328.63	2.7507	26.374	0.038251	supercritical
200.00	14.567	183.70	0.0054436	23.623	27.112	94.073	37.836	56.137	328.67	2.7481	26.387	0.038274	supercritical
200.00	14.600	184.16	0.0054301	23.618	27.107	94.045	37.840	56.169	328.71	2.7455	26.400	0.038297	supercritical
200.00	14.633	184.62	0.0054166	23.614	27.102	94.018	37.845	56.200	328.75	2.7428	26.414	0.038321	supercritical
200.00	14.667	185.07	0.0054032	23.609	27.097	93.990	37.850	56.231	328.79	2.7402	26.427	0.038344	supercritical
200.00	14.700	185.53	0.0053899	23.605	27.092	93.962	37.855	56.263	328.83	2.7376	26.440	0.038368	supercritical
200.00	14.733	185.99	0.0053766	23.600	27.087	93.935	37.859	56.294	328.87	2.7350	26.453	0.038391	supercritical
200.00	14.767	186.45	0.0053634	23.596	27.082	93.907	37.864	56.325	328.91	2.7324	26.466	0.038415	supercritical
200.00	14.800	186.91	0.0053502	23.592	27.076	93.880	37.869	56.356	328.95	2.7297	26.480	0.038438	supercritical
200.00	14.833	187.37	0.0053371	23.587	27.071	93.853	37.873	56.388	329.00	2.7271	26.493	0.038462	supercritical
200.00	14.867	187.82	0.0053241	23.583	27.066	93.825	37.878	56.419	329.04	2.7245	26.506	0.038486	supercritical
200.00	14.900	188.28	0.0053111	23.578	27.061	93.798	37.883	56.450	329.08	2.7218	26.520	0.038509	supercritical
200.00	14.933	188.74	0.0052982	23.574	27.056	93.771	37.888	56.482	329.12	2.7192	26.533	0.038533	supercritical
200.00	14.967	189.20	0.0052854	23.569	27.051	93.743	37.892	56.513	329.17	2.7166	26.547	0.038557	supercritical
200.00	15.000	189.66	0.0052726	23.565	27.046	93.716	37.897	56.544	329.21	2.7139	26.560	0.038581	supercritical
200.00	15.033	190.12	0.0052599	23.561	27.041	93.689	37.902	56.575	329.25	2.7113	26.574	0.038604	supercritical
200.00	15.067	190.58	0.0052472	23.556	27.036	93.662	37.906	56.607	329.30	2.7086	26.587	0.038628	supercritical
200.00	15.100	191.04	0.0052346	23.552	27.030	93.635	37.911	56.638	329.34	2.7060	26.601	0.038652	supercritical
200.00	15.133	191.50	0.0052220	23.547	27.025	93.608	37.916	56.669	329.38	2.7033	26.614	0.038676	supercritical
200.00	15.167	191.96	0.0052096	23.543	27.020	93.581	37.920	56.700	329.43	2.7007	26.628	0.038700	supercritical
200.00	15.200	192.41	0.0051971	23.538	27.015	93.554	37.925	56.731	329.47	2.6980	26.642	0.038724	supercritical
200.00	15.233	192.87	0.0051847	23.534	27.010	93.527	37.929	56.763	329.52	2.6954	26.655	0.038748	supercritical
200.00	15.267	193.33	0.0051724	23.530	27.005	93.500	37.934	56.794	329.56	2.6927	26.669	0.038772	supercritical
200.00	15.300	193.79	0.0051602	23.525	27.000	93.474	37.939	56.825	329.61	2.6900	26.683	0.038796	supercritical
200.00	15.333	194.25	0.0051479	23.521	26.995	93.447	37.943	56.856	329.66	2.6874	26.696	0.038820	supercritical
200.00	15.367	194.71	0.0051358	23.516	26.990	93.420	37.948	56.887	329.70	2.6847	26.710	0.038844	supercritical
200.00	15.400	195.17	0.0051237	23.512	26.985	93.393	37.953	56.918	329.75	2.6820	26.724	0.038868	supercritical
200.00	15.433	195.63	0.0051117	23.508	26.979	93.367	37.957	56.949	329.79	2.6794	26.738	0.038892	supercritical
200.00	15.467	196.09	0.0050997	23.503	26.974	93.340	37.962	56.980	329.84	2.6767	26.752	0.038917	supercritical
200.00	15.500	196.55	0.0050877	23.499	26.969	93.314	37.966	57.012	329.89	2.6740	26.765	0.038941	supercritical
200.00	15.533	197.01	0.0050759	23.494	26.964	93.287	37.971	57.043	329.94	2.6713	26.779	0.038965	supercritical
200.00	15.567	197.47	0.0050640	23.490	26.959	93.261	37.976	57.074	329.98	2.6687	26.793	0.038989	supercritical
200.00	15.600	197.93	0.0050523	23.485	26.954	93.234	37.980	57.105	330.03	2.6660	26.807	0.039014	supercritical
200.00	15.633	198.39	0.0050405	23.481	26.949	93.208	37.985	57.136	330.08	2.6633	26.821	0.039038	supercritical
200.00	15.667	198.85	0.0050289	23.477	26.944	93.182	37.989	57.167	330.13	2.6606	26.835	0.039062	supercritical
200.00	15.700	199.31	0.0050173	23.472	26.939	93.155	37.994	57.198	330.18	2.6579	26.849	0.039087	supercritical
200.00	15.733	199.77	0.0050057	23.468	26.934	93.129	37.998	57.229	330.23	2.6552	26.863	0.039111	supercritical
200.00	15.767	200.23	0.0049942	23.463	26.929	93.103	38.003	57.260	330.28	2.6526	26.877	0.039136	supercritical
200.00	15.800	200.69	0.0049827	23.459	26.924	93.077	38.008	57.291	330.33	2.6499	26.892	0.039160	supercritical
200.00	15.833	201.15	0.0049713	23.454	26.919	93.051	38.012	57.322	330.38	2.6472	26.906	0.039185	supercritical
200.00	15.867	201.61	0.0049600	23.450	26.914	93.025	38.017	57.353	330.43	2.6445	26.920	0.039209	supercritical
200.00	15.900	202.07	0.0049487	23.446	26.908	92.998	38.021	57.383	330.48	2.6418	26.934	0.039234	supercritical
200.00	15.933	202.54	0.0049374	23.441	26.903	92.972	38.026	57.414	330.53	2.6391	26.948	0.039259	supercritical
200.00	15.967	203.00	0.0049262	23.437	26.898	92.947	38.030	57.445	330.58	2.6364	26.963	0.039283	supercritical
200.00	16.000	203.46	0.0049150	23.432	26.893	92.921	38.035	57.476	330.63	2.6337	26.977	0.039308	supercritical
200.00	16.033	203.92	0.0049039	23.428	26.888	92.895	38.039	57.507	330.68	2.6310	26.991	0.039333	supercritical
200.00	16.067	204.38	0.0048929	23.424	26.883	92.869	38.044	57.538	330.74	2.6282	27.005	0.039357	supercritical
200.00	16.100	204.84	0.0048819	23.419	26.878	92.843	38.048	57.569	330.79	2.6255	27.020	0.039382	supercritical
200.00	16.133	205.30	0.0048709	23.415	26.873	92.817	38.053	57.599	330.84	2.6228	27.034	0.039407	supercritical
200.00	16.167	205.76	0.0048600	23.410	26.868	92.792	38.057	57.630	330.89	2.6201	27.049	0.039432	supercritical
200.00	16.200	206.22	0.0048491	23.406	26.863	92.766	38.062	57.661	330.95	2.6174	27.063	0.039457	supercritical
200.00	16.233	206.68	0.0048383	23.401	26.858	92.740	38.066	57.692	331.00	2.6147	27.078	0.039482	supercritical
200.00	16.267	207.14	0.0048275	23.397	26.853	92.715	38.071	57.722	331.06	2.6120	27.092	0.039507	supercritical
200.00	16.300	207.61	0.0048168	23.393	26.848	92.689	38.075	57.753	331.11	2.6092	27.107	0.039531	supercritical
200.00	16.333	208.07	0.0048061	23.388	26.843	92.664	38.080	57.784	331.16	2.6065	27.121	0.039556	supercritical
200.00	16.367	208.53	0.0047955	23.384	26.838	92.638	38.084	57.815	331.22	2.6038	27.136	0.039581	supercritical
200.00	16.400	208.99	0.0047849	23.379	26.833	92.613	38.088	57.845	331.27	2.6011	27.150	0.039607	supercritical
200.00	16.433	209.45	0.0047744	23.375	26.828	92.587	38.093	57.876	331.33	2.5983	27.165	0.039632	supercritical
200.00	16.467	209.91	0.0047639	23.371	26.823	92.562	38.097	57.907	331.38	2.5956	27.180	0.039657	supercritical
200.00	16.500	210.37	0.0047534	23.366	26.818	92.536	38.102	57.937	331.44	2.5929	27.194	0.039682	supercritical
200.00	16.533	210.84	0.0047430	23.362	26.813	92.511	38.106	57.968	331.50	2.5901	27.209	0.039707	supercritical
200.00	16.567	211.30	0.0047327	23.357	26.808	92.486	38.111	57.998	331.55	2.5874	27.224	0.039732	supercritical
200.00	16.600	211.76	0.0047224	23.353	26.803	92.461	38.115	58.029	331.61	2.5847	27.239	0.039757	supercritical
200.00	16.633	212.22	0.0047121	23.349	26.798	92.435	38.119	58.059	331.67	2.5819	27.253	0.039783	supercritical
200.00	16.667	212.68	0.0047019	23.344	26.793	92.410	38.124	58.090	331.72	2.5792	27.268	0.039808	supercritical
200.00	16.700	213.14	0.0046917	23.340	26.788	92.385	38.128	58.120	331.78	2.5765	27.283	0.039833	supercritical
200.00	16.733	213.60	0.0046816	23.335	26.783	92.360	38.133	58.151	331.84	2.5737	27.298	0.039859	supercritical
200.00	16.767	214.07	0.0046715	23.331	26.778	92.335	38.137	58.181	331.90	2.5710	27.313	0.039884	supercritical
200.00	16.800	214.53	0.0046614	23.326	26.773	92.310	38.141	58.212	331.95	2.5682	27.328	0.039910	supercritical
200.00	16.833	214.99	0.0046514	23.322	26.768	92.285	38.146	58.242	332.01	2.5655	27.343	0.039935	supercritical
200.00	16.867	215.45	0.0046414	23.318	26.763	92.260	38.150	58.273	332.07	2.5627	27.358	0.039960	supercritical
200.00	16.900	215.91	0.0046315	23.313	26.758	92.235	38.154	58.303	332.13	2.5600	27.373	0.039986	supercritical
200.00	16.933	216.37	0.0046216	23.309	26.753	92.210	38.159	58.333	332.19	2.5572	27.388	0.040011	supercritical
200.00	16.967	216.84	0.0046118	23.304	26.748	92.186	38.163	58.364	332.25	2.5545	27.403	0.040037	supercritical
200.00	17.000	217.30	0.0046020	23.300	26.743	92.161	38.167	58.394	332.31	2.5517	27.418	0.040063	supercritical
200.00	17.033	217.76	0.0045922	23.296	26.738	92.136	38.172	58.424	332.37	2.5490	27.433	0.040088	supercritical
200.00	17.067	218.22	0.0045825	23.291	26.733	92.111	38.176	58.454	332.43	2.5462	27.448	0.040114	supercritical
200.00	17.100	218.68	0.0045728	23.287	26.728	92.087	38.180	58.485	332.49	2.5434	27.463	0.040140	supercritical
200.00	17.133	219.15	0.0045632	23.282	26.723	92.062	38.185	58.515	332.55	2.5407	27.479	0.040165	supercritical
200.00	17.167	219.61	0.0045536	23.278	26.718	92.037	38.189	58.545	332.62	2.5379	27.494	0.040191	supercritical
200.00	17.200	220.07	0.0045440	23.274	26.713	92.013	38.193	58.575	332.68	2.5352	27.509	0.040217	supercritical
200.00	17.233	220.53	0.0045345	23.269	26.708	91.988	38.198	58.605	332.74	2.5324	27.524	0.040243	supercritical
200.00	17.267	220.99	0.0045250	23.265	26.703	91.964	38.202	58.636	332.80	2.5296	27.540	0.040268	supercritical
200.00	17.300	221.45	0.0045156	23.260	26.699	91.939	38.206	58.666	332.86	2.5269	27.555	0.040294	supercritical
200.00	17.333	221.92	0.0045062	23.256	26.694	91.915	38.211	58.696	332.93	2.5241	27.570	0.040320	supercritical
200.00	17.367	222.38	0.0044968	23.252	26.689	91.891	38.215	58.726	332.99	2.5213	27.586	0.040346	supercritical
200.00	17.400	222.84	0.0044875	23.247	26.684	91.866	38.219	58.756	333.05	2.5185	27.601	0.040372	supercritical
200.00	17.433	223.30	0.0044782	23.243	26.679	91.842	38.223	58.786	333.12	2.5158	27.617	0.040398	supercritical
200.00	17.467	223.76	0.0044690	23.239	26.674	91.818	38.228	58.816	333.18	2.5130	27.632	0.040424	supercritical
200.00	17.500	224.23	0.0044598	23.234	26.669	91.793	38.232	58.846	333.25	2.5102	27.648	0.040450	supercritical
200.00	17.533	224.69	0.0044506	23.230	26.664	91.769	38.236	58.876	333.31	2.5075	27.663	0.040476	supercritical
200.00	17.567	225.15	0.0044415	23.225	26.659	91.745	38.240	58.906	333.38	2.5047	27.679	0.040502	supercritical
200.00	17.600	225.61	0.0044324	23.221	26.654	91.721	38.245	58.935	333.44	2.5019	27.694	0.040528	supercritical
200.00	17.633	226.07	0.0044233	23.217	26.649	91.697	38.249	58.965	333.51	2.4991	27.710	0.040554	supercritical
200.00	17.667	226.54	0.0044143	23.212	26.644	91.673	38.253	58.995	333.57	2.4963	27.726	0.040580	supercritical
200.00	17.700	227.00	0.0044053	23.208	26.639	91.649	38.257	59.025	333.64	2.4936	27.741	0.040607	supercritical
200.00	17.733	227.46	0.0043964	23.203	26.635	91.625	38.261	59.055	333.71	2.4908	27.757	0.040633	supercritical
200.00	17.767	227.92	0.0043874	23.199	26.630	91.601	38.266	59.084	333.77	2.4880	27.773	0.040659	supercritical
200.00	17.800	228.38	0.0043786	23.195	26.625	91.577	38.270	59.114	333.84	2.4852	27.789	0.040685	supercritical
200.00	17.833	228.85	0.0043697	23.190	26.620	91.553	38.274	59.144	333.91	2.4824	27.804	0.040712	supercritical
200.00	17.867	229.31	0.0043609	23.186	26.615	91.529	38.278	59.174	333.97	2.4796	27.820	0.040738	supercritical
200.00	17.900	229.77	0.0043522	23.182	26.610	91.505	38.282	59.203	334.04	2.4768	27.836	0.040764	supercritical
200.00	17.933	230.23	0.0043434	23.177	26.605	91.481	38.287	59.233	334.11	2.4741	27.852	0.040791	supercritical
200.00	17.967	230.69	0.0043347	23.173	26.600	91.457	38.291	59.262	334.18	2.4713	27.868	0.040817	supercritical
200.00	18.000	231.16	0.0043261	23.168	26.595	91.434	38.295	59.292	334.25	2.4685	27.884	0.040844	supercritical
200.00	18.033	231.62	0.0043174	23.164	26.591	91.410	38.299	59.322	334.32	2.4657	27.900	0.040870	supercritical
200.00	18.067	232.08	0.0043088	23.160	26.586	91.386	38.303	59.351	334.39	2.4629	27.916	0.040897	supercritical
200.00	18.100	232.54	0.0043003	23.155	26.581	91.363	38.307	59.381	334.46	2.4601	27.932	0.040923	supercritical
200.00	18.133	233.00	0.0042918	23.151	26.576	91.339	38.311	59.410	334.52	2.4573	27.948	0.040950	supercritical
200.00	18.167	233.47	0.0042833	23.147	26.571	91.316	38.316	59.439	334.60	2.4545	27.964	0.040976	supercritical
200.00	18.200	233.93	0.0042748	23.142	26.566	91.292	38.320	59.469	334.67	2.4517	27.980	0.041003	supercritical
200.00	18.233	234.39	0.0042664	23.138	26.561	91.268	38.324	59.498	334.74	2.4489	27.996	0.041029	supercritical
200.00	18.267	234.85	0.0042580	23.133	26.556	91.245	38.328	59.528	334.81	2.4461	28.012	0.041056	supercritical
200.00	18.300	235.31	0.0042496	23.129	26.552	91.222	38.332	59.557	334.88	2.4433	28.028	0.041083	supercritical
200.00	18.333	235.78	0.0042413	23.125	26.547	91.198	38.336	59.586	334.95	2.4405	28.044	0.041110	supercritical
200.00	18.367	236.24	0.0042330	23.120	26.542	91.175	38.340	59.615	335.02	2.4377	28.061	0.041136	supercritical
200.00	18.400	236.70	0.0042248	23.116	26.537	91.151	38.344	59.645	335.09	2.4349	28.077	0.041163	supercritical
200.00	18.433	237.16	0.0042165	23.112	26.532	91.128	38.348	59.674	335.17	2.4321	28.093	0.041190	supercritical
200.00	18.467	237.62	0.0042084	23.107	26.527	91.105	38.352	59.703	335.24	2.4293	28.109	0.041217	supercritical
200.00	18.500	238.08	0.0042002	23.103	26.523	91.082	38.357	59.732	335.31	2.4265	28.126	0.041244	supercritical
200.00	18.533	238.55	0.0041921	23.098	26.518	91.058	38.361	59.761	335.39	2.4237	28.142	0.041270	supercritical
200.00	18.567	239.01	0.0041840	23.094	26.513	91.035	38.365	59.790	335.46	2.4209	28.158	0.041297	supercritical
200.00	18.600	239.47	0.0041759	23.090	26.508	91.012	38.369	59.819	335.53	2.4181	28.175	0.041324	supercritical
200.00	18.633	239.93	0.0041679	23.085	26.503	90.989	38.373	59.848	335.61	2.4153	28.191	0.041351	supercritical
200.00	18.667	240.39	0.0041599	23.081	26.498	90.966	38.377	59.877	335.68	2.4125	28.208	0.041378	supercritical
200.00	18.700	240.85	0.0041519	23.077	26.494	90.943	38.381	59.906	335.76	2.4096	28.224	0.041405	supercritical
200.00	18.733	241.32	0.0041440	23.072	26.489	90.920	38.385	59.935	335.83	2.4068	28.241	0.041432	supercritical
200.00	18.767	241.78	0.0041360	23.068	26.484	90.897	38.389	59.964	335.91	2.4040	28.257	0.041459	supercritical
200.00	18.800	242.24	0.0041282	23.064	26.479	90.874	38.393	59.993	335.98	2.4012	28.274	0.041486	supercritical
200.00	18.833	242.70	0.0041203	23.059	26.474	90.851	38.397	60.022	336.06	2.3984	28.290	0.041514	supercritical
200.00	18.867	243.16	0.0041125	23.055	26.470	90.828	38.401	60.050	336.14	2.3956	28.307	0.041541	supercritical
200.00	18.900	243.62	0.0041047	23.051	26.465	90.805	38.405	60.079	336.21	2.3928	28.324	0.041568	supercritical
200.00	18.933	244.08	0.0040970	23.046	26.460	90.782	38.409	60.108	336.29	2.3900	28.340	0.041595	supercritical
200.00	18.967	244.54	0.0040892	23.042	26.455	90.759	38.413	60.137	336.37	2.3872	28.357	0.041622	supercritical
200.00	19.000	245.01	0.0040815	23.038	26.450	90.737	38.417	60.165	336.44	2.3843	28.374	0.041650	supercritical
200.00	19.033	245.47	0.0040739	23.033	26.446	90.714	38.421	60.194	336.52	2.3815	28.391	0.041677	supercritical
200.00	19.067	245.93	0.0040662	23.029	26.441	90.691	38.425	60.223	336.60	2.3787	28.407	0.041704	supercritical
200.00	19.100	246.39	0.0040586	23.025	26.436	90.668	38.429	60.251	336.68	2.3759	28.424	0.041731	supercritical
200.00	19.133	246.85	0.0040510	23.020	26.431	90.646	38.433	60.280	336.76	2.3731	28.441	0.041759	supercritical
200.00	19.167	247.31	0.0040435	23.016	26.427	90.623	38.437	60.308	336.83	2.3703	28.458	0.041786	supercritical
200.00	19.200	247.77	0.0040360	23.011	26.422	90.601	38.440	60.337	336.91	2.3674	28.475	0.041814	supercritical
200.00	19.233	248.23	0.0040285	23.007	26.417	90.578	38.444	60.365	336.99	2.3646	28.492	0.041841	supercritical
200.00	19.267	248.69	0.0040210	23.003	26.412	90.556	38.448	60.393	337.07	2.3618	28.509	0.041868	supercritical
200.00	19.300	249.16	0.0040136	22.998	26.408	90.533	38.452	60.422	337.15	2.3590	28.526	0.041896	supercritical
200.00	19.333	249.62	0.0040062	22.994	26.403	90.511	38.456	60.450	337.23	2.3562	28.543	0.041923	supercritical
200.00	19.367	250.08	0.0039988	22.990	26.398	90.488	38.460	60.478	337.31	2.3533	28.560	0.041951	supercritical
200.00	19.400	250.54	0.0039914	22.985	26.393	90.466	38.464	60.507	337.39	2.3505	28.577	0.041979	supercritical
200.00	19.433	251.00	0.0039841	22.981	26.389	90.443	38.468	60.535	337.48	2.3477	28.594	0.042006	supercritical
200.00	19.467	251.46	0.0039768	22.977	26.384	90.421	38.472	60.563	337.56	2.3449	28.611	0.042034	supercritical
200.00	19.500	251.92	0.0039695	22.973	26.379	90.399	38.476	60.591	337.64	2.3421	28.628	0.042061	supercritical
200.00	19.533	252.38	0.0039623	22.968	26.374	90.376	38.479	60.619	337.72	2.3392	28.645	0.042089	supercritical
200.00	19.567	252.84	0.0039551	22.964	26.370	90.354	38.483	60.647	337.80	2.3364	28.662	0.042117	supercritical
200.00	19.600	253.30	0.0039479	22.960	26.365	90.332	38.487	60.675	337.89	2.3336	28.680	0.042144	supercritical
200.00	19.633	253.76	0.0039407	22.955	26.360	90.310	38.491	60.703	337.97	2.3308	28.697	0.042172	supercritical
200.00	19.667	254.22	0.0039336	22.951	26.356	90.287	38.495	60.731	338.05	2.3280	28.714	0.042200	supercritical
200.00	19.700	254.68	0.0039265	22.947	26.351	90.265	38.499	60.759	338.14	2.3251	28.731	0.042228	supercritical
200.00	19.733	255.14	0.0039194	22.942	26.346	90.243	38.503	60.787	338.22	2.3223	28.749	0.042255	supercritical
200.00	19.767	255.60	0.0039124	22.938	26.341	90.221	38.506	60.815	338.30	2.3195	28.766	0.042283	supercritical
200.00	19.800	256.06	0.0039053	22.934	26.337	90.199	38.510	60.843	338.39	2.3167	28.783	0.042311	supercritical
200.00	19.833	256.52	0.0038983	22.929	26.332	90.177	38.514	60.871	338.47	2.3138	28.801	0.042339	supercritical
200.00	19.867	256.98	0.0038913	22.925	26.327	90.155	38.518	60.898	338.56	2.3110	28.818	0.042367	supercritical
200.00	19.900	257.44	0.0038844	22.921	26.323	90.133	38.522	60.926	338.64	2.3082	28.836	0.042395	supercritical
200.00	19.933	257.90	0.0038775	22.916	26.318	90.111	38.525	60.954	338.73	2.3054	28.853	0.042423	supercritical
200.00	19.967	258.36	0.0038706	22.912	26.313	90.089	38.529	60.981	338.81	2.3026	28.871	0.042451	supercritical
200.00	20.000	258.82	0.0038637	22.908	26.309	90.067	38.533	61.009	338.90	2.2997	28.888	0.042479	supercritical
200.00	20.033	259.28	0.0038569	22.903	26.304	90.046	38.537	61.036	338.99	2.2969	28.906	0.042507	supercritical
200.00	20.067	259.74	0.0038500	22.899	26.299	90.024	38.541	61.064	339.07	2.2941	28.923	0.042535	supercritical
200.00	20.100	260.20	0.0038432	22.895	26.295	90.002	38.544	61.091	339.16	2.2913	28.941	0.042563	supercritical
200.00	20.133	260.66	0.0038365	22.891	26.290	89.980	38.548	61.119	339.25	2.2884	28.958	0.042591	supercritical
200.00	20.167	261.12	0.0038297	22.886	26.285	89.958	38.552	61.146	339.33	2.2856	28.976	0.042619	supercritical
200.00	20.200	261.57	0.0038230	22.882	26.281	89.937	38.556	61.174	339.42	2.2828	28.994	0.042647	supercritical
200.00	20.233	262.03	0.0038163	22.878	26.276	89.915	38.559	61.201	339.51	2.2800	29.011	0.042675	supercritical
200.00	20.267	262.49	0.0038096	22.873	26.271	89.893	38.563	61.228	339.60	2.2771	29.029	0.042704	supercritical
200.00	20.300	262.95	0.0038030	22.869	26.267	89.872	38.567	61.255	339.69	2.2743	29.047	0.042732	supercritical
200.00	20.333	263.41	0.0037964	22.865	26.262	89.850	38.570	61.283	339.78	2.2715	29.065	0.042760	supercritical
200.00	20.367	263.87	0.0037898	22.860	26.257	89.829	38.574	61.310	339.87	2.2687	29.083	0.042788	supercritical
200.00	20.400	264.33	0.0037832	22.856	26.253	89.807	38.578	61.337	339.95	2.2659	29.100	0.042816	supercritical
200.00	20.433	264.79	0.0037766	22.852	26.248	89.786	38.582	61.364	340.04	2.2630	29.118	0.042845	supercritical
200.00	20.467	265.24	0.0037701	22.848	26.243	89.764	38.585	61.391	340.13	2.2602	29.136	0.042873	supercritical
200.00	20.500	265.70	0.0037636	22.843	26.239	89.743	38.589	61.418	340.22	2.2574	29.154	0.042901	supercritical
200.00	20.533	266.16	0.0037571	22.839	26.234	89.721	38.593	61.445	340.32	2.2546	29.172	0.042930	supercritical
200.00	20.567	266.62	0.0037507	22.835	26.230	89.700	38.596	61.472	340.41	2.2517	29.190	0.042958	supercritical
200.00	20.600	267.08	0.0037442	22.830	26.225	89.678	38.600	61.499	340.50	2.2489	29.208	0.042987	supercritical
200.00	20.633	267.54	0.0037378	22.826	26.220	89.657	38.604	61.526	340.59	2.2461	29.226	0.043015	supercritical
200.00	20.667	267.99	0.0037314	22.822	26.216	89.636	38.607	61.552	340.68	2.2433	29.244	0.043044	supercritical
200.00	20.700	268.45	0.0037251	22.818	26.211	89.615	38.611	61.579	340.77	2.2405	29.262	0.043072	supercritical
200.00	20.733	268.91	0.0037187	22.813	26.207	89.593	38.615	61.606	340.86	2.2376	29.280	0.043100	supercritical
200.00	20.767	269.37	0.0037124	22.809	26.202	89.572	38.618	61.633	340.96	2.2348	29.298	0.043129	supercritical
200.00	20.800	269.82	0.0037061	22.805	26.197	89.551	38.622	61.659	341.05	2.2320	29.316	0.043158	supercritical
200.00	20.833	270.28	0.0036998	22.801	26.193	89.530	38.625	61.686	341.14	2.2292	29.335	0.043186	supercritical
200.00	20.867	270.74	0.0036936	22.796	26.188	89.509	38.629	61.712	341.24	2.2263	29.353	0.043215	supercritical
200.00	20.900	271.20	0.0036874	22.792	26.184	89.487	38.633	61.739	341.33	2.2235	29.371	0.043243	supercritical
200.00	20.933	271.65	0.0036812	22.788	26.179	89.466	38.636	61.765	341.42	2.2207	29.389	0.043272	supercritical
200.00	20.967	272.11	0.0036750	22.783	26.174	89.445	38.640	61.792	341.52	2.2179	29.408	0.043301	supercritical
200.00	21.000	272.57	0.0036688	22.779	26.170	89.424	38.643	61.818	341.61	2.2151	29.426	0.043329	supercritical
200.00	21.033	273.02	0.0036627	22.775	26.165	89.403	38.647	61.844	341.71	2.2123	29.444	0.043358	supercritical
200.00	21.067	273.48	0.0036566	22.771	26.161	89.382	38.651	61.871	341.80	2.2094	29.462	0.043387	supercritical
200.00	21.100	273.94	0.0036505	22.766	26.156	89.361	38.654	61.897	341.90	2.2066	29.481	0.043415	supercritical
200.00	21.133	274.39	0.0036444	22.762	26.152	89.340	38.658	61.923	341.99	2.2038	29.499	0.043444	supercritical
200.00	21.167	274.85	0.0036383	22.758	26.147	89.319	38.661	61.949	342.09	2.2010	29.518	0.043473	supercritical
200.00	21.200	275.31	0.0036323	22.754	26.143	89.299	38.665	61.976	342.19	2.1982	29.536	0.043502	supercritical
200.00	21.233	275.76	0.0036263	22.749	26.138	89.278	38.668	62.002	342.28	2.1954	29.555	0.043531	supercritical
200.00	21.267	276.22	0.0036203	22.745	26.134	89.257	38.672	62.028	342.38	2.1925	29.573	0.043559	supercritical
200.00	21.300	276.68	0.0036143	22.741	26.129	89.236	38.675	62.054	342.48	2.1897	29.592	0.043588	supercritical
200.00	21.333	277.13	0.0036084	22.737	26.124	89.215	38.679	62.080	342.57	2.1869	29.610	0.043617	supercritical
200.00	21.367	277.59	0.0036025	22.732	26.120	89.195	38.682	62.106	342.67	2.1841	29.629	0.043646	supercritical
200.00	21.400	278.04	0.0035966	22.728	26.115	89.174	38.686	62.131	342.77	2.1813	29.647	0.043675	supercritical
200.00	21.433	278.50	0.0035907	22.724	26.111	89.153	38.689	62.157	342.87	2.1785	29.666	0.043704	supercritical
200.00	21.467	278.95	0.0035848	22.720	26.106	89.133	38.693	62.183	342.97	2.1757	29.685	0.043733	supercritical
200.00	21.500	279.41	0.0035790	22.715	26.102	89.112	38.696	62.209	343.07	2.1728	29.703	0.043762	supercritical
200.00	21.533	279.87	0.0035731	22.711	26.097	89.091	38.700	62.234	343.16	2.1700	29.722	0.043791	supercritical
200.00	21.567	280.32	0.0035673	22.707	26.093	89.071	38.703	62.260	343.26	2.1672	29.741	0.043820	supercritical
200.00	21.600	280.78	0.0035616	22.703	26.088	89.050	38.707	62.286	343.36	2.1644	29.759	0.043849	supercritical
200.00	21.633	281.23	0.0035558	22.699	26.084	89.030	38.710	62.311	343.46	2.1616	29.778	0.043878	supercritical
200.00	21.667	281.68	0.0035501	22.694	26.079	89.009	38.714	62.337	343.56	2.1588	29.797	0.043907	supercritical
200.00	21.700	282.14	0.0035443	22.690	26.075	88.989	38.717	62.362	343.66	2.1560	29.816	0.043936	supercritical
200.00	21.733	282.59	0.0035386	22.686	26.070	88.968	38.721	62.388	343.76	2.1532	29.835	0.043965	supercritical
200.00	21.767	283.05	0.0035330	22.682	26.066	88.948	38.724	62.413	343.87	2.1504	29.854	0.043994	supercritical
200.00	21.800	283.50	0.0035273	22.677	26.062	88.927	38.728	62.438	343.97	2.1476	29.872	0.044024	supercritical
200.00	21.833	283.96	0.0035217	22.673	26.057	88.907	38.731	62.464	344.07	2.1448	29.891	0.044053	supercritical
200.00	21.867	284.41	0.0035160	22.669	26.053	88.887	38.734	62.489	344.17	2.1420	29.910	0.044082	supercritical
200.00	21.900	284.86	0.0035104	22.665	26.048	88.866	38.738	62.514	344.27	2.1392	29.929	0.044111	supercritical
200.00	21.933	285.32	0.0035049	22.660	26.044	88.846	38.741	62.539	344.37	2.1364	29.948	0.044140	supercritical
200.00	21.967	285.77	0.0034993	22.656	26.039	88.826	38.745	62.564	344.48	2.1336	29.967	0.044170	supercritical
200.00	22.000	286.23	0.0034937	22.652	26.035	88.806	38.748	62.589	344.58	2.1308	29.986	0.044199	supercritical
200.00	22.033	286.68	0.0034882	22.648	26.030	88.785	38.751	62.614	344.68	2.1280	30.005	0.044228	supercritical
200.00	22.067	287.13	0.0034827	22.644	26.026	88.765	38.755	62.639	344.79	2.1252	30.024	0.044258	supercritical
200.00	22.100	287.59	0.0034772	22.639	26.021	88.745	38.758	62.664	344.89	2.1224	30.044	0.044287	supercritical
200.00	22.133	288.04	0.0034718	22.635	26.017	88.725	38.762	62.689	344.99	2.1196	30.063	0.044316	supercritical
200.00	22.167	288.49	0.0034663	22.631	26.013	88.705	38.765	62.714	345.10	2.1168	30.082	0.044346	supercritical
200.00	22.200	288.94	0.0034609	22.627	26.008	88.685	38.768	62.739	345.20	2.1140	30.101	0.044375	supercritical
200.00	22.233	289.40	0.0034555	22.623	26.004	88.665	38.772	62.763	345.31	2.1112	30.120	0.044404	supercritical
200.00	22.267	289.85	0.0034501	22.618	25.999	88.645	38.775	62.788	345.41	2.1084	30.139	0.044434	supercritical
200.00	22.300	290.30	0.0034447	22.614	25.995	88.625	38.778	62.813	345.52	2.1056	30.159	0.044463	supercritical
200.00	22.333	290.75	0.0034393	22.610	25.991	88.605	38.782	62.837	345.62	2.1028	30.178	0.044493	supercritical
200.00	22.367	291.21	0.0034340	22.606	25.986	88.585	38.785	62.862	345.73	2.1000	30.197	0.044522	supercritical
200.00	22.400	291.66	0.0034287	22.602	25.982	88.565	38.788	62.886	345.84	2.0972	30.217	0.044552	supercritical
200.00	22.433	292.11	0.0034234	22.597	25.977	88.545	38.792	62.911	345.94	2.0944	30.236	0.044581	supercritical
200.00	22.467	292.56	0.0034181	22.593	25.973	88.525	38.795	62.935	346.05	2.0916	30.255	0.044611	supercritical
200.00	22.500	293.01	0.0034128	22.589	25.969	88.505	38.798	62.960	346.16	2.0888	30.275	0.044640	supercritical
200.00	22.533	293.46	0.0034076	22.585	25.964	88.485	38.801	62.984	346.26	2.0861	30.294	0.044670	supercritical
200.00	22.567	293.92	0.0034023	22.581	25.960	88.465	38.805	63.008	346.37	2.0833	30.314	0.044699	supercritical
200.00	22.600	294.37	0.0033971	22.577	25.955	88.446	38.808	63.032	346.48	2.0805	30.333	0.044729	supercritical
200.00	22.633	294.82	0.0033919	22.572	25.951	88.426	38.811	63.057	346.59	2.0777	30.353	0.044759	supercritical
200.00	22.667	295.27	0.0033868	22.568	25.947	88.406	38.815	63.081	346.69	2.0749	30.372	0.044788	supercritical
200.00	22.700	295.72	0.0033816	22.564	25.942	88.386	38.818	63.105	346.80	2.0721	30.392	0.044818	supercritical
200.00	22.733	296.17	0.0033764	22.560	25.938	88.367	38.821	63.129	346.91	2.0694	30.411	0.044848	supercritical
200.00	22.767	296.62	0.0033713	22.556	25.934	88.347	38.824	63.153	347.02	2.0666	30.431	0.044877	supercritical
200.00	22.800	297.07	0.0033662	22.552	25.929	88.327	38.828	63.177	347.13	2.0638	30.450	0.044907	supercritical
200.00	22.833	297.52	0.0033611	22.547	25.925	88.308	38.831	63.201	347.24	2.0610	30.470	0.044937	supercritical
200.00	22.867	297.97	0.0033560	22.543	25.921	88.288	38.834	63.224	347.35	2.0583	30.490	0.044966	supercritical
200.00	22.900	298.42	0.0033510	22.539	25.916	88.269	38.837	63.248	347.46	2.0555	30.509	0.044996	supercritical
200.00	22.933	298.87	0.0033459	22.535	25.912	88.249	38.840	63.272	347.57	2.0527	30.529	0.045026	supercritical
200.00	22.967	299.32	0.0033409	22.531	25.908	88.230	38.844	63.296	347.68	2.0499	30.549	0.045056	supercritical
200.00	23.000	299.77	0.0033359	22.527	25.903	88.210	38.847	63.319	347.79	2.0472	30.569	0.045086	supercritical
200.00	23.033	300.22	0.0033309	22.522	25.899	88.191	38.850	63.343	347.90	2.0444	30.588	0.045115	supercritical
200.00	23.067	300.67	0.0033260	22.518	25.895	88.171	38.853	63.366	348.01	2.0416	30.608	0.045145	supercritical
200.00	23.100	301.11	0.0033210	22.514	25.890	88.152	38.856	63.390	348.13	2.0389	30.628	0.045175	supercritical
200.00	23.133	301.56	0.0033161	22.510	25.886	88.132	38.860	63.413	348.24	2.0361	30.648	0.045205	supercritical
200.00	23.167	302.01	0.0033111	22.506	25.882	88.113	38.863	63.437	348.35	2.0333	30.668	0.045235	supercritical
200.00	23.200	302.46	0.0033062	22.502	25.877	88.094	38.866	63.460	348.46	2.0306	30.687	0.045265	supercritical
200.00	23.233	302.91	0.0033013	22.498	25.873	88.074	38.869	63.483	348.58	2.0278	30.707	0.045295	supercritical
200.00	23.267	303.36	0.0032965	22.493	25.869	88.055	38.872	63.507	348.69	2.0250	30.727	0.045325	supercritical
200.00	23.300	303.80	0.0032916	22.489	25.865	88.036	38.875	63.530	348.80	2.0223	30.747	0.045355	supercritical
200.00	23.333	304.25	0.0032868	22.485	25.860	88.017	38.879	63.553	348.92	2.0195	30.767	0.045384	supercritical
200.00	23.367	304.70	0.0032819	22.481	25.856	87.997	38.882	63.576	349.03	2.0168	30.787	0.045414	supercritical
200.00	23.400	305.15	0.0032771	22.477	25.852	87.978	38.885	63.599	349.14	2.0140	30.807	0.045444	supercritical
200.00	23.433	305.59	0.0032723	22.473	25.847	87.959	38.888	63.622	349.26	2.0113	30.827	0.045474	supercritical
200.00	23.467	306.04	0.0032675	22.469	25.843	87.940	38.891	63.645	349.37	2.0085	30.847	0.045504	supercritical
200.00	23.500	306.49	0.0032628	22.464	25.839	87.921	38.894	63.668	349.49	2.0058	30.867	0.045534	supercritical
200.00	23.533	306.93	0.0032580	22.460	25.835	87.902	38.897	63.691	349.60	2.0030	30.888	0.045565	supercritical
200.00	23.567	307.38	0.0032533	22.456	25.830	87.883	38.900	63.713	349.72	2.0003	30.908	0.045595	supercritical
200.00	23.600	307.83	0.0032486	22.452	25.826	87.864	38.903	63.736	349.83	1.9975	30.928	0.045625	supercritical
200.00	23.633	308.27	0.0032439	22.448	25.822	87.845	38.906	63.759	349.95	1.9948	30.948	0.045655	supercritical
200.00	23.667	308.72	0.0032392	22.444	25.818	87.825	38.910	63.782	350.07	1.9920	30.968	0.045685	supercritical
200.00	23.700	309.16	0.0032345	22.440	25.813	87.807	38.913	63.804	350.18	1.9893	30.988	0.045715	supercritical
200.00	23.733	309.61	0.0032299	22.436	25.809	87.788	38.916	63.827	350.30	1.9865	31.009	0.045745	supercritical
200.00	23.767	310.06	0.0032252	22.432	25.805	87.769	38.919	63.849	350.42	1.9838	31.029	0.045775	supercritical
200.00	23.800	310.50	0.0032206	22.427	25.801	87.750	38.922	63.872	350.53	1.9811	31.049	0.045805	supercritical
200.00	23.833	310.95	0.0032160	22.423	25.797	87.731	38.925	63.894	350.65	1.9783	31.070	0.045836	supercritical
200.00	23.867	311.39	0.0032114	22.419	25.792	87.712	38.928	63.916	350.77	1.9756	31.090	0.045866	supercritical
200.00	23.900	311.84	0.0032068	22.415	25.788	87.693	38.931	63.939	350.89	1.9728	31.110	0.045896	supercritical
200.00	23.933	312.28	0.0032023	22.411	25.784	87.674	38.934	63.961	351.00	1.9701	31.131	0.045926	supercritical
200.00	23.967	312.72	0.0031977	22.407	25.780	87.656	38.937	63.983	351.12	1.9674	31.151	0.045956	supercritical
200.00	24.000	313.17	0.0031932	22.403	25.776	87.637	38.940	64.005	351.24	1.9647	31.171	0.045987	supercritical
200.00	24.033	313.61	0.0031886	22.399	25.771	87.618	38.943	64.027	351.36	1.9619	31.192	0.046017	supercritical
200.00	24.067	314.06	0.0031841	22.395	25.767	87.599	38.946	64.049	351.48	1.9592	31.212	0.046047	supercritical
200.00	24.100	314.50	0.0031796	22.391	25.763	87.581	38.949	64.071	351.60	1.9565	31.233	0.046077	supercritical
200.00	24.133	314.94	0.0031752	22.386	25.759	87.562	38.952	64.093	351.72	1.9537	31.253	0.046108	supercritical
200.00	24.167	315.39	0.0031707	22.382	25.755	87.543	38.955	64.115	351.84	1.9510	31.274	0.046138	supercritical
200.00	24.200	315.83	0.0031663	22.378	25.750	87.525	38.958	64.137	351.96	1.9483	31.294	0.046168	supercritical
200.00	24.233	316.27	0.0031618	22.374	25.746	87.506	38.961	64.159	352.08	1.9456	31.315	0.046199	supercritical
200.00	24.267	316.72	0.0031574	22.370	25.742	87.487	38.964	64.180	352.20	1.9429	31.336	0.046229	supercritical
200.00	24.300	317.16	0.0031530	22.366	25.738	87.469	38.967	64.202	352.32	1.9402	31.356	0.046259	supercritical
200.00	24.333	317.60	0.0031486	22.362	25.734	87.450	38.970	64.224	352.44	1.9374	31.377	0.046290	supercritical
200.00	24.367	318.04	0.0031442	22.358	25.730	87.432	38.973	64.245	352.56	1.9347	31.397	0.046320	supercritical
200.00	24.400	318.48	0.0031399	22.354	25.726	87.413	38.976	64.267	352.68	1.9320	31.418	0.046351	supercritical
200.00	24.433	318.93	0.0031355	22.350	25.721	87.395	38.979	64.288	352.81	1.9293	31.439	0.046381	supercritical
200.00	24.467	319.37	0.0031312	22.346	25.717	87.376	38.981	64.310	352.93	1.9266	31.460	0.046411	supercritical
200.00	24.500	319.81	0.0031269	22.342	25.713	87.358	38.984	64.331	353.05	1.9239	31.480	0.046442	supercritical
200.00	24.533	320.25	0.0031226	22.338	25.709	87.340	38.987	64.352	353.17	1.9212	31.501	0.046472	supercritical
200.00	24.567	320.69	0.0031183	22.334	25.705	87.321	38.990	64.374	353.30	1.9185	31.522	0.046503	supercritical
200.00	24.600	321.13	0.0031140	22.330	25.701	87.303	38.993	64.395	353.42	1.9158	31.543	0.046533	supercritical
200.00	24.633	321.57	0.0031097	22.325	25.697	87.284	38.996	64.416	353.54	1.9131	31.563	0.046564	supercritical
200.00	24.667	322.01	0.0031055	22.321	25.693	87.266	38.999	64.437	353.67	1.9104	31.584	0.046594	supercritical
200.00	24.700	322.45	0.0031012	22.317	25.689	87.248	39.002	64.458	353.79	1.9077	31.605	0.046625	supercritical
200.00	24.733	322.89	0.0030970	22.313	25.684	87.230	39.005	64.479	353.92	1.9050	31.626	0.046655	supercritical
200.00	24.767	323.33	0.0030928	22.309	25.680	87.211	39.007	64.500	354.04	1.9023	31.647	0.046686	supercritical
200.00	24.800	323.77	0.0030886	22.305	25.676	87.193	39.010	64.521	354.16	1.8996	31.668	0.046716	supercritical
200.00	24.833	324.21	0.0030844	22.301	25.672	87.175	39.013	64.542	354.29	1.8969	31.689	0.046747	supercritical
200.00	24.867	324.65	0.0030802	22.297	25.668	87.157	39.016	64.563	354.41	1.8943	31.710	0.046777	supercritical
200.00	24.900	325.09	0.0030761	22.293	25.664	87.139	39.019	64.583	354.54	1.8916	31.731	0.046808	supercritical
200.00	24.933	325.53	0.0030719	22.289	25.660	87.120	39.022	64.604	354.66	1.8889	31.752	0.046838	supercritical
200.00	24.967	325.97	0.0030678	22.285	25.656	87.102	39.025	64.625	354.79	1.8862	31.773	0.046869	supercritical
200.00	25.000	326.41	0.0030637	22.281	25.652	87.084	39.027	64.645	354.92	1.8835	31.794	0.046900	supercritical
200.00	25.033	326.85	0.0030596	22.277	25.648	87.066	39.030	64.666	355.04	1.8809	31.815	0.046930	supercritical
200.00	25.067	327.28	0.0030555	22.273	25.644	87.048	39.033	64.686	355.17	1.8782	31.836	0.046961	supercritical
200.00	25.100	327.72	0.0030514	22.269	25.640	87.030	39.036	64.707	355.30	1.8755	31.857	0.046992	supercritical
200.00	25.133	328.16	0.0030473	22.265	25.636	87.012	39.039	64.727	355.42	1.8728	31.878	0.047022	supercritical
200.00	25.167	328.60	0.0030432	22.261	25.632	86.994	39.041	64.748	355.55	1.8702	31.899	0.047053	supercritical
200.00	25.200	329.03	0.0030392	22.257	25.628	86.976	39.044	64.768	355.68	1.8675	31.920	0.047083	supercritical
200.00	25.233	329.47	0.0030352	22.253	25.624	86.958	39.047	64.788	355.81	1.8648	31.942	0.047114	supercritical
200.00	25.267	329.91	0.0030312	22.249	25.619	86.940	39.050	64.808	355.93	1.8622	31.963	0.047145	supercritical
200.00	25.300	330.34	0.0030272	22.245	25.615	86.922	39.053	64.828	356.06	1.8595	31.984	0.047176	supercritical
200.00	25.333	330.78	0.0030232	22.241	25.611	86.905	39.055	64.848	356.19	1.8569	32.005	0.047206	supercritical
200.00	25.367	331.22	0.0030192	22.237	25.607	86.887	39.058	64.868	356.32	1.8542	32.027	0.047237	supercritical
200.00	25.400	331.65	0.0030152	22.233	25.603	86.869	39.061	64.888	356.45	1.8515	32.048	0.047268	supercritical
200.00	25.433	332.09	0.0030113	22.229	25.599	86.851	39.064	64.908	356.58	1.8489	32.069	0.047298	supercritical
200.00	25.467	332.52	0.0030073	22.225	25.595	86.833	39.066	64.928	356.71	1.8462	32.090	0.047329	supercritical
200.00	25.500	332.96	0.0030034	22.221	25.591	86.816	39.069	64.948	356.84	1.8436	32.112	0.047360	supercritical
200.00	25.533	333.39	0.0029995	22.217	25.587	86.798	39.072	64.968	356.97	1.8409	32.133	0.047391	supercritical
200.00	25.567	333.83	0.0029956	22.213	25.583	86.780	39.075	64.987	357.10	1.8383	32.155	0.047421	supercritical
200.00	25.600	334.26	0.0029917	22.209	25.579	86.762	39.077	65.007	357.23	1.8357	32.176	0.047452	supercritical
200.00	25.633	334.70	0.0029878	22.205	25.575	86.745	39.080	65.027	357.36	1.8330	32.197	0.047483	supercritical
200.00	25.667	335.13	0.0029839	22.201	25.572	86.727	39.083	65.046	357.49	1.8304	32.219	0.047514	supercritical
200.00	25.700	335.57	0.0029800	22.197	25.568	86.710	39.085	65.066	357.62	1.8277	32.240	0.047545	supercritical
200.00	25.733	336.00	0.0029762	22.193	25.564	86.692	39.088	65.085	357.75	1.8251	32.262	0.047575	supercritical
200.00	25.767	336.43	0.0029724	22.189	25.560	86.674	39.091	65.105	357.88	1.8225	32.283	0.047606	supercritical
200.00	25.800	336.87	0.0029685	22.185	25.556	86.657	39.093	65.124	358.01	1.8198	32.305	0.047637	supercritical
200.00	25.833	337.30	0.0029647	22.181	25.552	86.639	39.096	65.143	358.14	1.8172	32.326	0.047668	supercritical
200.00	25.867	337.73	0.0029609	22.177	25.548	86.622	39.099	65.162	358.28	1.8146	32.348	0.047699	supercritical
200.00	25.900	338.17	0.0029571	22.173	25.544	86.604	39.101	65.182	358.41	1.8120	32.369	0.047730	supercritical
200.00	25.933	338.60	0.0029534	22.169	25.540	86.587	39.104	65.201	358.54	1.8093	32.391	0.047760	supercritical
200.00	25.967	339.03	0.0029496	22.165	25.536	86.569	39.107	65.220	358.67	1.8067	32.413	0.047791	supercritical
200.00	26.000	339.46	0.0029458	22.161	25.532	86.552	39.109	65.239	358.81	1.8041	32.434	0.047822	supercritical
200.00	26.033	339.89	0.0029421	22.157	25.528	86.534	39.112	65.258	358.94	1.8015	32.456	0.047853	supercritical
200.00	26.067	340.33	0.0029384	22.153	25.524	86.517	39.115	65.277	359.07	1.7989	32.477	0.047884	supercritical
200.00	26.100	340.76	0.0029346	22.149	25.520	86.500	39.117	65.296	359.21	1.7963	32.499	0.047915	supercritical
200.00	26.133	341.19	0.0029309	22.145	25.516	86.482	39.120	65.314	359.34	1.7937	32.521	0.047946	supercritical
200.00	26.167	341.62	0.0029272	22.142	25.513	86.465	39.123	65.333	359.47	1.7910	32.543	0.047977	supercritical
200.00	26.200	342.05	0.0029236	22.138	25.509	86.448	39.125	65.352	359.61	1.7884	32.564	0.048008	supercritical
200.00	26.233	342.48	0.0029199	22.134	25.505	86.430	39.128	65.370	359.74	1.7858	32.586	0.048039	supercritical
200.00	26.267	342.91	0.0029162	22.130	25.501	86.413	39.130	65.389	359.88	1.7832	32.608	0.048069	supercritical
200.00	26.300	343.34	0.0029126	22.126	25.497	86.396	39.133	65.408	360.01	1.7806	32.630	0.048100	supercritical
200.00	26.333	343.77	0.0029089	22.122	25.493	86.379	39.136	65.426	360.15	1.7780	32.651	0.048131	supercritical
200.00	26.367	344.20	0.0029053	22.118	25.489	86.361	39.138	65.445	360.28	1.7754	32.673	0.048162	supercritical
200.00	26.400	344.63	0.0029017	22.114	25.485	86.344	39.141	65.463	360.42	1.7729	32.695	0.048193	supercritical
200.00	26.433	345.06	0.0028981	22.110	25.481	86.327	39.143	65.481	360.56	1.7703	32.717	0.048224	supercritical
200.00	26.467	345.49	0.0028945	22.106	25.478	86.310	39.146	65.500	360.69	1.7677	32.739	0.048255	supercritical
200.00	26.500	345.91	0.0028909	22.102	25.474	86.293	39.148	65.518	360.83	1.7651	32.761	0.048286	supercritical
200.00	26.533	346.34	0.0028873	22.098	25.470	86.276	39.151	65.536	360.96	1.7625	32.783	0.048317	supercritical
200.00	26.567	346.77	0.0028837	22.094	25.466	86.259	39.153	65.554	361.10	1.7599	32.805	0.048348	supercritical
200.00	26.600	347.20	0.0028802	22.090	25.462	86.242	39.156	65.572	361.24	1.7573	32.827	0.048379	supercritical
200.00	26.633	347.63	0.0028766	22.087	25.458	86.225	39.159	65.590	361.38	1.7548	32.848	0.048410	supercritical
200.00	26.667	348.05	0.0028731	22.083	25.455	86.208	39.161	65.608	361.51	1.7522	32.870	0.048441	supercritical
200.00	26.700	348.48	0.0028696	22.079	25.451	86.191	39.164	65.626	361.65	1.7496	32.892	0.048472	supercritical
200.00	26.733	348.91	0.0028661	22.075	25.447	86.174	39.166	65.644	361.79	1.7471	32.914	0.048503	supercritical
200.00	26.767	349.34	0.0028626	22.071	25.443	86.157	39.169	65.662	361.93	1.7445	32.937	0.048534	supercritical
200.00	26.800	349.76	0.0028591	22.067	25.439	86.140	39.171	65.680	362.06	1.7419	32.959	0.048565	supercritical
200.00	26.833	350.19	0.0028556	22.063	25.435	86.123	39.174	65.697	362.20	1.7394	32.981	0.048596	supercritical
200.00	26.867	350.61	0.0028521	22.059	25.432	86.106	39.176	65.715	362.34	1.7368	33.003	0.048628	supercritical
200.00	26.900	351.04	0.0028487	22.055	25.428	86.089	39.179	65.732	362.48	1.7342	33.025	0.048659	supercritical
200.00	26.933	351.47	0.0028452	22.051	25.424	86.072	39.181	65.750	362.62	1.7317	33.047	0.048690	supercritical
200.00	26.967	351.89	0.0028418	22.048	25.420	86.055	39.184	65.768	362.76	1.7291	33.069	0.048721	supercritical
200.00	27.000	352.32	0.0028384	22.044	25.416	86.038	39.186	65.785	362.90	1.7266	33.091	0.048752	supercritical
200.00	27.033	352.74	0.0028349	22.040	25.413	86.022	39.189	65.802	363.04	1.7240	33.113	0.048783	supercritical
200.00	27.067	353.16	0.0028315	22.036	25.409	86.005	39.191	65.820	363.18	1.7215	33.136	0.048814	supercritical
200.00	27.100	353.59	0.0028281	22.032	25.405	85.988	39.193	65.837	363.32	1.7189	33.158	0.048845	supercritical
200.00	27.133	354.01	0.0028248	22.028	25.401	85.971	39.196	65.854	363.46	1.7164	33.180	0.048876	supercritical
200.00	27.167	354.44	0.0028214	22.024	25.398	85.955	39.198	65.871	363.60	1.7139	33.202	0.048907	supercritical
200.00	27.200	354.86	0.0028180	22.020	25.394	85.938	39.201	65.889	363.74	1.7113	33.225	0.048938	supercritical
200.00	27.233	355.28	0.0028147	22.017	25.390	85.921	39.203	65.906	363.88	1.7088	33.247	0.048970	supercritical
200.00	27.267	355.71	0.0028113	22.013	25.386	85.905	39.206	65.923	364.02	1.7063	33.269	0.049001	supercritical
200.00	27.300	356.13	0.0028080	22.009	25.383	85.888	39.208	65.940	364.16	1.7037	33.291	0.049032	supercritical
200.00	27.333	356.55	0.0028046	22.005	25.379	85.871	39.211	65.957	364.30	1.7012	33.314	0.049063	supercritical
200.00	27.367	356.97	0.0028013	22.001	25.375	85.855	39.213	65.973	364.45	1.6987	33.336	0.049094	supercritical
200.00	27.400	357.40	0.0027980	21.997	25.371	85.838	39.215	65.990	364.59	1.6962	33.358	0.049125	supercritical
200.00	27.433	357.82	0.0027947	21.993	25.368	85.822	39.218	66.007	364.73	1.6936	33.381	0.049156	supercritical
200.00	27.467	358.24	0.0027914	21.990	25.364	85.805	39.220	66.024	364.87	1.6911	33.403	0.049187	supercritical
200.00	27.500	358.66	0.0027881	21.986	25.360	85.789	39.223	66.040	365.01	1.6886	33.426	0.049219	supercritical
200.00	27.533	359.08	0.0027849	21.982	25.356	85.772	39.225	66.057	365.16	1.6861	33.448	0.049250	supercritical
200.00	27.567	359.50	0.0027816	21.978	25.353	85.756	39.227	66.074	365.30	1.6836	33.470	0.049281	supercritical
200.00	27.600	359.92	0.0027784	21.974	25.349	85.739	39.230	66.090	365.44	1.6811	33.493	0.049312	supercritical
200.00	27.633	360.34	0.0027751	21.970	25.345	85.723	39.232	66.107	365.59	1.6786	33.515	0.049343	supercritical
200.00	27.667	360.76	0.0027719	21.967	25.342	85.706	39.234	66.123	365.73	1.6761	33.538	0.049374	supercritical
200.00	27.700	361.18	0.0027687	21.963	25.338	85.690	39.237	66.139	365.87	1.6736	33.560	0.049406	supercritical
200.00	27.733	361.60	0.0027655	21.959	25.334	85.674	39.239	66.156	366.02	1.6711	33.583	0.049437	supercritical
200.00	27.767	362.02	0.0027623	21.955	25.331	85.657	39.242	66.172	366.16	1.6686	33.605	0.049468	supercritical
200.00	27.800	362.44	0.0027591	21.951	25.327	85.641	39.244	66.188	366.31	1.6661	33.628	0.049499	supercritical
200.00	27.833	362.86	0.0027559	21.947	25.323	85.625	39.246	66.204	366.45	1.6636	33.650	0.049530	supercritical
200.00	27.867	363.28	0.0027527	21.944	25.320	85.608	39.249	66.220	366.60	1.6611	33.673	0.049561	supercritical
200.00	27.900	363.70	0.0027495	21.940	25.316	85.592	39.251	66.236	366.74	1.6586	33.696	0.049593	supercritical
200.00	27.933	364.12	0.0027464	21.936	25.312	85.576	39.253	66.252	366.89	1.6561	33.718	0.049624	supercritical
200.00	27.967	364.53	0.0027432	21.932	25.309	85.560	39.255	66.268	367.03	1.6537	33.741	0.049655	supercritical
200.00	28.000	364.95	0.0027401	21.928	25.305	85.543	39.258	66.284	367.18	1.6512	33.763	0.049686	supercritical
200.00	28.033	365.37	0.0027370	21.925	25.301	85.527	39.260	66.300	367.32	1.6487	33.786	0.049717	supercritical
200.00	28.067	365.79	0.0027338	21.921	25.298	85.511	39.262	66.316	367.47	1.6462	33.809	0.049749	supercritical
200.00	28.100	366.20	0.0027307	21.917	25.294	85.495	39.265	66.332	367.61	1.6438	33.831	0.049780	supercritical
200.00	28.133	366.62	0.0027276	21.913	25.290	85.479	39.267	66.347	367.76	1.6413	33.854	0.049811	supercritical
200.00	28.167	367.04	0.0027245	21.909	25.287	85.463	39.269	66.363	367.91	1.6388	33.877	0.049842	supercritical
200.00	28.200	367.45	0.0027214	21.906	25.283	85.447	39.272	66.378	368.05	1.6364	33.900	0.049874	supercritical
200.00	28.233	367.87	0.0027184	21.902	25.279	85.430	39.274	66.394	368.20	1.6339	33.922	0.049905	supercritical
200.00	28.267	368.28	0.0027153	21.898	25.276	85.414	39.276	66.409	368.35	1.6314	33.945	0.049936	supercritical
200.00	28.300	368.70	0.0027122	21.894	25.272	85.398	39.278	66.425	368.49	1.6290	33.968	0.049967	supercritical
200.00	28.333	369.11	0.0027092	21.890	25.269	85.382	39.281	66.440	368.64	1.6265	33.991	0.049998	supercritical
200.00	28.367	369.53	0.0027062	21.887	25.265	85.366	39.283	66.456	368.79	1.6241	34.013	0.050030	supercritical
200.00	28.400	369.94	0.0027031	21.883	25.261	85.350	39.285	66.471	368.94	1.6216	34.036	0.050061	supercritical
200.00	28.433	370.36	0.0027001	21.879	25.258	85.334	39.287	66.486	369.09	1.6192	34.059	0.050092	supercritical
200.00	28.467	370.77	0.0026971	21.875	25.254	85.318	39.290	66.501	369.23	1.6168	34.082	0.050123	supercritical
200.00	28.500	371.19	0.0026941	21.872	25.251	85.302	39.292	66.516	369.38	1.6143	34.105	0.050155	supercritical
200.00	28.533	371.60	0.0026911	21.868	25.247	85.287	39.294	66.531	369.53	1.6119	34.128	0.050186	supercritical
200.00	28.567	372.01	0.0026881	21.864	25.244	85.271	39.296	66.546	369.68	1.6094	34.151	0.050217	supercritical
200.00	28.600	372.42	0.0026851	21.860	25.240	85.255	39.298	66.561	369.83	1.6070	34.174	0.050248	supercritical
200.00	28.633	372.84	0.0026821	21.857	25.236	85.239	39.301	66.576	369.98	1.6046	34.196	0.050280	supercritical
200.00	28.667	373.25	0.0026792	21.853	25.233	85.223	39.303	66.591	370.13	1.6022	34.219	0.050311	supercritical
200.00	28.700	373.66	0.0026762	21.849	25.229	85.207	39.305	66.606	370.28	1.5997	34.242	0.050342	supercritical
200.00	28.733	374.07	0.0026733	21.845	25.226	85.192	39.307	66.621	370.43	1.5973	34.265	0.050373	supercritical
200.00	28.767	374.49	0.0026703	21.842	25.222	85.176	39.310	66.636	370.58	1.5949	34.288	0.050405	supercritical
200.00	28.800	374.90	0.0026674	21.838	25.219	85.160	39.312	66.650	370.73	1.5925	34.311	0.050436	supercritical
200.00	28.833	375.31	0.0026645	21.834	25.215	85.144	39.314	66.665	370.88	1.5901	34.334	0.050467	supercritical
200.00	28.867	375.72	0.0026616	21.830	25.212	85.129	39.316	66.679	371.03	1.5877	34.357	0.050498	supercritical
200.00	28.900	376.13	0.0026587	21.827	25.208	85.113	39.318	66.694	371.18	1.5852	34.380	0.050530	supercritical
200.00	28.933	376.54	0.0026558	21.823	25.205	85.097	39.320	66.708	371.33	1.5828	34.403	0.050561	supercritical
200.00	28.967	376.95	0.0026529	21.819	25.201	85.081	39.323	66.723	371.48	1.5804	34.426	0.050592	supercritical
200.00	29.000	377.36	0.0026500	21.815	25.198	85.066	39.325	66.737	371.63	1.5780	34.449	0.050623	supercritical
200.00	29.033	377.77	0.0026471	21.812	25.194	85.050	39.327	66.751	371.78	1.5756	34.473	0.050655	supercritical
200.00	29.067	378.18	0.0026443	21.808	25.191	85.035	39.329	66.766	371.93	1.5732	34.496	0.050686	supercritical
200.00	29.100	378.59	0.0026414	21.804	25.187	85.019	39.331	66.780	372.08	1.5709	34.519	0.050717	supercritical
200.00	29.133	379.00	0.0026386	21.800	25.184	85.003	39.333	66.794	372.24	1.5685	34.542	0.050748	supercritical
200.00	29.167	379.40	0.0026357	21.797	25.180	84.988	39.335	66.808	372.39	1.5661	34.565	0.050780	supercritical
200.00	29.200	379.81	0.0026329	21.793	25.177	84.972	39.338	66.822	372.54	1.5637	34.588	0.050811	supercritical
200.00	29.233	380.22	0.0026301	21.789	25.173	84.957	39.340	66.836	372.69	1.5613	34.611	0.050842	supercritical
200.00	29.267	380.63	0.0026272	21.786	25.170	84.941	39.342	66.850	372.84	1.5589	34.634	0.050873	supercritical
200.00	29.300	381.03	0.0026244	21.782	25.166	84.926	39.344	66.864	373.00	1.5566	34.658	0.050905	supercritical
200.00	29.333	381.44	0.0026216	21.778	25.163	84.910	39.346	66.878	373.15	1.5542	34.681	0.050936	supercritical
200.00	29.367	381.85	0.0026188	21.775	25.159	84.895	39.348	66.892	373.30	1.5518	34.704	0.050967	supercritical
200.00	29.400	382.25	0.0026161	21.771	25.156	84.880	39.350	66.906	373.46	1.5494	34.727	0.050999	supercritical
200.00	29.433	382.66	0.0026133	21.767	25.152	84.864	39.352	66.919	373.61	1.5471	34.751	0.051030	supercritical
200.00	29.467	383.07	0.0026105	21.763	25.149	84.849	39.354	66.933	373.76	1.5447	34.774	0.051061	supercritical
200.00	29.500	383.47	0.0026077	21.760	25.145	84.833	39.356	66.947	373.92	1.5423	34.797	0.051092	supercritical
200.00	29.533	383.88	0.0026050	21.756	25.142	84.818	39.359	66.960	374.07	1.5400	34.820	0.051124	supercritical
200.00	29.567	384.28	0.0026022	21.752	25.139	84.803	39.361	66.974	374.22	1.5376	34.844	0.051155	supercritical
200.00	29.600	384.69	0.0025995	21.749	25.135	84.787	39.363	66.987	374.38	1.5353	34.867	0.051186	supercritical
200.00	29.633	385.09	0.0025968	21.745	25.132	84.772	39.365	67.001	374.53	1.5329	34.890	0.051217	supercritical
200.00	29.667	385.50	0.0025941	21.741	25.128	84.757	39.367	67.014	374.69	1.5306	34.914	0.051249	supercritical
200.00	29.700	385.90	0.0025913	21.738	25.125	84.742	39.369	67.027	374.84	1.5282	34.937	0.051280	supercritical
200.00	29.733	386.30	0.0025886	21.734	25.121	84.726	39.371	67.041	375.00	1.5259	34.960	0.051311	supercritical
200.00	29.767	386.71	0.0025859	21.730	25.118	84.711	39.373	67.054	375.15	1.5236	34.984	0.051342	supercritical
200.00	29.800	387.11	0.0025832	21.727	25.115	84.696	39.375	67.067	375.31	1.5212	35.007	0.051374	supercritical
200.00	29.833	387.51	0.0025805	21.723	25.111	84.681	39.377	67.080	375.46	1.5189	35.030	0.051405	supercritical
200.00	29.867	387.92	0.0025779	21.719	25.108	84.666	39.379	67.093	375.62	1.5166	35.054	0.051436	supercritical
200.00	29.900	388.32	0.0025752	21.716	25.104	84.650	39.381	67.106	375.77	1.5142	35.077	0.051467	supercritical
200.00	29.933	388.72	0.0025725	21.712	25.101	84.635	39.383	67.119	375.93	1.5119	35.101	0.051499	supercritical
200.00	29.967	389.12	0.0025699	21.708	25.098	84.620	39.385	67.132	376.09	1.5096	35.124	0.051530	supercritical
200.00	30.000	389.53	0.0025672	21.705	25.094	84.605	39.387	67.145	376.24	1.5073	35.148	0.051561	supercritical
