Temperature (C)	Pressure (MPa)	Density (kg/m3)	Volume (m3/kg)	Internal Energy (kJ/mol)	Enthalpy (kJ/mol)	Entropy (J/mol*K)	Cv (J/mol*K)	Cp (J/mol*K)	Sound Spd. (m/s)	Joule-Thomson (K/MPa)	Viscosity (uPa*s)	Therm. Cond. (W/m*K)	Phase
30.000	10.000	771.50	0.0012962	11.383	11.954	53.781	42.262	143.48	382.45	1.2018	66.722	0.084211	liquid
30.000	10.033	772.27	0.0012949	11.376	11.948	53.755	42.238	142.92	383.52	1.1940	66.849	0.084305	liquid
30.000	10.067	773.03	0.0012936	11.369	11.942	53.730	42.215	142.37	384.58	1.1862	66.975	0.084398	liquid
30.000	10.100	773.79	0.0012923	11.362	11.937	53.706	42.192	141.84	385.63	1.1785	67.100	0.084492	liquid
30.000	10.133	774.54	0.0012911	11.355	11.931	53.681	42.169	141.31	386.68	1.1710	67.225	0.084585	liquid
30.000	10.167	775.28	0.0012899	11.349	11.926	53.657	42.147	140.79	387.72	1.1635	67.349	0.084677	liquid
30.000	10.200	776.02	0.0012886	11.342	11.920	53.633	42.125	140.28	388.75	1.1562	67.471	0.084770	liquid
30.000	10.233	776.75	0.0012874	11.335	11.915	53.609	42.104	139.78	389.78	1.1489	67.594	0.084861	liquid
30.000	10.267	777.48	0.0012862	11.328	11.910	53.585	42.083	139.29	390.80	1.1417	67.715	0.084953	liquid
30.000	10.300	778.19	0.0012850	11.322	11.904	53.561	42.062	138.81	391.81	1.1346	67.836	0.085044	liquid
30.000	10.333	778.91	0.0012838	11.315	11.899	53.538	42.042	138.33	392.81	1.1276	67.956	0.085135	liquid
30.000	10.367	779.62	0.0012827	11.309	11.894	53.515	42.022	137.86	393.81	1.1207	68.075	0.085225	liquid
30.000	10.400	780.32	0.0012815	11.302	11.889	53.491	42.002	137.40	394.81	1.1139	68.193	0.085315	liquid
30.000	10.433	781.02	0.0012804	11.296	11.884	53.469	41.983	136.95	395.79	1.1072	68.311	0.085405	liquid
30.000	10.467	781.71	0.0012793	11.289	11.879	53.446	41.964	136.50	396.77	1.1005	68.428	0.085494	liquid
30.000	10.500	782.39	0.0012781	11.283	11.874	53.423	41.945	136.07	397.75	1.0939	68.545	0.085583	liquid
30.000	10.533	783.07	0.0012770	11.277	11.869	53.401	41.927	135.63	398.71	1.0874	68.661	0.085671	liquid
30.000	10.567	783.75	0.0012759	11.271	11.864	53.378	41.909	135.21	399.67	1.0809	68.776	0.085760	liquid
30.000	10.600	784.42	0.0012748	11.264	11.859	53.356	41.891	134.79	400.63	1.0746	68.891	0.085847	liquid
30.000	10.633	785.09	0.0012737	11.258	11.854	53.334	41.873	134.37	401.58	1.0683	69.005	0.085935	liquid
30.000	10.667	785.75	0.0012727	11.252	11.850	53.312	41.856	133.97	402.53	1.0621	69.118	0.086022	liquid
30.000	10.700	786.40	0.0012716	11.246	11.845	53.291	41.839	133.57	403.47	1.0559	69.231	0.086109	liquid
30.000	10.733	787.05	0.0012706	11.240	11.840	53.269	41.822	133.17	404.40	1.0498	69.343	0.086196	liquid
30.000	10.767	787.70	0.0012695	11.234	11.835	53.247	41.805	132.78	405.33	1.0438	69.454	0.086282	liquid
30.000	10.800	788.34	0.0012685	11.228	11.831	53.226	41.789	132.40	406.25	1.0379	69.565	0.086368	liquid
30.000	10.833	788.98	0.0012675	11.222	11.826	53.205	41.773	132.02	407.17	1.0320	69.676	0.086453	liquid
30.000	10.867	789.61	0.0012664	11.216	11.822	53.184	41.757	131.65	408.08	1.0262	69.785	0.086538	liquid
30.000	10.900	790.24	0.0012654	11.210	11.817	53.163	41.741	131.28	408.99	1.0204	69.895	0.086623	liquid
30.000	10.933	790.87	0.0012644	11.204	11.813	53.142	41.726	130.92	409.89	1.0147	70.003	0.086708	liquid
30.000	10.967	791.49	0.0012634	11.199	11.808	53.122	41.711	130.56	410.79	1.0091	70.112	0.086792	liquid
30.000	11.000	792.10	0.0012625	11.193	11.804	53.101	41.696	130.20	411.68	1.0035	70.219	0.086876	liquid
30.000	11.033	792.72	0.0012615	11.187	11.800	53.081	41.681	129.86	412.57	0.99795	70.326	0.086960	liquid
30.000	11.067	793.32	0.0012605	11.181	11.795	53.060	41.666	129.51	413.45	0.99248	70.433	0.087043	liquid
30.000	11.100	793.93	0.0012596	11.176	11.791	53.040	41.652	129.17	414.33	0.98707	70.539	0.087126	liquid
30.000	11.133	794.53	0.0012586	11.170	11.787	53.020	41.638	128.84	415.21	0.98171	70.645	0.087209	liquid
30.000	11.167	795.13	0.0012577	11.165	11.783	53.000	41.624	128.51	416.08	0.97641	70.750	0.087291	liquid
30.000	11.200	795.72	0.0012567	11.159	11.779	52.980	41.610	128.18	416.94	0.97116	70.855	0.087373	liquid
30.000	11.233	796.31	0.0012558	11.154	11.774	52.961	41.596	127.86	417.80	0.96596	70.959	0.087455	liquid
30.000	11.267	796.89	0.0012549	11.148	11.770	52.941	41.583	127.54	418.66	0.96081	71.062	0.087536	liquid
30.000	11.300	797.47	0.0012540	11.143	11.766	52.921	41.570	127.23	419.51	0.95571	71.166	0.087618	liquid
30.000	11.333	798.05	0.0012531	11.137	11.762	52.902	41.556	126.92	420.36	0.95066	71.268	0.087699	liquid
30.000	11.367	798.63	0.0012522	11.132	11.758	52.883	41.544	126.61	421.20	0.94566	71.371	0.087779	liquid
30.000	11.400	799.20	0.0012513	11.126	11.754	52.864	41.531	126.31	422.04	0.94070	71.473	0.087860	liquid
30.000	11.433	799.76	0.0012504	11.121	11.750	52.845	41.518	126.01	422.88	0.93580	71.574	0.087940	liquid
30.000	11.467	800.33	0.0012495	11.116	11.746	52.826	41.506	125.72	423.71	0.93093	71.675	0.088020	liquid
30.000	11.500	800.89	0.0012486	11.111	11.742	52.807	41.494	125.42	424.54	0.92612	71.776	0.088099	liquid
30.000	11.533	801.45	0.0012477	11.105	11.739	52.788	41.481	125.14	425.36	0.92135	71.876	0.088178	liquid
30.000	11.567	802.00	0.0012469	11.100	11.735	52.769	41.469	124.85	426.18	0.91662	71.976	0.088258	liquid
30.000	11.600	802.55	0.0012460	11.095	11.731	52.751	41.458	124.57	427.00	0.91194	72.075	0.088336	liquid
30.000	11.633	803.10	0.0012452	11.090	11.727	52.732	41.446	124.29	427.81	0.90729	72.174	0.088415	liquid
30.000	11.667	803.64	0.0012443	11.085	11.723	52.714	41.434	124.02	428.62	0.90269	72.272	0.088493	liquid
30.000	11.700	804.19	0.0012435	11.079	11.720	52.696	41.423	123.74	429.43	0.89814	72.370	0.088571	liquid
30.000	11.733	804.72	0.0012427	11.074	11.716	52.677	41.412	123.47	430.23	0.89362	72.468	0.088649	liquid
30.000	11.767	805.26	0.0012418	11.069	11.712	52.659	41.401	123.21	431.02	0.88914	72.565	0.088726	liquid
30.000	11.800	805.79	0.0012410	11.064	11.709	52.641	41.390	122.95	431.82	0.88470	72.662	0.088803	liquid
30.000	11.833	806.32	0.0012402	11.059	11.705	52.623	41.379	122.69	432.61	0.88030	72.759	0.088880	liquid
30.000	11.867	806.85	0.0012394	11.054	11.702	52.606	41.368	122.43	433.40	0.87594	72.855	0.088957	liquid
30.000	11.900	807.37	0.0012386	11.049	11.698	52.588	41.358	122.17	434.18	0.87162	72.951	0.089033	liquid
30.000	11.933	807.89	0.0012378	11.044	11.694	52.570	41.347	121.92	434.96	0.86733	73.046	0.089109	liquid
30.000	11.967	808.41	0.0012370	11.039	11.691	52.553	41.337	121.67	435.74	0.86308	73.141	0.089185	liquid
30.000	12.000	808.93	0.0012362	11.035	11.687	52.535	41.327	121.43	436.51	0.85886	73.236	0.089261	liquid
30.000	12.033	809.44	0.0012354	11.030	11.684	52.518	41.317	121.19	437.28	0.85469	73.330	0.089337	liquid
30.000	12.067	809.95	0.0012346	11.025	11.681	52.500	41.307	120.94	438.05	0.85054	73.424	0.089412	liquid
30.000	12.100	810.46	0.0012339	11.020	11.677	52.483	41.297	120.71	438.81	0.84643	73.518	0.089487	liquid
30.000	12.133	810.96	0.0012331	11.015	11.674	52.466	41.287	120.47	439.57	0.84236	73.611	0.089562	liquid
30.000	12.167	811.46	0.0012323	11.011	11.670	52.449	41.278	120.24	440.33	0.83832	73.704	0.089636	liquid
30.000	12.200	811.96	0.0012316	11.006	11.667	52.432	41.268	120.01	441.08	0.83431	73.797	0.089710	liquid
30.000	12.233	812.46	0.0012308	11.001	11.664	52.415	41.259	119.78	441.84	0.83033	73.889	0.089784	liquid
30.000	12.267	812.95	0.0012301	10.996	11.660	52.398	41.249	119.55	442.58	0.82639	73.981	0.089858	liquid
30.000	12.300	813.45	0.0012293	10.992	11.657	52.381	41.240	119.33	443.33	0.82247	74.073	0.089932	liquid
30.000	12.333	813.93	0.0012286	10.987	11.654	52.365	41.231	119.10	444.07	0.81859	74.164	0.090005	liquid
30.000	12.367	814.42	0.0012279	10.982	11.651	52.348	41.222	118.89	444.81	0.81474	74.255	0.090078	liquid
30.000	12.400	814.91	0.0012271	10.978	11.647	52.331	41.213	118.67	445.55	0.81092	74.346	0.090151	liquid
30.000	12.433	815.39	0.0012264	10.973	11.644	52.315	41.204	118.45	446.28	0.80713	74.436	0.090224	liquid
30.000	12.467	815.87	0.0012257	10.969	11.641	52.299	41.196	118.24	447.01	0.80337	74.526	0.090297	liquid
30.000	12.500	816.35	0.0012250	10.964	11.638	52.282	41.187	118.03	447.74	0.79964	74.616	0.090369	liquid
30.000	12.533	816.82	0.0012243	10.959	11.635	52.266	41.179	117.82	448.46	0.79594	74.706	0.090441	liquid
30.000	12.567	817.30	0.0012235	10.955	11.632	52.250	41.170	117.61	449.19	0.79227	74.795	0.090513	liquid
30.000	12.600	817.77	0.0012228	10.950	11.629	52.234	41.162	117.41	449.90	0.78862	74.884	0.090585	liquid
30.000	12.633	818.23	0.0012221	10.946	11.625	52.218	41.154	117.20	450.62	0.78501	74.972	0.090656	liquid
30.000	12.667	818.70	0.0012214	10.941	11.622	52.202	41.145	117.00	451.33	0.78142	75.061	0.090727	liquid
30.000	12.700	819.17	0.0012208	10.937	11.619	52.186	41.137	116.80	452.05	0.77785	75.149	0.090798	liquid
30.000	12.733	819.63	0.0012201	10.933	11.616	52.170	41.129	116.61	452.75	0.77432	75.236	0.090869	liquid
30.000	12.767	820.09	0.0012194	10.928	11.613	52.154	41.121	116.41	453.46	0.77081	75.324	0.090940	liquid
30.000	12.800	820.55	0.0012187	10.924	11.610	52.138	41.114	116.22	454.16	0.76732	75.411	0.091010	liquid
30.000	12.833	821.00	0.0012180	10.919	11.607	52.123	41.106	116.03	454.86	0.76387	75.498	0.091080	liquid
30.000	12.867	821.45	0.0012174	10.915	11.604	52.107	41.098	115.84	455.56	0.76043	75.585	0.091151	liquid
30.000	12.900	821.91	0.0012167	10.911	11.602	52.091	41.091	115.65	456.26	0.75703	75.671	0.091220	liquid
30.000	12.933	822.36	0.0012160	10.906	11.599	52.076	41.083	115.46	456.95	0.75364	75.757	0.091290	liquid
30.000	12.967	822.80	0.0012154	10.902	11.596	52.060	41.076	115.28	457.64	0.75028	75.843	0.091360	liquid
30.000	13.000	823.25	0.0012147	10.898	11.593	52.045	41.069	115.09	458.33	0.74695	75.928	0.091429	liquid
30.000	13.033	823.69	0.0012140	10.894	11.590	52.030	41.061	114.91	459.02	0.74364	76.014	0.091498	liquid
30.000	13.067	824.13	0.0012134	10.889	11.587	52.015	41.054	114.73	459.70	0.74035	76.099	0.091567	liquid
30.000	13.100	824.57	0.0012127	10.885	11.584	51.999	41.047	114.55	460.38	0.73709	76.184	0.091636	liquid
30.000	13.133	825.01	0.0012121	10.881	11.582	51.984	41.040	114.37	461.06	0.73385	76.268	0.091704	liquid
30.000	13.167	825.45	0.0012115	10.877	11.579	51.969	41.033	114.20	461.73	0.73063	76.352	0.091772	liquid
30.000	13.200	825.88	0.0012108	10.873	11.576	51.954	41.026	114.02	462.41	0.72744	76.436	0.091841	liquid
30.000	13.233	826.32	0.0012102	10.868	11.573	51.939	41.019	113.85	463.08	0.72427	76.520	0.091909	liquid
30.000	13.267	826.75	0.0012096	10.864	11.570	51.924	41.012	113.68	463.75	0.72112	76.604	0.091976	liquid
30.000	13.300	827.17	0.0012089	10.860	11.568	51.909	41.006	113.51	464.42	0.71799	76.687	0.092044	liquid
30.000	13.333	827.60	0.0012083	10.856	11.565	51.895	40.999	113.34	465.08	0.71488	76.770	0.092111	liquid
30.000	13.367	828.03	0.0012077	10.852	11.562	51.880	40.993	113.18	465.74	0.71179	76.853	0.092179	liquid
30.000	13.400	828.45	0.0012071	10.848	11.560	51.865	40.986	113.01	466.40	0.70873	76.936	0.092246	liquid
30.000	13.433	828.87	0.0012065	10.844	11.557	51.851	40.980	112.85	467.06	0.70568	77.018	0.092313	liquid
30.000	13.467	829.29	0.0012058	10.840	11.554	51.836	40.973	112.68	467.72	0.70266	77.100	0.092380	liquid
30.000	13.500	829.71	0.0012052	10.836	11.552	51.822	40.967	112.52	468.37	0.69966	77.182	0.092446	liquid
30.000	13.533	830.13	0.0012046	10.832	11.549	51.807	40.961	112.36	469.02	0.69667	77.264	0.092513	liquid
30.000	13.567	830.54	0.0012040	10.828	11.546	51.793	40.955	112.20	469.67	0.69371	77.345	0.092579	liquid
30.000	13.600	830.95	0.0012034	10.824	11.544	51.778	40.948	112.05	470.32	0.69076	77.427	0.092645	liquid
30.000	13.633	831.37	0.0012028	10.820	11.541	51.764	40.942	111.89	470.96	0.68784	77.508	0.092711	liquid
30.000	13.667	831.78	0.0012022	10.816	11.539	51.750	40.936	111.74	471.61	0.68493	77.588	0.092777	liquid
30.000	13.700	832.18	0.0012017	10.812	11.536	51.736	40.930	111.58	472.25	0.68205	77.669	0.092842	liquid
30.000	13.733	832.59	0.0012011	10.808	11.534	51.721	40.925	111.43	472.89	0.67918	77.749	0.092908	liquid
30.000	13.767	833.00	0.0012005	10.804	11.531	51.707	40.919	111.28	473.52	0.67633	77.830	0.092973	liquid
30.000	13.800	833.40	0.0011999	10.800	11.529	51.693	40.913	111.13	474.16	0.67350	77.910	0.093038	liquid
30.000	13.833	833.80	0.0011993	10.796	11.526	51.679	40.907	110.98	474.79	0.67069	77.989	0.093103	liquid
30.000	13.867	834.20	0.0011988	10.792	11.524	51.665	40.902	110.83	475.42	0.66789	78.069	0.093168	liquid
30.000	13.900	834.60	0.0011982	10.788	11.521	51.651	40.896	110.69	476.05	0.66512	78.148	0.093232	liquid
30.000	13.933	835.00	0.0011976	10.784	11.519	51.637	40.890	110.54	476.68	0.66236	78.227	0.093297	liquid
30.000	13.967	835.39	0.0011970	10.781	11.516	51.624	40.885	110.40	477.30	0.65961	78.306	0.093361	liquid
30.000	14.000	835.79	0.0011965	10.777	11.514	51.610	40.879	110.25	477.92	0.65689	78.385	0.093425	liquid
30.000	14.033	836.18	0.0011959	10.773	11.512	51.596	40.874	110.11	478.55	0.65418	78.464	0.093489	liquid
30.000	14.067	836.57	0.0011954	10.769	11.509	51.582	40.869	109.97	479.16	0.65149	78.542	0.093553	liquid
30.000	14.100	836.96	0.0011948	10.765	11.507	51.569	40.863	109.83	479.78	0.64882	78.620	0.093617	liquid
30.000	14.133	837.35	0.0011942	10.762	11.504	51.555	40.858	109.69	480.40	0.64616	78.698	0.093680	liquid
30.000	14.167	837.74	0.0011937	10.758	11.502	51.542	40.853	109.55	481.01	0.64352	78.776	0.093744	liquid
30.000	14.200	838.12	0.0011931	10.754	11.500	51.528	40.848	109.42	481.62	0.64089	78.853	0.093807	liquid
30.000	14.233	838.51	0.0011926	10.750	11.497	51.515	40.843	109.28	482.23	0.63828	78.931	0.093870	liquid
30.000	14.267	838.89	0.0011921	10.747	11.495	51.501	40.838	109.15	482.84	0.63569	79.008	0.093933	liquid
30.000	14.300	839.27	0.0011915	10.743	11.493	51.488	40.832	109.01	483.45	0.63311	79.085	0.093996	liquid
30.000	14.333	839.65	0.0011910	10.739	11.490	51.475	40.828	108.88	484.05	0.63055	79.162	0.094059	liquid
30.000	14.367	840.03	0.0011904	10.735	11.488	51.461	40.823	108.75	484.65	0.62801	79.238	0.094121	liquid
30.000	14.400	840.41	0.0011899	10.732	11.486	51.448	40.818	108.62	485.26	0.62547	79.315	0.094184	liquid
30.000	14.433	840.78	0.0011894	10.728	11.484	51.435	40.813	108.49	485.85	0.62296	79.391	0.094246	liquid
30.000	14.467	841.16	0.0011888	10.724	11.481	51.422	40.808	108.36	486.45	0.62046	79.467	0.094308	liquid
30.000	14.500	841.53	0.0011883	10.721	11.479	51.409	40.803	108.23	487.05	0.61797	79.543	0.094370	liquid
30.000	14.533	841.90	0.0011878	10.717	11.477	51.395	40.799	108.10	487.64	0.61550	79.619	0.094432	liquid
30.000	14.567	842.27	0.0011873	10.714	11.475	51.382	40.794	107.98	488.23	0.61304	79.695	0.094494	liquid
30.000	14.600	842.64	0.0011867	10.710	11.473	51.369	40.789	107.85	488.83	0.61060	79.770	0.094555	liquid
30.000	14.633	843.01	0.0011862	10.706	11.470	51.356	40.785	107.73	489.41	0.60817	79.845	0.094617	liquid
30.000	14.667	843.38	0.0011857	10.703	11.468	51.344	40.780	107.60	490.00	0.60576	79.920	0.094678	liquid
30.000	14.700	843.75	0.0011852	10.699	11.466	51.331	40.776	107.48	490.59	0.60335	79.995	0.094739	liquid
30.000	14.733	844.11	0.0011847	10.696	11.464	51.318	40.771	107.36	491.17	0.60097	80.070	0.094800	liquid
30.000	14.767	844.47	0.0011842	10.692	11.462	51.305	40.767	107.24	491.75	0.59859	80.144	0.094861	liquid
30.000	14.800	844.83	0.0011837	10.689	11.460	51.292	40.762	107.12	492.34	0.59623	80.219	0.094922	liquid
30.000	14.833	845.20	0.0011832	10.685	11.457	51.279	40.758	107.00	492.91	0.59389	80.293	0.094982	liquid
30.000	14.867	845.56	0.0011827	10.682	11.455	51.267	40.754	106.88	493.49	0.59155	80.367	0.095043	liquid
30.000	14.900	845.91	0.0011822	10.678	11.453	51.254	40.749	106.76	494.07	0.58923	80.441	0.095103	liquid
30.000	14.933	846.27	0.0011817	10.675	11.451	51.242	40.745	106.64	494.64	0.58693	80.515	0.095164	liquid
30.000	14.967	846.63	0.0011812	10.671	11.449	51.229	40.741	106.53	495.22	0.58463	80.588	0.095224	liquid
30.000	15.000	846.98	0.0011807	10.668	11.447	51.216	40.737	106.41	495.79	0.58235	80.662	0.095284	liquid
30.000	15.033	847.34	0.0011802	10.664	11.445	51.204	40.733	106.30	496.36	0.58008	80.735	0.095344	liquid
30.000	15.067	847.69	0.0011797	10.661	11.443	51.191	40.729	106.18	496.93	0.57783	80.808	0.095403	liquid
30.000	15.100	848.04	0.0011792	10.657	11.441	51.179	40.725	106.07	497.49	0.57558	80.881	0.095463	liquid
30.000	15.133	848.39	0.0011787	10.654	11.439	51.167	40.721	105.96	498.06	0.57335	80.954	0.095523	liquid
30.000	15.167	848.74	0.0011782	10.650	11.437	51.154	40.717	105.85	498.62	0.57113	81.026	0.095582	liquid
30.000	15.200	849.09	0.0011777	10.647	11.435	51.142	40.713	105.74	499.18	0.56893	81.099	0.095641	liquid
30.000	15.233	849.43	0.0011773	10.644	11.433	51.130	40.709	105.63	499.75	0.56673	81.171	0.095700	liquid
30.000	15.267	849.78	0.0011768	10.640	11.431	51.117	40.705	105.52	500.30	0.56455	81.243	0.095759	liquid
30.000	15.300	850.12	0.0011763	10.637	11.429	51.105	40.701	105.41	500.86	0.56238	81.316	0.095818	liquid
30.000	15.333	850.47	0.0011758	10.633	11.427	51.093	40.697	105.30	501.42	0.56022	81.387	0.095877	liquid
30.000	15.367	850.81	0.0011754	10.630	11.425	51.081	40.693	105.19	501.97	0.55807	81.459	0.095936	liquid
30.000	15.400	851.15	0.0011749	10.627	11.423	51.069	40.690	105.09	502.53	0.55594	81.531	0.095994	liquid
30.000	15.433	851.49	0.0011744	10.623	11.421	51.057	40.686	104.98	503.08	0.55381	81.602	0.096053	liquid
30.000	15.467	851.83	0.0011739	10.620	11.419	51.044	40.682	104.87	503.63	0.55170	81.673	0.096111	liquid
30.000	15.500	852.17	0.0011735	10.617	11.417	51.032	40.679	104.77	504.18	0.54959	81.745	0.096169	liquid
30.000	15.533	852.51	0.0011730	10.613	11.415	51.020	40.675	104.66	504.73	0.54750	81.816	0.096227	liquid
30.000	15.567	852.84	0.0011725	10.610	11.413	51.008	40.671	104.56	505.28	0.54542	81.887	0.096285	liquid
30.000	15.600	853.18	0.0011721	10.607	11.411	50.997	40.668	104.46	505.82	0.54335	81.957	0.096343	liquid
30.000	15.633	853.51	0.0011716	10.603	11.409	50.985	40.664	104.36	506.36	0.54129	82.028	0.096401	liquid
30.000	15.667	853.84	0.0011712	10.600	11.408	50.973	40.661	104.26	506.91	0.53924	82.098	0.096458	liquid
30.000	15.700	854.18	0.0011707	10.597	11.406	50.961	40.657	104.15	507.45	0.53721	82.169	0.096516	liquid
30.000	15.733	854.51	0.0011703	10.594	11.404	50.949	40.654	104.05	507.99	0.53518	82.239	0.096573	liquid
30.000	15.767	854.84	0.0011698	10.590	11.402	50.937	40.650	103.95	508.53	0.53316	82.309	0.096631	liquid
30.000	15.800	855.17	0.0011694	10.587	11.400	50.926	40.647	103.86	509.06	0.53116	82.379	0.096688	liquid
30.000	15.833	855.50	0.0011689	10.584	11.398	50.914	40.644	103.76	509.60	0.52916	82.449	0.096745	liquid
30.000	15.867	855.82	0.0011685	10.581	11.397	50.902	40.640	103.66	510.13	0.52717	82.518	0.096802	liquid
30.000	15.900	856.15	0.0011680	10.577	11.395	50.891	40.637	103.56	510.67	0.52520	82.588	0.096859	liquid
30.000	15.933	856.47	0.0011676	10.574	11.393	50.879	40.634	103.47	511.20	0.52323	82.657	0.096915	liquid
30.000	15.967	856.80	0.0011671	10.571	11.391	50.867	40.631	103.37	511.73	0.52128	82.727	0.096972	liquid
30.000	16.000	857.12	0.0011667	10.568	11.389	50.856	40.627	103.27	512.26	0.51933	82.796	0.097029	liquid
30.000	16.033	857.44	0.0011663	10.565	11.388	50.844	40.624	103.18	512.79	0.51739	82.865	0.097085	liquid
30.000	16.067	857.77	0.0011658	10.561	11.386	50.833	40.621	103.08	513.31	0.51547	82.934	0.097141	liquid
30.000	16.100	858.09	0.0011654	10.558	11.384	50.821	40.618	102.99	513.84	0.51355	83.002	0.097198	liquid
30.000	16.133	858.41	0.0011649	10.555	11.382	50.810	40.615	102.90	514.36	0.51164	83.071	0.097254	liquid
30.000	16.167	858.72	0.0011645	10.552	11.380	50.798	40.612	102.80	514.89	0.50974	83.139	0.097310	liquid
30.000	16.200	859.04	0.0011641	10.549	11.379	50.787	40.609	102.71	515.41	0.50785	83.208	0.097366	liquid
30.000	16.233	859.36	0.0011637	10.546	11.377	50.776	40.606	102.62	515.93	0.50598	83.276	0.097422	liquid
30.000	16.267	859.68	0.0011632	10.543	11.375	50.764	40.603	102.53	516.45	0.50410	83.344	0.097477	liquid
30.000	16.300	859.99	0.0011628	10.539	11.374	50.753	40.600	102.44	516.97	0.50224	83.412	0.097533	liquid
30.000	16.333	860.30	0.0011624	10.536	11.372	50.742	40.597	102.35	517.49	0.50039	83.480	0.097588	liquid
30.000	16.367	860.62	0.0011620	10.533	11.370	50.731	40.594	102.26	518.00	0.49855	83.548	0.097644	liquid
30.000	16.400	860.93	0.0011615	10.530	11.368	50.719	40.591	102.17	518.52	0.49671	83.616	0.097699	liquid
30.000	16.433	861.24	0.0011611	10.527	11.367	50.708	40.588	102.08	519.03	0.49489	83.683	0.097754	liquid
30.000	16.467	861.55	0.0011607	10.524	11.365	50.697	40.585	101.99	519.54	0.49307	83.750	0.097809	liquid
30.000	16.500	861.86	0.0011603	10.521	11.363	50.686	40.582	101.91	520.05	0.49126	83.818	0.097864	liquid
30.000	16.533	862.17	0.0011599	10.518	11.362	50.675	40.579	101.82	520.56	0.48946	83.885	0.097919	liquid
30.000	16.567	862.48	0.0011594	10.515	11.360	50.664	40.577	101.73	521.07	0.48767	83.952	0.097974	liquid
30.000	16.600	862.79	0.0011590	10.512	11.358	50.653	40.574	101.65	521.58	0.48589	84.019	0.098029	liquid
30.000	16.633	863.09	0.0011586	10.509	11.357	50.642	40.571	101.56	522.09	0.48411	84.086	0.098084	liquid
30.000	16.667	863.40	0.0011582	10.506	11.355	50.631	40.568	101.48	522.59	0.48235	84.152	0.098138	liquid
30.000	16.700	863.70	0.0011578	10.503	11.354	50.620	40.566	101.39	523.10	0.48059	84.219	0.098193	liquid
30.000	16.733	864.01	0.0011574	10.500	11.352	50.609	40.563	101.31	523.60	0.47884	84.286	0.098247	liquid
30.000	16.767	864.31	0.0011570	10.497	11.350	50.598	40.560	101.22	524.10	0.47710	84.352	0.098301	liquid
30.000	16.800	864.61	0.0011566	10.494	11.349	50.587	40.558	101.14	524.60	0.47537	84.418	0.098355	liquid
30.000	16.833	864.92	0.0011562	10.491	11.347	50.576	40.555	101.06	525.10	0.47364	84.484	0.098409	liquid
30.000	16.867	865.22	0.0011558	10.488	11.345	50.565	40.552	100.97	525.60	0.47192	84.550	0.098463	liquid
30.000	16.900	865.52	0.0011554	10.485	11.344	50.554	40.550	100.89	526.10	0.47022	84.616	0.098517	liquid
30.000	16.933	865.82	0.0011550	10.482	11.342	50.544	40.547	100.81	526.60	0.46851	84.682	0.098571	liquid
30.000	16.967	866.11	0.0011546	10.479	11.341	50.533	40.545	100.73	527.09	0.46682	84.748	0.098625	liquid
30.000	17.000	866.41	0.0011542	10.476	11.339	50.522	40.542	100.65	527.59	0.46513	84.814	0.098678	liquid
30.000	17.033	866.71	0.0011538	10.473	11.338	50.511	40.540	100.57	528.08	0.46346	84.879	0.098732	liquid
30.000	17.067	867.01	0.0011534	10.470	11.336	50.501	40.537	100.49	528.57	0.46179	84.944	0.098785	liquid
30.000	17.100	867.30	0.0011530	10.467	11.335	50.490	40.535	100.41	529.06	0.46012	85.010	0.098839	liquid
30.000	17.133	867.60	0.0011526	10.464	11.333	50.479	40.532	100.33	529.55	0.45847	85.075	0.098892	liquid
30.000	17.167	867.89	0.0011522	10.461	11.331	50.469	40.530	100.25	530.04	0.45682	85.140	0.098945	liquid
30.000	17.200	868.18	0.0011518	10.458	11.330	50.458	40.528	100.17	530.53	0.45518	85.205	0.098998	liquid
30.000	17.233	868.47	0.0011514	10.455	11.328	50.448	40.525	100.10	531.02	0.45354	85.270	0.099051	liquid
30.000	17.267	868.77	0.0011511	10.452	11.327	50.437	40.523	100.02	531.50	0.45192	85.335	0.099104	liquid
30.000	17.300	869.06	0.0011507	10.449	11.325	50.426	40.521	99.942	531.99	0.45030	85.399	0.099157	liquid
30.000	17.333	869.35	0.0011503	10.446	11.324	50.416	40.518	99.865	532.47	0.44869	85.464	0.099210	liquid
30.000	17.367	869.64	0.0011499	10.444	11.322	50.405	40.516	99.789	532.95	0.44708	85.528	0.099262	liquid
30.000	17.400	869.93	0.0011495	10.441	11.321	50.395	40.514	99.714	533.44	0.44549	85.593	0.099315	liquid
30.000	17.433	870.21	0.0011491	10.438	11.319	50.385	40.511	99.638	533.92	0.44389	85.657	0.099367	liquid
30.000	17.467	870.50	0.0011488	10.435	11.318	50.374	40.509	99.563	534.40	0.44231	85.721	0.099420	liquid
30.000	17.500	870.79	0.0011484	10.432	11.317	50.364	40.507	99.489	534.88	0.44073	85.785	0.099472	liquid
30.000	17.533	871.07	0.0011480	10.429	11.315	50.353	40.505	99.415	535.36	0.43916	85.849	0.099524	liquid
30.000	17.567	871.36	0.0011476	10.426	11.314	50.343	40.503	99.341	535.83	0.43760	85.913	0.099576	liquid
30.000	17.600	871.64	0.0011473	10.424	11.312	50.333	40.500	99.267	536.31	0.43605	85.977	0.099628	liquid
30.000	17.633	871.93	0.0011469	10.421	11.311	50.322	40.498	99.194	536.78	0.43450	86.040	0.099680	liquid
30.000	17.667	872.21	0.0011465	10.418	11.309	50.312	40.496	99.122	537.26	0.43295	86.104	0.099732	liquid
30.000	17.700	872.49	0.0011461	10.415	11.308	50.302	40.494	99.049	537.73	0.43142	86.168	0.099784	liquid
30.000	17.733	872.77	0.0011458	10.412	11.306	50.292	40.492	98.977	538.20	0.42989	86.231	0.099836	liquid
30.000	17.767	873.05	0.0011454	10.409	11.305	50.281	40.490	98.906	538.67	0.42836	86.294	0.099887	liquid
30.000	17.800	873.33	0.0011450	10.407	11.304	50.271	40.488	98.834	539.15	0.42685	86.357	0.099939	liquid
30.000	17.833	873.61	0.0011447	10.404	11.302	50.261	40.486	98.764	539.61	0.42534	86.421	0.099990	liquid
30.000	17.867	873.89	0.0011443	10.401	11.301	50.251	40.484	98.693	540.08	0.42383	86.484	0.10004	liquid
30.000	17.900	874.17	0.0011439	10.398	11.299	50.241	40.482	98.623	540.55	0.42234	86.547	0.10009	liquid
30.000	17.933	874.45	0.0011436	10.396	11.298	50.231	40.480	98.553	541.02	0.42084	86.609	0.10014	liquid
30.000	17.967	874.73	0.0011432	10.393	11.297	50.221	40.478	98.483	541.48	0.41936	86.672	0.10020	liquid
30.000	18.000	875.00	0.0011429	10.390	11.295	50.211	40.476	98.414	541.95	0.41788	86.735	0.10025	liquid
30.000	18.033	875.28	0.0011425	10.387	11.294	50.201	40.474	98.345	542.41	0.41641	86.797	0.10030	liquid
30.000	18.067	875.55	0.0011421	10.384	11.293	50.191	40.472	98.277	542.88	0.41494	86.860	0.10035	liquid
30.000	18.100	875.83	0.0011418	10.382	11.291	50.181	40.470	98.209	543.34	0.41348	86.922	0.10040	liquid
30.000	18.133	876.10	0.0011414	10.379	11.290	50.171	40.468	98.141	543.80	0.41203	86.984	0.10045	liquid
30.000	18.167	876.37	0.0011411	10.376	11.289	50.161	40.466	98.073	544.26	0.41058	87.047	0.10050	liquid
30.000	18.200	876.65	0.0011407	10.374	11.287	50.151	40.464	98.006	544.72	0.40914	87.109	0.10055	liquid
30.000	18.233	876.92	0.0011404	10.371	11.286	50.141	40.462	97.939	545.18	0.40770	87.171	0.10060	liquid
30.000	18.267	877.19	0.0011400	10.368	11.285	50.131	40.461	97.872	545.63	0.40627	87.233	0.10065	liquid
30.000	18.300	877.46	0.0011397	10.365	11.283	50.121	40.459	97.806	546.09	0.40484	87.295	0.10070	liquid
30.000	18.333	877.73	0.0011393	10.363	11.282	50.111	40.457	97.740	546.55	0.40342	87.356	0.10075	liquid
30.000	18.367	878.00	0.0011390	10.360	11.281	50.101	40.455	97.675	547.00	0.40201	87.418	0.10080	liquid
30.000	18.400	878.27	0.0011386	10.357	11.279	50.091	40.453	97.609	547.46	0.40060	87.480	0.10085	liquid
30.000	18.433	878.54	0.0011383	10.355	11.278	50.082	40.452	97.544	547.91	0.39920	87.541	0.10090	liquid
30.000	18.467	878.80	0.0011379	10.352	11.277	50.072	40.450	97.479	548.36	0.39781	87.603	0.10095	liquid
30.000	18.500	879.07	0.0011376	10.349	11.275	50.062	40.448	97.415	548.81	0.39642	87.664	0.10100	liquid
30.000	18.533	879.34	0.0011372	10.347	11.274	50.052	40.446	97.351	549.27	0.39503	87.725	0.10105	liquid
30.000	18.567	879.60	0.0011369	10.344	11.273	50.043	40.445	97.287	549.72	0.39365	87.786	0.10110	liquid
30.000	18.600	879.87	0.0011365	10.341	11.272	50.033	40.443	97.223	550.16	0.39228	87.847	0.10115	liquid
30.000	18.633	880.13	0.0011362	10.339	11.270	50.023	40.441	97.160	550.61	0.39091	87.908	0.10120	liquid
30.000	18.667	880.40	0.0011359	10.336	11.269	50.014	40.440	97.097	551.06	0.38955	87.969	0.10125	liquid
30.000	18.700	880.66	0.0011355	10.333	11.268	50.004	40.438	97.035	551.51	0.38819	88.030	0.10130	liquid
30.000	18.733	880.92	0.0011352	10.331	11.266	49.994	40.436	96.972	551.95	0.38684	88.091	0.10135	liquid
30.000	18.767	881.18	0.0011348	10.328	11.265	49.985	40.435	96.910	552.40	0.38549	88.152	0.10140	liquid
30.000	18.800	881.44	0.0011345	10.325	11.264	49.975	40.433	96.848	552.84	0.38415	88.212	0.10145	liquid
30.000	18.833	881.71	0.0011342	10.323	11.263	49.966	40.431	96.787	553.29	0.38281	88.273	0.10150	liquid
30.000	18.867	881.97	0.0011338	10.320	11.262	49.956	40.430	96.725	553.73	0.38148	88.333	0.10155	liquid
30.000	18.900	882.23	0.0011335	10.317	11.260	49.946	40.428	96.664	554.17	0.38015	88.394	0.10160	liquid
30.000	18.933	882.48	0.0011332	10.315	11.259	49.937	40.427	96.604	554.61	0.37883	88.454	0.10165	liquid
30.000	18.967	882.74	0.0011328	10.312	11.258	49.927	40.425	96.543	555.05	0.37752	88.514	0.10170	liquid
30.000	19.000	883.00	0.0011325	10.310	11.257	49.918	40.424	96.483	555.49	0.37621	88.574	0.10175	liquid
30.000	19.033	883.26	0.0011322	10.307	11.255	49.908	40.422	96.423	555.93	0.37490	88.634	0.10179	liquid
30.000	19.067	883.52	0.0011318	10.304	11.254	49.899	40.421	96.363	556.37	0.37360	88.694	0.10184	liquid
30.000	19.100	883.77	0.0011315	10.302	11.253	49.890	40.419	96.304	556.80	0.37230	88.754	0.10189	liquid
30.000	19.133	884.03	0.0011312	10.299	11.252	49.880	40.418	96.245	557.24	0.37101	88.814	0.10194	liquid
30.000	19.167	884.28	0.0011309	10.297	11.251	49.871	40.416	96.186	557.68	0.36973	88.874	0.10199	liquid
30.000	19.200	884.54	0.0011305	10.294	11.249	49.861	40.415	96.127	558.11	0.36845	88.933	0.10204	liquid
30.000	19.233	884.79	0.0011302	10.292	11.248	49.852	40.413	96.069	558.55	0.36717	88.993	0.10209	liquid
30.000	19.267	885.05	0.0011299	10.289	11.247	49.843	40.412	96.011	558.98	0.36590	89.052	0.10213	liquid
30.000	19.300	885.30	0.0011296	10.287	11.246	49.833	40.410	95.953	559.41	0.36463	89.112	0.10218	liquid
30.000	19.333	885.55	0.0011292	10.284	11.245	49.824	40.409	95.896	559.84	0.36337	89.171	0.10223	liquid
30.000	19.367	885.80	0.0011289	10.281	11.244	49.815	40.407	95.838	560.27	0.36211	89.231	0.10228	liquid
30.000	19.400	886.06	0.0011286	10.279	11.242	49.806	40.406	95.781	560.70	0.36086	89.290	0.10233	liquid
30.000	19.433	886.31	0.0011283	10.276	11.241	49.796	40.405	95.724	561.13	0.35961	89.349	0.10237	liquid
30.000	19.467	886.56	0.0011280	10.274	11.240	49.787	40.403	95.668	561.56	0.35837	89.408	0.10242	liquid
30.000	19.500	886.81	0.0011276	10.271	11.239	49.778	40.402	95.611	561.99	0.35713	89.467	0.10247	liquid
30.000	19.533	887.06	0.0011273	10.269	11.238	49.769	40.401	95.555	562.42	0.35590	89.526	0.10252	liquid
30.000	19.567	887.31	0.0011270	10.266	11.237	49.759	40.399	95.499	562.84	0.35467	89.585	0.10257	liquid
30.000	19.600	887.55	0.0011267	10.264	11.236	49.750	40.398	95.443	563.27	0.35344	89.644	0.10261	liquid
30.000	19.633	887.80	0.0011264	10.261	11.235	49.741	40.397	95.388	563.70	0.35222	89.702	0.10266	liquid
30.000	19.667	888.05	0.0011261	10.259	11.233	49.732	40.395	95.333	564.12	0.35101	89.761	0.10271	liquid
30.000	19.700	888.30	0.0011257	10.256	11.232	49.723	40.394	95.278	564.54	0.34980	89.819	0.10276	liquid
30.000	19.733	888.54	0.0011254	10.254	11.231	49.714	40.393	95.223	564.97	0.34859	89.878	0.10280	liquid
30.000	19.767	888.79	0.0011251	10.251	11.230	49.705	40.391	95.169	565.39	0.34739	89.936	0.10285	liquid
30.000	19.800	889.04	0.0011248	10.249	11.229	49.696	40.390	95.114	565.81	0.34619	89.995	0.10290	liquid
30.000	19.833	889.28	0.0011245	10.246	11.228	49.687	40.389	95.060	566.23	0.34500	90.053	0.10295	liquid
30.000	19.867	889.52	0.0011242	10.244	11.227	49.678	40.388	95.006	566.65	0.34381	90.111	0.10299	liquid
30.000	19.900	889.77	0.0011239	10.241	11.226	49.668	40.386	94.953	567.07	0.34262	90.169	0.10304	liquid
30.000	19.933	890.01	0.0011236	10.239	11.225	49.659	40.385	94.899	567.49	0.34144	90.227	0.10309	liquid
30.000	19.967	890.25	0.0011233	10.237	11.224	49.650	40.384	94.846	567.91	0.34026	90.286	0.10314	liquid
30.000	20.000	890.50	0.0011230	10.234	11.222	49.642	40.383	94.793	568.33	0.33909	90.343	0.10318	liquid
30.000	20.033	890.74	0.0011227	10.232	11.221	49.633	40.382	94.741	568.74	0.33792	90.401	0.10323	liquid
30.000	20.067	890.98	0.0011224	10.229	11.220	49.624	40.380	94.688	569.16	0.33676	90.459	0.10328	liquid
30.000	20.100	891.22	0.0011221	10.227	11.219	49.615	40.379	94.636	569.57	0.33560	90.517	0.10332	liquid
30.000	20.133	891.46	0.0011218	10.224	11.218	49.606	40.378	94.584	569.99	0.33444	90.575	0.10337	liquid
30.000	20.167	891.70	0.0011215	10.222	11.217	49.597	40.377	94.532	570.40	0.33329	90.632	0.10342	liquid
30.000	20.200	891.94	0.0011211	10.219	11.216	49.588	40.376	94.480	570.82	0.33215	90.690	0.10346	liquid
30.000	20.233	892.18	0.0011208	10.217	11.215	49.579	40.375	94.429	571.23	0.33100	90.747	0.10351	liquid
30.000	20.267	892.42	0.0011205	10.215	11.214	49.570	40.374	94.377	571.64	0.32986	90.805	0.10356	liquid
30.000	20.300	892.66	0.0011202	10.212	11.213	49.561	40.372	94.326	572.05	0.32873	90.862	0.10360	liquid
30.000	20.333	892.90	0.0011200	10.210	11.212	49.553	40.371	94.276	572.46	0.32760	90.919	0.10365	liquid
30.000	20.367	893.13	0.0011197	10.207	11.211	49.544	40.370	94.225	572.87	0.32647	90.976	0.10370	liquid
30.000	20.400	893.37	0.0011194	10.205	11.210	49.535	40.369	94.174	573.28	0.32534	91.034	0.10374	liquid
30.000	20.433	893.61	0.0011191	10.203	11.209	49.526	40.368	94.124	573.69	0.32422	91.091	0.10379	liquid
30.000	20.467	893.84	0.0011188	10.200	11.208	49.517	40.367	94.074	574.10	0.32311	91.148	0.10383	liquid
30.000	20.500	894.08	0.0011185	10.198	11.207	49.509	40.366	94.024	574.51	0.32200	91.205	0.10388	liquid
30.000	20.533	894.31	0.0011182	10.195	11.206	49.500	40.365	93.975	574.91	0.32089	91.262	0.10393	liquid
30.000	20.567	894.55	0.0011179	10.193	11.205	49.491	40.364	93.925	575.32	0.31978	91.318	0.10397	liquid
30.000	20.600	894.78	0.0011176	10.191	11.204	49.483	40.363	93.876	575.73	0.31868	91.375	0.10402	liquid
30.000	20.633	895.02	0.0011173	10.188	11.203	49.474	40.362	93.827	576.13	0.31759	91.432	0.10406	liquid
30.000	20.667	895.25	0.0011170	10.186	11.202	49.465	40.361	93.778	576.54	0.31649	91.489	0.10411	liquid
30.000	20.700	895.48	0.0011167	10.184	11.201	49.457	40.360	93.729	576.94	0.31541	91.545	0.10416	liquid
30.000	20.733	895.71	0.0011164	10.181	11.200	49.448	40.359	93.681	577.34	0.31432	91.602	0.10420	liquid
30.000	20.767	895.95	0.0011161	10.179	11.199	49.439	40.358	93.632	577.74	0.31324	91.658	0.10425	liquid
30.000	20.800	896.18	0.0011159	10.177	11.198	49.431	40.357	93.584	578.15	0.31216	91.714	0.10429	liquid
30.000	20.833	896.41	0.0011156	10.174	11.197	49.422	40.356	93.536	578.55	0.31109	91.771	0.10434	liquid
30.000	20.867	896.64	0.0011153	10.172	11.196	49.413	40.355	93.489	578.95	0.31002	91.827	0.10438	liquid
30.000	20.900	896.87	0.0011150	10.169	11.195	49.405	40.354	93.441	579.35	0.30895	91.883	0.10443	liquid
30.000	20.933	897.10	0.0011147	10.167	11.194	49.396	40.353	93.394	579.75	0.30788	91.939	0.10447	liquid
30.000	20.967	897.33	0.0011144	10.165	11.193	49.388	40.352	93.346	580.15	0.30682	91.996	0.10452	liquid
30.000	21.000	897.56	0.0011141	10.163	11.192	49.379	40.351	93.299	580.54	0.30577	92.052	0.10457	liquid
30.000	21.033	897.79	0.0011139	10.160	11.191	49.371	40.350	93.252	580.94	0.30471	92.108	0.10461	liquid
30.000	21.067	898.01	0.0011136	10.158	11.190	49.362	40.349	93.206	581.34	0.30367	92.163	0.10466	liquid
30.000	21.100	898.24	0.0011133	10.156	11.189	49.354	40.348	93.159	581.74	0.30262	92.219	0.10470	liquid
30.000	21.133	898.47	0.0011130	10.153	11.188	49.345	40.348	93.113	582.13	0.30158	92.275	0.10475	liquid
30.000	21.167	898.70	0.0011127	10.151	11.187	49.337	40.347	93.067	582.53	0.30054	92.331	0.10479	liquid
30.000	21.200	898.92	0.0011124	10.149	11.187	49.328	40.346	93.021	582.92	0.29950	92.387	0.10484	liquid
30.000	21.233	899.15	0.0011122	10.146	11.186	49.320	40.345	92.975	583.32	0.29847	92.442	0.10488	liquid
30.000	21.267	899.37	0.0011119	10.144	11.185	49.311	40.344	92.929	583.71	0.29744	92.498	0.10493	liquid
30.000	21.300	899.60	0.0011116	10.142	11.184	49.303	40.343	92.884	584.10	0.29642	92.553	0.10497	liquid
30.000	21.333	899.82	0.0011113	10.139	11.183	49.295	40.342	92.839	584.49	0.29539	92.609	0.10502	liquid
30.000	21.367	900.05	0.0011111	10.137	11.182	49.286	40.342	92.793	584.89	0.29437	92.664	0.10506	liquid
30.000	21.400	900.27	0.0011108	10.135	11.181	49.278	40.341	92.748	585.28	0.29336	92.719	0.10510	liquid
30.000	21.433	900.49	0.0011105	10.133	11.180	49.269	40.340	92.704	585.67	0.29235	92.775	0.10515	liquid
30.000	21.467	900.72	0.0011102	10.130	11.179	49.261	40.339	92.659	586.06	0.29134	92.830	0.10519	liquid
30.000	21.500	900.94	0.0011100	10.128	11.178	49.253	40.338	92.614	586.45	0.29033	92.885	0.10524	liquid
30.000	21.533	901.16	0.0011097	10.126	11.177	49.244	40.337	92.570	586.84	0.28933	92.940	0.10528	liquid
30.000	21.567	901.38	0.0011094	10.124	11.177	49.236	40.337	92.526	587.22	0.28833	92.995	0.10533	liquid
30.000	21.600	901.61	0.0011091	10.121	11.176	49.228	40.336	92.482	587.61	0.28734	93.050	0.10537	liquid
30.000	21.633	901.83	0.0011089	10.119	11.175	49.220	40.335	92.438	588.00	0.28634	93.105	0.10542	liquid
30.000	21.667	902.05	0.0011086	10.117	11.174	49.211	40.334	92.395	588.38	0.28535	93.160	0.10546	liquid
30.000	21.700	902.27	0.0011083	10.115	11.173	49.203	40.334	92.351	588.77	0.28437	93.215	0.10550	liquid
30.000	21.733	902.49	0.0011080	10.112	11.172	49.195	40.333	92.308	589.16	0.28338	93.270	0.10555	liquid
30.000	21.767	902.71	0.0011078	10.110	11.171	49.187	40.332	92.264	589.54	0.28240	93.324	0.10559	liquid
30.000	21.800	902.93	0.0011075	10.108	11.170	49.178	40.331	92.221	589.93	0.28143	93.379	0.10564	liquid
30.000	21.833	903.15	0.0011072	10.106	11.170	49.170	40.331	92.178	590.31	0.28045	93.434	0.10568	liquid
30.000	21.867	903.36	0.0011070	10.103	11.169	49.162	40.330	92.136	590.69	0.27948	93.488	0.10572	liquid
30.000	21.900	903.58	0.0011067	10.101	11.168	49.154	40.329	92.093	591.08	0.27852	93.543	0.10577	liquid
30.000	21.933	903.80	0.0011064	10.099	11.167	49.146	40.328	92.051	591.46	0.27755	93.597	0.10581	liquid
30.000	21.967	904.02	0.0011062	10.097	11.166	49.137	40.328	92.008	591.84	0.27659	93.652	0.10586	liquid
30.000	22.000	904.23	0.0011059	10.095	11.165	49.129	40.327	91.966	592.22	0.27563	93.706	0.10590	liquid
30.000	22.033	904.45	0.0011056	10.092	11.164	49.121	40.326	91.924	592.60	0.27468	93.760	0.10594	liquid
30.000	22.067	904.67	0.0011054	10.090	11.164	49.113	40.326	91.882	592.98	0.27372	93.815	0.10599	liquid
30.000	22.100	904.88	0.0011051	10.088	11.163	49.105	40.325	91.841	593.36	0.27277	93.869	0.10603	liquid
30.000	22.133	905.10	0.0011049	10.086	11.162	49.097	40.324	91.799	593.74	0.27183	93.923	0.10607	liquid
30.000	22.167	905.31	0.0011046	10.084	11.161	49.089	40.324	91.758	594.12	0.27088	93.977	0.10612	liquid
30.000	22.200	905.53	0.0011043	10.081	11.160	49.081	40.323	91.717	594.50	0.26994	94.031	0.10616	liquid
30.000	22.233	905.74	0.0011041	10.079	11.159	49.073	40.322	91.675	594.87	0.26900	94.085	0.10620	liquid
30.000	22.267	905.96	0.0011038	10.077	11.159	49.065	40.322	91.634	595.25	0.26807	94.139	0.10625	liquid
30.000	22.300	906.17	0.0011035	10.075	11.158	49.057	40.321	91.594	595.63	0.26714	94.193	0.10629	liquid
30.000	22.333	906.38	0.0011033	10.073	11.157	49.049	40.320	91.553	596.00	0.26621	94.247	0.10633	liquid
30.000	22.367	906.60	0.0011030	10.070	11.156	49.040	40.320	91.512	596.38	0.26528	94.300	0.10638	liquid
30.000	22.400	906.81	0.0011028	10.068	11.155	49.032	40.319	91.472	596.75	0.26436	94.354	0.10642	liquid
30.000	22.433	907.02	0.0011025	10.066	11.155	49.025	40.318	91.432	597.13	0.26344	94.408	0.10646	liquid
30.000	22.467	907.23	0.0011023	10.064	11.154	49.017	40.318	91.392	597.50	0.26252	94.461	0.10651	liquid
30.000	22.500	907.44	0.0011020	10.062	11.153	49.009	40.317	91.352	597.87	0.26160	94.515	0.10655	liquid
30.000	22.533	907.66	0.0011017	10.060	11.152	49.001	40.317	91.312	598.25	0.26069	94.569	0.10659	liquid
30.000	22.567	907.87	0.0011015	10.057	11.151	48.993	40.316	91.272	598.62	0.25978	94.622	0.10664	liquid
30.000	22.600	908.08	0.0011012	10.055	11.151	48.985	40.315	91.232	598.99	0.25888	94.675	0.10668	liquid
30.000	22.633	908.29	0.0011010	10.053	11.150	48.977	40.315	91.193	599.36	0.25797	94.729	0.10672	liquid
30.000	22.667	908.50	0.0011007	10.051	11.149	48.969	40.314	91.154	599.73	0.25707	94.782	0.10677	liquid
30.000	22.700	908.71	0.0011005	10.049	11.148	48.961	40.314	91.114	600.10	0.25617	94.835	0.10681	liquid
30.000	22.733	908.91	0.0011002	10.047	11.147	48.953	40.313	91.075	600.47	0.25528	94.889	0.10685	liquid
30.000	22.767	909.12	0.0011000	10.045	11.147	48.945	40.313	91.036	600.84	0.25438	94.942	0.10689	liquid
30.000	22.800	909.33	0.0010997	10.042	11.146	48.937	40.312	90.998	601.21	0.25349	94.995	0.10694	liquid
30.000	22.833	909.54	0.0010995	10.040	11.145	48.930	40.311	90.959	601.58	0.25261	95.048	0.10698	liquid
30.000	22.867	909.75	0.0010992	10.038	11.144	48.922	40.311	90.920	601.95	0.25172	95.101	0.10702	liquid
30.000	22.900	909.95	0.0010990	10.036	11.144	48.914	40.310	90.882	602.31	0.25084	95.154	0.10706	liquid
30.000	22.933	910.16	0.0010987	10.034	11.143	48.906	40.310	90.844	602.68	0.24996	95.207	0.10711	liquid
30.000	22.967	910.37	0.0010985	10.032	11.142	48.898	40.309	90.806	603.05	0.24908	95.260	0.10715	liquid
30.000	23.000	910.57	0.0010982	10.030	11.141	48.890	40.309	90.768	603.41	0.24821	95.313	0.10719	liquid
30.000	23.033	910.78	0.0010980	10.028	11.141	48.883	40.308	90.730	603.78	0.24733	95.366	0.10723	liquid
30.000	23.067	910.99	0.0010977	10.026	11.140	48.875	40.308	90.692	604.14	0.24646	95.418	0.10728	liquid
30.000	23.100	911.19	0.0010975	10.023	11.139	48.867	40.307	90.654	604.51	0.24560	95.471	0.10732	liquid
30.000	23.133	911.40	0.0010972	10.021	11.138	48.859	40.307	90.617	604.87	0.24473	95.524	0.10736	liquid
30.000	23.167	911.60	0.0010970	10.019	11.138	48.852	40.306	90.579	605.24	0.24387	95.576	0.10740	liquid
30.000	23.200	911.81	0.0010967	10.017	11.137	48.844	40.306	90.542	605.60	0.24301	95.629	0.10744	liquid
30.000	23.233	912.01	0.0010965	10.015	11.136	48.836	40.305	90.505	605.96	0.24215	95.681	0.10749	liquid
30.000	23.267	912.21	0.0010962	10.013	11.135	48.828	40.305	90.468	606.32	0.24130	95.734	0.10753	liquid
30.000	23.300	912.42	0.0010960	10.011	11.135	48.821	40.304	90.431	606.69	0.24045	95.786	0.10757	liquid
30.000	23.333	912.62	0.0010957	10.009	11.134	48.813	40.304	90.394	607.05	0.23960	95.839	0.10761	liquid
30.000	23.367	912.82	0.0010955	10.007	11.133	48.805	40.303	90.358	607.41	0.23875	95.891	0.10765	liquid
30.000	23.400	913.02	0.0010953	10.005	11.133	48.798	40.303	90.321	607.77	0.23791	95.943	0.10770	liquid
30.000	23.433	913.23	0.0010950	10.003	11.132	48.790	40.303	90.284	608.13	0.23707	95.996	0.10774	liquid
30.000	23.467	913.43	0.0010948	10.001	11.131	48.782	40.302	90.248	608.49	0.23623	96.048	0.10778	liquid
30.000	23.500	913.63	0.0010945	9.9984	11.130	48.775	40.302	90.212	608.85	0.23539	96.100	0.10782	liquid
30.000	23.533	913.83	0.0010943	9.9964	11.130	48.767	40.301	90.176	609.20	0.23455	96.152	0.10786	liquid
30.000	23.567	914.03	0.0010941	9.9943	11.129	48.760	40.301	90.140	609.56	0.23372	96.204	0.10791	liquid
30.000	23.600	914.23	0.0010938	9.9923	11.128	48.752	40.300	90.104	609.92	0.23289	96.256	0.10795	liquid
30.000	23.633	914.43	0.0010936	9.9902	11.128	48.744	40.300	90.068	610.28	0.23206	96.308	0.10799	liquid
30.000	23.667	914.63	0.0010933	9.9882	11.127	48.737	40.300	90.033	610.63	0.23124	96.360	0.10803	liquid
30.000	23.700	914.83	0.0010931	9.9861	11.126	48.729	40.299	89.997	610.99	0.23041	96.412	0.10807	liquid
30.000	23.733	915.03	0.0010929	9.9841	11.126	48.722	40.299	89.962	611.35	0.22959	96.464	0.10811	liquid
30.000	23.767	915.23	0.0010926	9.9820	11.125	48.714	40.298	89.926	611.70	0.22878	96.516	0.10815	liquid
30.000	23.800	915.43	0.0010924	9.9800	11.124	48.707	40.298	89.891	612.06	0.22796	96.567	0.10820	liquid
30.000	23.833	915.63	0.0010921	9.9779	11.123	48.699	40.298	89.856	612.41	0.22715	96.619	0.10824	liquid
30.000	23.867	915.83	0.0010919	9.9759	11.123	48.691	40.297	89.821	612.76	0.22633	96.671	0.10828	liquid
30.000	23.900	916.02	0.0010917	9.9739	11.122	48.684	40.297	89.786	613.12	0.22553	96.722	0.10832	liquid
30.000	23.933	916.22	0.0010914	9.9719	11.121	48.676	40.296	89.752	613.47	0.22472	96.774	0.10836	liquid
30.000	23.967	916.42	0.0010912	9.9698	11.121	48.669	40.296	89.717	613.82	0.22391	96.825	0.10840	liquid
30.000	24.000	916.61	0.0010910	9.9678	11.120	48.661	40.296	89.682	614.18	0.22311	96.877	0.10844	liquid
30.000	24.033	916.81	0.0010907	9.9658	11.119	48.654	40.295	89.648	614.53	0.22231	96.928	0.10848	liquid
30.000	24.067	917.01	0.0010905	9.9638	11.119	48.647	40.295	89.614	614.88	0.22151	96.980	0.10853	liquid
30.000	24.100	917.20	0.0010903	9.9618	11.118	48.639	40.295	89.579	615.23	0.22072	97.031	0.10857	liquid
30.000	24.133	917.40	0.0010900	9.9598	11.117	48.632	40.294	89.545	615.58	0.21992	97.083	0.10861	liquid
30.000	24.167	917.59	0.0010898	9.9577	11.117	48.624	40.294	89.511	615.93	0.21913	97.134	0.10865	liquid
30.000	24.200	917.79	0.0010896	9.9557	11.116	48.617	40.294	89.477	616.28	0.21834	97.185	0.10869	liquid
30.000	24.233	917.98	0.0010893	9.9537	11.116	48.609	40.293	89.444	616.63	0.21756	97.236	0.10873	liquid
30.000	24.267	918.18	0.0010891	9.9517	11.115	48.602	40.293	89.410	616.98	0.21677	97.287	0.10877	liquid
30.000	24.300	918.37	0.0010889	9.9497	11.114	48.595	40.293	89.376	617.33	0.21599	97.339	0.10881	liquid
30.000	24.333	918.57	0.0010887	9.9477	11.114	48.587	40.292	89.343	617.68	0.21521	97.390	0.10885	liquid
30.000	24.367	918.76	0.0010884	9.9458	11.113	48.580	40.292	89.310	618.02	0.21443	97.441	0.10889	liquid
30.000	24.400	918.95	0.0010882	9.9438	11.112	48.572	40.292	89.276	618.37	0.21366	97.492	0.10893	liquid
30.000	24.433	919.15	0.0010880	9.9418	11.112	48.565	40.291	89.243	618.72	0.21288	97.543	0.10897	liquid
30.000	24.467	919.34	0.0010877	9.9398	11.111	48.558	40.291	89.210	619.06	0.21211	97.594	0.10902	liquid
30.000	24.500	919.53	0.0010875	9.9378	11.110	48.550	40.291	89.177	619.41	0.21134	97.644	0.10906	liquid
30.000	24.533	919.72	0.0010873	9.9358	11.110	48.543	40.290	89.144	619.75	0.21057	97.695	0.10910	liquid
30.000	24.567	919.92	0.0010871	9.9339	11.109	48.536	40.290	89.111	620.10	0.20981	97.746	0.10914	liquid
30.000	24.600	920.11	0.0010868	9.9319	11.109	48.528	40.290	89.079	620.44	0.20904	97.797	0.10918	liquid
30.000	24.633	920.30	0.0010866	9.9299	11.108	48.521	40.290	89.046	620.79	0.20828	97.848	0.10922	liquid
30.000	24.667	920.49	0.0010864	9.9280	11.107	48.514	40.289	89.014	621.13	0.20752	97.898	0.10926	liquid
30.000	24.700	920.68	0.0010862	9.9260	11.107	48.507	40.289	88.981	621.48	0.20676	97.949	0.10930	liquid
30.000	24.733	920.87	0.0010859	9.9240	11.106	48.499	40.289	88.949	621.82	0.20601	97.999	0.10934	liquid
30.000	24.767	921.06	0.0010857	9.9221	11.105	48.492	40.289	88.917	622.16	0.20526	98.050	0.10938	liquid
30.000	24.800	921.25	0.0010855	9.9201	11.105	48.485	40.288	88.885	622.50	0.20451	98.101	0.10942	liquid
30.000	24.833	921.44	0.0010853	9.9182	11.104	48.477	40.288	88.853	622.85	0.20376	98.151	0.10946	liquid
30.000	24.867	921.63	0.0010850	9.9162	11.104	48.470	40.288	88.821	623.19	0.20301	98.201	0.10950	liquid
30.000	24.900	921.82	0.0010848	9.9143	11.103	48.463	40.287	88.789	623.53	0.20226	98.252	0.10954	liquid
30.000	24.933	922.01	0.0010846	9.9123	11.102	48.456	40.287	88.757	623.87	0.20152	98.302	0.10958	liquid
30.000	24.967	922.20	0.0010844	9.9104	11.102	48.449	40.287	88.726	624.21	0.20078	98.353	0.10962	liquid
30.000	25.000	922.38	0.0010841	9.9084	11.101	48.441	40.287	88.694	624.55	0.20004	98.403	0.10966	liquid
30.000	25.033	922.57	0.0010839	9.9065	11.101	48.434	40.287	88.663	624.89	0.19930	98.453	0.10970	liquid
30.000	25.067	922.76	0.0010837	9.9046	11.100	48.427	40.286	88.631	625.23	0.19857	98.503	0.10974	liquid
30.000	25.100	922.95	0.0010835	9.9026	11.100	48.420	40.286	88.600	625.57	0.19783	98.553	0.10978	liquid
30.000	25.133	923.13	0.0010833	9.9007	11.099	48.413	40.286	88.569	625.91	0.19710	98.604	0.10982	liquid
30.000	25.167	923.32	0.0010830	9.8988	11.098	48.405	40.286	88.538	626.24	0.19637	98.654	0.10986	liquid
30.000	25.200	923.51	0.0010828	9.8969	11.098	48.398	40.285	88.507	626.58	0.19564	98.704	0.10990	liquid
30.000	25.233	923.69	0.0010826	9.8949	11.097	48.391	40.285	88.476	626.92	0.19492	98.754	0.10994	liquid
30.000	25.267	923.88	0.0010824	9.8930	11.097	48.384	40.285	88.445	627.26	0.19419	98.804	0.10998	liquid
30.000	25.300	924.07	0.0010822	9.8911	11.096	48.377	40.285	88.414	627.59	0.19347	98.854	0.11002	liquid
30.000	25.333	924.25	0.0010820	9.8892	11.095	48.370	40.285	88.384	627.93	0.19275	98.904	0.11006	liquid
30.000	25.367	924.44	0.0010817	9.8873	11.095	48.363	40.284	88.353	628.26	0.19203	98.953	0.11010	liquid
30.000	25.400	924.62	0.0010815	9.8854	11.094	48.356	40.284	88.323	628.60	0.19132	99.003	0.11014	liquid
30.000	25.433	924.81	0.0010813	9.8835	11.094	48.349	40.284	88.292	628.93	0.19060	99.053	0.11018	liquid
30.000	25.467	924.99	0.0010811	9.8816	11.093	48.341	40.284	88.262	629.27	0.18989	99.103	0.11022	liquid
30.000	25.500	925.18	0.0010809	9.8797	11.093	48.334	40.284	88.232	629.60	0.18918	99.153	0.11026	liquid
30.000	25.533	925.36	0.0010807	9.8778	11.092	48.327	40.284	88.202	629.94	0.18847	99.202	0.11030	liquid
30.000	25.567	925.54	0.0010804	9.8759	11.092	48.320	40.283	88.172	630.27	0.18776	99.252	0.11033	liquid
30.000	25.600	925.73	0.0010802	9.8740	11.091	48.313	40.283	88.142	630.60	0.18706	99.301	0.11037	liquid
30.000	25.633	925.91	0.0010800	9.8721	11.090	48.306	40.283	88.112	630.94	0.18635	99.351	0.11041	liquid
30.000	25.667	926.09	0.0010798	9.8702	11.090	48.299	40.283	88.082	631.27	0.18565	99.401	0.11045	liquid
30.000	25.700	926.28	0.0010796	9.8683	11.089	48.292	40.283	88.053	631.60	0.18495	99.450	0.11049	liquid
30.000	25.733	926.46	0.0010794	9.8664	11.089	48.285	40.283	88.023	631.93	0.18425	99.500	0.11053	liquid
30.000	25.767	926.64	0.0010792	9.8645	11.088	48.278	40.282	87.993	632.26	0.18356	99.549	0.11057	liquid
30.000	25.800	926.82	0.0010790	9.8627	11.088	48.271	40.282	87.964	632.60	0.18286	99.598	0.11061	liquid
30.000	25.833	927.01	0.0010787	9.8608	11.087	48.264	40.282	87.935	632.93	0.18217	99.648	0.11065	liquid
30.000	25.867	927.19	0.0010785	9.8589	11.087	48.257	40.282	87.905	633.26	0.18148	99.697	0.11069	liquid
30.000	25.900	927.37	0.0010783	9.8570	11.086	48.250	40.282	87.876	633.59	0.18079	99.746	0.11073	liquid
30.000	25.933	927.55	0.0010781	9.8552	11.086	48.243	40.282	87.847	633.92	0.18010	99.796	0.11077	liquid
30.000	25.967	927.73	0.0010779	9.8533	11.085	48.236	40.282	87.818	634.24	0.17942	99.845	0.11080	liquid
30.000	26.000	927.91	0.0010777	9.8514	11.085	48.229	40.281	87.789	634.57	0.17873	99.894	0.11084	liquid
30.000	26.033	928.09	0.0010775	9.8496	11.084	48.222	40.281	87.760	634.90	0.17805	99.943	0.11088	liquid
30.000	26.067	928.27	0.0010773	9.8477	11.084	48.215	40.281	87.731	635.23	0.17737	99.992	0.11092	liquid
30.000	26.100	928.45	0.0010771	9.8458	11.083	48.209	40.281	87.703	635.56	0.17669	100.04	0.11096	liquid
30.000	26.133	928.63	0.0010769	9.8440	11.082	48.202	40.281	87.674	635.88	0.17601	100.09	0.11100	liquid
30.000	26.167	928.81	0.0010766	9.8421	11.082	48.195	40.281	87.646	636.21	0.17534	100.14	0.11104	liquid
30.000	26.200	928.99	0.0010764	9.8403	11.081	48.188	40.281	87.617	636.54	0.17467	100.19	0.11108	liquid
30.000	26.233	929.17	0.0010762	9.8384	11.081	48.181	40.281	87.589	636.86	0.17399	100.24	0.11112	liquid
30.000	26.267	929.35	0.0010760	9.8366	11.080	48.174	40.280	87.560	637.19	0.17332	100.29	0.11115	liquid
30.000	26.300	929.52	0.0010758	9.8347	11.080	48.167	40.280	87.532	637.52	0.17265	100.34	0.11119	liquid
30.000	26.333	929.70	0.0010756	9.8329	11.079	48.160	40.280	87.504	637.84	0.17199	100.38	0.11123	liquid
30.000	26.367	929.88	0.0010754	9.8311	11.079	48.153	40.280	87.476	638.17	0.17132	100.43	0.11127	liquid
30.000	26.400	930.06	0.0010752	9.8292	11.078	48.147	40.280	87.448	638.49	0.17066	100.48	0.11131	liquid
30.000	26.433	930.24	0.0010750	9.8274	11.078	48.140	40.280	87.420	638.82	0.17000	100.53	0.11135	liquid
30.000	26.467	930.41	0.0010748	9.8256	11.077	48.133	40.280	87.392	639.14	0.16933	100.58	0.11139	liquid
30.000	26.500	930.59	0.0010746	9.8237	11.077	48.126	40.280	87.364	639.46	0.16868	100.63	0.11142	liquid
30.000	26.533	930.77	0.0010744	9.8219	11.076	48.119	40.280	87.337	639.79	0.16802	100.68	0.11146	liquid
30.000	26.567	930.94	0.0010742	9.8201	11.076	48.113	40.280	87.309	640.11	0.16736	100.72	0.11150	liquid
30.000	26.600	931.12	0.0010740	9.8182	11.076	48.106	40.280	87.282	640.43	0.16671	100.77	0.11154	liquid
30.000	26.633	931.30	0.0010738	9.8164	11.075	48.099	40.280	87.254	640.75	0.16606	100.82	0.11158	liquid
30.000	26.667	931.47	0.0010736	9.8146	11.075	48.092	40.279	87.227	641.08	0.16541	100.87	0.11162	liquid
30.000	26.700	931.65	0.0010734	9.8128	11.074	48.085	40.279	87.199	641.40	0.16476	100.92	0.11165	liquid
30.000	26.733	931.82	0.0010732	9.8110	11.074	48.079	40.279	87.172	641.72	0.16411	100.97	0.11169	liquid
30.000	26.767	932.00	0.0010730	9.8092	11.073	48.072	40.279	87.145	642.04	0.16346	101.02	0.11173	liquid
30.000	26.800	932.17	0.0010728	9.8073	11.073	48.065	40.279	87.118	642.36	0.16282	101.06	0.11177	liquid
30.000	26.833	932.35	0.0010726	9.8055	11.072	48.058	40.279	87.091	642.68	0.16217	101.11	0.11181	liquid
30.000	26.867	932.52	0.0010724	9.8037	11.072	48.052	40.279	87.064	643.00	0.16153	101.16	0.11185	liquid
30.000	26.900	932.69	0.0010722	9.8019	11.071	48.045	40.279	87.037	643.32	0.16089	101.21	0.11188	liquid
30.000	26.933	932.87	0.0010720	9.8001	11.071	48.038	40.279	87.010	643.64	0.16026	101.26	0.11192	liquid
30.000	26.967	933.04	0.0010718	9.7983	11.070	48.031	40.279	86.983	643.96	0.15962	101.31	0.11196	liquid
30.000	27.000	933.22	0.0010716	9.7965	11.070	48.025	40.279	86.957	644.28	0.15898	101.35	0.11200	liquid
30.000	27.033	933.39	0.0010714	9.7947	11.069	48.018	40.279	86.930	644.59	0.15835	101.40	0.11204	liquid
30.000	27.067	933.56	0.0010712	9.7929	11.069	48.011	40.279	86.903	644.91	0.15772	101.45	0.11207	liquid
30.000	27.100	933.73	0.0010710	9.7912	11.068	48.005	40.279	86.877	645.23	0.15709	101.50	0.11211	liquid
30.000	27.133	933.91	0.0010708	9.7894	11.068	47.998	40.279	86.851	645.55	0.15646	101.55	0.11215	liquid
30.000	27.167	934.08	0.0010706	9.7876	11.068	47.991	40.279	86.824	645.86	0.15583	101.59	0.11219	liquid
30.000	27.200	934.25	0.0010704	9.7858	11.067	47.985	40.279	86.798	646.18	0.15520	101.64	0.11223	liquid
30.000	27.233	934.42	0.0010702	9.7840	11.067	47.978	40.279	86.772	646.50	0.15458	101.69	0.11226	liquid
30.000	27.267	934.60	0.0010700	9.7822	11.066	47.971	40.279	86.746	646.81	0.15396	101.74	0.11230	liquid
30.000	27.300	934.77	0.0010698	9.7805	11.066	47.965	40.279	86.720	647.13	0.15333	101.79	0.11234	liquid
30.000	27.333	934.94	0.0010696	9.7787	11.065	47.958	40.279	86.694	647.44	0.15271	101.83	0.11238	liquid
30.000	27.367	935.11	0.0010694	9.7769	11.065	47.951	40.279	86.668	647.76	0.15209	101.88	0.11241	liquid
30.000	27.400	935.28	0.0010692	9.7751	11.064	47.945	40.279	86.642	648.07	0.15148	101.93	0.11245	liquid
30.000	27.433	935.45	0.0010690	9.7734	11.064	47.938	40.279	86.616	648.39	0.15086	101.98	0.11249	liquid
30.000	27.467	935.62	0.0010688	9.7716	11.064	47.932	40.279	86.590	648.70	0.15025	102.02	0.11253	liquid
30.000	27.500	935.79	0.0010686	9.7698	11.063	47.925	40.279	86.565	649.02	0.14963	102.07	0.11256	liquid
30.000	27.533	935.96	0.0010684	9.7681	11.063	47.918	40.279	86.539	649.33	0.14902	102.12	0.11260	liquid
30.000	27.567	936.13	0.0010682	9.7663	11.062	47.912	40.279	86.513	649.64	0.14841	102.17	0.11264	liquid
30.000	27.600	936.30	0.0010680	9.7645	11.062	47.905	40.279	86.488	649.96	0.14780	102.22	0.11268	liquid
30.000	27.633	936.47	0.0010678	9.7628	11.061	47.899	40.279	86.463	650.27	0.14720	102.26	0.11271	liquid
30.000	27.667	936.64	0.0010676	9.7610	11.061	47.892	40.279	86.437	650.58	0.14659	102.31	0.11275	liquid
30.000	27.700	936.81	0.0010675	9.7593	11.061	47.886	40.279	86.412	650.89	0.14599	102.36	0.11279	liquid
30.000	27.733	936.98	0.0010673	9.7575	11.060	47.879	40.279	86.387	651.20	0.14538	102.41	0.11283	liquid
30.000	27.767	937.15	0.0010671	9.7558	11.060	47.872	40.279	86.362	651.52	0.14478	102.45	0.11286	liquid
30.000	27.800	937.31	0.0010669	9.7540	11.059	47.866	40.279	86.337	651.83	0.14418	102.50	0.11290	liquid
30.000	27.833	937.48	0.0010667	9.7523	11.059	47.859	40.279	86.312	652.14	0.14358	102.55	0.11294	liquid
30.000	27.867	937.65	0.0010665	9.7505	11.059	47.853	40.279	86.287	652.45	0.14299	102.59	0.11298	liquid
30.000	27.900	937.82	0.0010663	9.7488	11.058	47.846	40.279	86.262	652.76	0.14239	102.64	0.11301	liquid
30.000	27.933	937.98	0.0010661	9.7471	11.058	47.840	40.279	86.237	653.07	0.14180	102.69	0.11305	liquid
30.000	27.967	938.15	0.0010659	9.7453	11.057	47.833	40.279	86.212	653.38	0.14120	102.74	0.11309	liquid
30.000	28.000	938.32	0.0010657	9.7436	11.057	47.827	40.279	86.187	653.69	0.14061	102.78	0.11312	liquid
30.000	28.033	938.49	0.0010655	9.7419	11.056	47.820	40.279	86.163	654.00	0.14002	102.83	0.11316	liquid
30.000	28.067	938.65	0.0010654	9.7401	11.056	47.814	40.279	86.138	654.30	0.13943	102.88	0.11320	liquid
30.000	28.100	938.82	0.0010652	9.7384	11.056	47.807	40.279	86.114	654.61	0.13884	102.93	0.11324	liquid
30.000	28.133	938.98	0.0010650	9.7367	11.055	47.801	40.279	86.089	654.92	0.13826	102.97	0.11327	liquid
30.000	28.167	939.15	0.0010648	9.7349	11.055	47.794	40.279	86.065	655.23	0.13767	103.02	0.11331	liquid
30.000	28.200	939.32	0.0010646	9.7332	11.054	47.788	40.279	86.041	655.54	0.13709	103.07	0.11335	liquid
30.000	28.233	939.48	0.0010644	9.7315	11.054	47.782	40.279	86.016	655.84	0.13650	103.11	0.11338	liquid
30.000	28.267	939.65	0.0010642	9.7298	11.054	47.775	40.280	85.992	656.15	0.13592	103.16	0.11342	liquid
30.000	28.300	939.81	0.0010640	9.7281	11.053	47.769	40.280	85.968	656.46	0.13534	103.21	0.11346	liquid
30.000	28.333	939.98	0.0010639	9.7264	11.053	47.762	40.280	85.944	656.76	0.13477	103.25	0.11349	liquid
30.000	28.367	940.14	0.0010637	9.7246	11.053	47.756	40.280	85.920	657.07	0.13419	103.30	0.11353	liquid
30.000	28.400	940.31	0.0010635	9.7229	11.052	47.749	40.280	85.896	657.37	0.13361	103.35	0.11357	liquid
30.000	28.433	940.47	0.0010633	9.7212	11.052	47.743	40.280	85.872	657.68	0.13304	103.40	0.11360	liquid
30.000	28.467	940.64	0.0010631	9.7195	11.051	47.737	40.280	85.848	657.98	0.13246	103.44	0.11364	liquid
30.000	28.500	940.80	0.0010629	9.7178	11.051	47.730	40.280	85.824	658.29	0.13189	103.49	0.11368	liquid
30.000	28.533	940.96	0.0010627	9.7161	11.051	47.724	40.280	85.801	658.59	0.13132	103.54	0.11371	liquid
30.000	28.567	941.13	0.0010626	9.7144	11.050	47.717	40.280	85.777	658.90	0.13075	103.58	0.11375	liquid
30.000	28.600	941.29	0.0010624	9.7127	11.050	47.711	40.280	85.753	659.20	0.13018	103.63	0.11379	liquid
30.000	28.633	941.45	0.0010622	9.7110	11.050	47.705	40.280	85.730	659.51	0.12962	103.68	0.11382	liquid
30.000	28.667	941.62	0.0010620	9.7093	11.049	47.698	40.280	85.706	659.81	0.12905	103.72	0.11386	liquid
30.000	28.700	941.78	0.0010618	9.7076	11.049	47.692	40.281	85.683	660.11	0.12849	103.77	0.11390	liquid
30.000	28.733	941.94	0.0010616	9.7059	11.048	47.686	40.281	85.659	660.41	0.12792	103.82	0.11393	liquid
30.000	28.767	942.10	0.0010615	9.7042	11.048	47.679	40.281	85.636	660.72	0.12736	103.86	0.11397	liquid
30.000	28.800	942.27	0.0010613	9.7025	11.048	47.673	40.281	85.613	661.02	0.12680	103.91	0.11401	liquid
30.000	28.833	942.43	0.0010611	9.7009	11.047	47.667	40.281	85.590	661.32	0.12624	103.96	0.11404	liquid
30.000	28.867	942.59	0.0010609	9.6992	11.047	47.660	40.281	85.566	661.62	0.12569	104.00	0.11408	liquid
30.000	28.900	942.75	0.0010607	9.6975	11.047	47.654	40.281	85.543	661.92	0.12513	104.05	0.11412	liquid
30.000	28.933	942.91	0.0010605	9.6958	11.046	47.648	40.281	85.520	662.23	0.12457	104.10	0.11415	liquid
30.000	28.967	943.08	0.0010604	9.6941	11.046	47.641	40.281	85.497	662.53	0.12402	104.14	0.11419	liquid
30.000	29.000	943.24	0.0010602	9.6925	11.046	47.635	40.281	85.474	662.83	0.12347	104.19	0.11423	liquid
30.000	29.033	943.40	0.0010600	9.6908	11.045	47.629	40.282	85.451	663.13	0.12291	104.23	0.11426	liquid
30.000	29.067	943.56	0.0010598	9.6891	11.045	47.623	40.282	85.429	663.43	0.12236	104.28	0.11430	liquid
30.000	29.100	943.72	0.0010596	9.6874	11.044	47.616	40.282	85.406	663.73	0.12181	104.33	0.11433	liquid
30.000	29.133	943.88	0.0010595	9.6858	11.044	47.610	40.282	85.383	664.03	0.12126	104.37	0.11437	liquid
30.000	29.167	944.04	0.0010593	9.6841	11.044	47.604	40.282	85.360	664.33	0.12072	104.42	0.11441	liquid
30.000	29.200	944.20	0.0010591	9.6824	11.043	47.598	40.282	85.338	664.62	0.12017	104.47	0.11444	liquid
30.000	29.233	944.36	0.0010589	9.6808	11.043	47.591	40.282	85.315	664.92	0.11963	104.51	0.11448	liquid
30.000	29.267	944.52	0.0010587	9.6791	11.043	47.585	40.282	85.293	665.22	0.11908	104.56	0.11451	liquid
30.000	29.300	944.68	0.0010586	9.6774	11.042	47.579	40.282	85.270	665.52	0.11854	104.60	0.11455	liquid
30.000	29.333	944.84	0.0010584	9.6758	11.042	47.573	40.283	85.248	665.82	0.11800	104.65	0.11459	liquid
30.000	29.367	945.00	0.0010582	9.6741	11.042	47.566	40.283	85.225	666.12	0.11746	104.70	0.11462	liquid
30.000	29.400	945.15	0.0010580	9.6725	11.041	47.560	40.283	85.203	666.41	0.11692	104.74	0.11466	liquid
30.000	29.433	945.31	0.0010579	9.6708	11.041	47.554	40.283	85.181	666.71	0.11638	104.79	0.11469	liquid
30.000	29.467	945.47	0.0010577	9.6692	11.041	47.548	40.283	85.159	667.01	0.11585	104.83	0.11473	liquid
30.000	29.500	945.63	0.0010575	9.6675	11.040	47.542	40.283	85.137	667.30	0.11531	104.88	0.11477	liquid
30.000	29.533	945.79	0.0010573	9.6659	11.040	47.535	40.283	85.114	667.60	0.11478	104.93	0.11480	liquid
30.000	29.567	945.95	0.0010571	9.6642	11.040	47.529	40.284	85.092	667.90	0.11425	104.97	0.11484	liquid
30.000	29.600	946.10	0.0010570	9.6626	11.039	47.523	40.284	85.070	668.19	0.11371	105.02	0.11487	liquid
30.000	29.633	946.26	0.0010568	9.6609	11.039	47.517	40.284	85.048	668.49	0.11318	105.06	0.11491	liquid
30.000	29.667	946.42	0.0010566	9.6593	11.039	47.511	40.284	85.027	668.78	0.11265	105.11	0.11495	liquid
30.000	29.700	946.58	0.0010564	9.6577	11.039	47.504	40.284	85.005	669.08	0.11212	105.16	0.11498	liquid
30.000	29.733	946.73	0.0010563	9.6560	11.038	47.498	40.284	84.983	669.37	0.11160	105.20	0.11502	liquid
30.000	29.767	946.89	0.0010561	9.6544	11.038	47.492	40.284	84.961	669.67	0.11107	105.25	0.11505	liquid
30.000	29.800	947.05	0.0010559	9.6528	11.038	47.486	40.285	84.940	669.96	0.11055	105.29	0.11509	liquid
30.000	29.833	947.20	0.0010557	9.6511	11.037	47.480	40.285	84.918	670.25	0.11002	105.34	0.11512	liquid
30.000	29.867	947.36	0.0010556	9.6495	11.037	47.474	40.285	84.896	670.55	0.10950	105.38	0.11516	liquid
30.000	29.900	947.52	0.0010554	9.6479	11.037	47.468	40.285	84.875	670.84	0.10898	105.43	0.11520	liquid
30.000	29.933	947.67	0.0010552	9.6462	11.036	47.461	40.285	84.853	671.13	0.10846	105.48	0.11523	liquid
30.000	29.967	947.83	0.0010550	9.6446	11.036	47.455	40.285	84.832	671.43	0.10794	105.52	0.11527	liquid
30.000	30.000	947.98	0.0010549	9.6430	11.036	47.449	40.286	84.811	671.72	0.10742	105.57	0.11530	liquid
