Temperature (C)	Pressure (MPa)	Density (kg/m3)	Volume (m3/kg)	Internal Energy (kJ/mol)	Enthalpy (kJ/mol)	Entropy (J/mol*K)	Cv (J/mol*K)	Cp (J/mol*K)	Sound Spd. (m/s)	Joule-Thomson (K/MPa)	Viscosity (uPa*s)	Therm. Cond. (W/m*K)	Phase
40.000	10.000	628.61	0.0015908	13.077	13.777	59.689	45.292	248.98	269.89	2.6596	47.652	0.071867	supercritical
40.000	10.033	631.09	0.0015846	13.055	13.755	59.612	45.185	245.05	271.77	2.6235	47.930	0.071939	supercritical
40.000	10.067	633.51	0.0015785	13.035	13.734	59.537	45.081	241.30	273.62	2.5885	48.203	0.072015	supercritical
40.000	10.100	635.86	0.0015727	13.014	13.714	59.464	44.981	237.72	275.44	2.5546	48.471	0.072093	supercritical
40.000	10.133	638.15	0.0015670	12.995	13.694	59.393	44.884	234.30	277.24	2.5217	48.733	0.072175	supercritical
40.000	10.167	640.39	0.0015616	12.975	13.674	59.323	44.791	231.03	279.01	2.4898	48.990	0.072259	supercritical
40.000	10.200	642.57	0.0015562	12.957	13.655	59.256	44.701	227.90	280.77	2.4589	49.243	0.072345	supercritical
40.000	10.233	644.70	0.0015511	12.938	13.637	59.190	44.614	224.90	282.49	2.4288	49.490	0.072433	supercritical
40.000	10.267	646.78	0.0015461	12.920	13.619	59.125	44.531	222.03	284.20	2.3995	49.734	0.072524	supercritical
40.000	10.300	648.82	0.0015413	12.903	13.601	59.062	44.449	219.27	285.88	2.3711	49.973	0.072616	supercritical
40.000	10.333	650.81	0.0015366	12.885	13.584	59.000	44.371	216.62	287.55	2.3434	50.208	0.072709	supercritical
40.000	10.367	652.75	0.0015320	12.868	13.567	58.939	44.295	214.07	289.19	2.3165	50.439	0.072805	supercritical
40.000	10.400	654.66	0.0015275	12.852	13.551	58.880	44.222	211.62	290.81	2.2903	50.667	0.072901	supercritical
40.000	10.433	656.53	0.0015232	12.836	13.535	58.822	44.150	209.26	292.41	2.2647	50.890	0.072999	supercritical
40.000	10.467	658.36	0.0015189	12.820	13.519	58.765	44.081	206.98	294.00	2.2398	51.111	0.073097	supercritical
40.000	10.500	660.15	0.0015148	12.804	13.504	58.709	44.014	204.79	295.56	2.2156	51.328	0.073197	supercritical
40.000	10.533	661.91	0.0015108	12.789	13.489	58.654	43.950	202.67	297.10	2.1919	51.541	0.073297	supercritical
40.000	10.567	663.63	0.0015069	12.774	13.475	58.600	43.887	200.63	298.63	2.1688	51.752	0.073398	supercritical
40.000	10.600	665.33	0.0015030	12.759	13.460	58.547	43.826	198.66	300.14	2.1462	51.960	0.073500	supercritical
40.000	10.633	666.99	0.0014993	12.744	13.446	58.495	43.766	196.75	301.63	2.1241	52.164	0.073602	supercritical
40.000	10.667	668.62	0.0014956	12.730	13.432	58.444	43.709	194.91	303.11	2.1026	52.366	0.073705	supercritical
40.000	10.700	670.22	0.0014920	12.716	13.419	58.394	43.652	193.12	304.57	2.0816	52.565	0.073808	supercritical
40.000	10.733	671.80	0.0014885	12.702	13.406	58.344	43.598	191.39	306.01	2.0610	52.762	0.073912	supercritical
40.000	10.767	673.35	0.0014851	12.689	13.392	58.296	43.545	189.72	307.44	2.0409	52.956	0.074016	supercritical
40.000	10.800	674.87	0.0014818	12.675	13.380	58.248	43.493	188.09	308.86	2.0212	53.147	0.074120	supercritical
40.000	10.833	676.37	0.0014785	12.662	13.367	58.201	43.443	186.52	310.26	2.0019	53.336	0.074224	supercritical
40.000	10.867	677.85	0.0014753	12.649	13.355	58.155	43.394	184.99	311.64	1.9830	53.523	0.074329	supercritical
40.000	10.900	679.30	0.0014721	12.637	13.343	58.109	43.347	183.51	313.01	1.9646	53.708	0.074434	supercritical
40.000	10.933	680.73	0.0014690	12.624	13.331	58.064	43.300	182.07	314.37	1.9465	53.890	0.074538	supercritical
40.000	10.967	682.14	0.0014660	12.612	13.319	58.020	43.255	180.67	315.71	1.9287	54.070	0.074643	supercritical
40.000	11.000	683.52	0.0014630	12.599	13.308	57.976	43.211	179.31	317.04	1.9113	54.249	0.074748	supercritical
40.000	11.033	684.89	0.0014601	12.587	13.296	57.933	43.168	177.98	318.36	1.8943	54.425	0.074853	supercritical
40.000	11.067	686.23	0.0014572	12.575	13.285	57.891	43.126	176.70	319.66	1.8776	54.599	0.074957	supercritical
40.000	11.100	687.56	0.0014544	12.564	13.274	57.849	43.085	175.44	320.96	1.8612	54.772	0.075062	supercritical
40.000	11.133	688.87	0.0014517	12.552	13.263	57.808	43.045	174.22	322.24	1.8451	54.942	0.075166	supercritical
40.000	11.167	690.16	0.0014489	12.541	13.253	57.767	43.006	173.03	323.51	1.8294	55.111	0.075271	supercritical
40.000	11.200	691.43	0.0014463	12.529	13.242	57.727	42.968	171.88	324.77	1.8139	55.278	0.075375	supercritical
40.000	11.233	692.69	0.0014437	12.518	13.232	57.687	42.930	170.75	326.01	1.7987	55.443	0.075479	supercritical
40.000	11.267	693.93	0.0014411	12.507	13.222	57.648	42.894	169.65	327.25	1.7837	55.607	0.075583	supercritical
40.000	11.300	695.15	0.0014385	12.496	13.212	57.609	42.858	168.57	328.47	1.7691	55.769	0.075687	supercritical
40.000	11.333	696.36	0.0014360	12.486	13.202	57.571	42.823	167.53	329.69	1.7547	55.929	0.075790	supercritical
40.000	11.367	697.55	0.0014336	12.475	13.192	57.533	42.789	166.50	330.90	1.7405	56.088	0.075894	supercritical
40.000	11.400	698.73	0.0014312	12.464	13.183	57.496	42.756	165.51	332.09	1.7266	56.246	0.075997	supercritical
40.000	11.433	699.89	0.0014288	12.454	13.173	57.459	42.723	164.53	333.28	1.7129	56.402	0.076099	supercritical
40.000	11.467	701.04	0.0014265	12.444	13.164	57.422	42.691	163.58	334.45	1.6994	56.557	0.076202	supercritical
40.000	11.500	702.17	0.0014241	12.434	13.155	57.386	42.660	162.65	335.62	1.6862	56.710	0.076304	supercritical
40.000	11.533	703.30	0.0014219	12.424	13.145	57.351	42.629	161.74	336.77	1.6732	56.862	0.076406	supercritical
40.000	11.567	704.40	0.0014196	12.414	13.136	57.315	42.599	160.85	337.92	1.6604	57.012	0.076508	supercritical
40.000	11.600	705.50	0.0014174	12.404	13.128	57.280	42.570	159.98	339.06	1.6478	57.161	0.076609	supercritical
40.000	11.633	706.58	0.0014153	12.394	13.119	57.246	42.541	159.13	340.19	1.6354	57.309	0.076710	supercritical
40.000	11.667	707.65	0.0014131	12.385	13.110	57.212	42.512	158.30	341.31	1.6232	57.456	0.076811	supercritical
40.000	11.700	708.71	0.0014110	12.375	13.102	57.178	42.485	157.48	342.43	1.6112	57.602	0.076912	supercritical
40.000	11.733	709.76	0.0014089	12.366	13.093	57.145	42.457	156.68	343.53	1.5993	57.746	0.077012	supercritical
40.000	11.767	710.80	0.0014069	12.357	13.085	57.111	42.431	155.90	344.63	1.5877	57.889	0.077112	supercritical
40.000	11.800	711.82	0.0014048	12.347	13.077	57.079	42.404	155.13	345.72	1.5762	58.031	0.077211	supercritical
40.000	11.833	712.84	0.0014028	12.338	13.069	57.046	42.379	154.38	346.80	1.5649	58.172	0.077311	supercritical
40.000	11.867	713.84	0.0014009	12.329	13.061	57.014	42.353	153.65	347.88	1.5538	58.312	0.077409	supercritical
40.000	11.900	714.84	0.0013989	12.320	13.053	56.982	42.328	152.93	348.95	1.5428	58.451	0.077508	supercritical
40.000	11.933	715.82	0.0013970	12.311	13.045	56.951	42.304	152.22	350.01	1.5320	58.589	0.077606	supercritical
40.000	11.967	716.80	0.0013951	12.303	13.037	56.919	42.280	151.53	351.06	1.5213	58.725	0.077704	supercritical
40.000	12.000	717.76	0.0013932	12.294	13.030	56.889	42.256	150.85	352.11	1.5108	58.861	0.077802	supercritical
40.000	12.033	718.72	0.0013914	12.285	13.022	56.858	42.233	150.18	353.15	1.5004	58.996	0.077899	supercritical
40.000	12.067	719.66	0.0013895	12.277	13.015	56.828	42.210	149.53	354.18	1.4902	59.130	0.077996	supercritical
40.000	12.100	720.60	0.0013877	12.268	13.007	56.797	42.188	148.88	355.20	1.4801	59.262	0.078092	supercritical
40.000	12.133	721.53	0.0013859	12.260	13.000	56.768	42.166	148.25	356.22	1.4702	59.394	0.078189	supercritical
40.000	12.167	722.45	0.0013842	12.252	12.993	56.738	42.144	147.64	357.24	1.4604	59.525	0.078285	supercritical
40.000	12.200	723.36	0.0013824	12.243	12.986	56.709	42.123	147.03	358.24	1.4507	59.655	0.078380	supercritical
40.000	12.233	724.26	0.0013807	12.235	12.978	56.680	42.102	146.43	359.24	1.4411	59.785	0.078475	supercritical
40.000	12.267	725.15	0.0013790	12.227	12.971	56.651	42.082	145.84	360.24	1.4317	59.913	0.078570	supercritical
40.000	12.300	726.04	0.0013773	12.219	12.965	56.622	42.061	145.27	361.23	1.4224	60.041	0.078665	supercritical
40.000	12.333	726.92	0.0013757	12.211	12.958	56.594	42.041	144.70	362.21	1.4132	60.167	0.078759	supercritical
40.000	12.367	727.79	0.0013740	12.203	12.951	56.566	42.022	144.14	363.19	1.4041	60.293	0.078853	supercritical
40.000	12.400	728.65	0.0013724	12.195	12.944	56.538	42.002	143.60	364.16	1.3952	60.418	0.078946	supercritical
40.000	12.433	729.51	0.0013708	12.188	12.938	56.510	41.983	143.06	365.12	1.3863	60.543	0.079039	supercritical
40.000	12.467	730.36	0.0013692	12.180	12.931	56.483	41.964	142.53	366.08	1.3776	60.666	0.079132	supercritical
40.000	12.500	731.20	0.0013676	12.172	12.924	56.456	41.946	142.01	367.04	1.3690	60.789	0.079225	supercritical
40.000	12.533	732.03	0.0013661	12.165	12.918	56.429	41.928	141.49	367.99	1.3605	60.911	0.079317	supercritical
40.000	12.567	732.86	0.0013645	12.157	12.912	56.402	41.910	140.99	368.93	1.3521	61.032	0.079409	supercritical
40.000	12.600	733.68	0.0013630	12.150	12.905	56.375	41.892	140.49	369.87	1.3437	61.153	0.079500	supercritical
40.000	12.633	734.49	0.0013615	12.142	12.899	56.349	41.875	140.01	370.80	1.3355	61.272	0.079592	supercritical
40.000	12.667	735.30	0.0013600	12.135	12.893	56.323	41.858	139.53	371.73	1.3274	61.392	0.079682	supercritical
40.000	12.700	736.10	0.0013585	12.127	12.887	56.297	41.841	139.05	372.65	1.3194	61.510	0.079773	supercritical
40.000	12.733	736.90	0.0013570	12.120	12.881	56.271	41.824	138.59	373.57	1.3115	61.628	0.079863	supercritical
40.000	12.767	737.68	0.0013556	12.113	12.875	56.245	41.807	138.13	374.49	1.3036	61.745	0.079953	supercritical
40.000	12.800	738.47	0.0013542	12.106	12.869	56.220	41.791	137.68	375.40	1.2959	61.861	0.080043	supercritical
40.000	12.833	739.24	0.0013527	12.099	12.863	56.195	41.775	137.23	376.30	1.2882	61.977	0.080132	supercritical
40.000	12.867	740.01	0.0013513	12.092	12.857	56.170	41.759	136.79	377.20	1.2807	62.092	0.080221	supercritical
40.000	12.900	740.78	0.0013499	12.085	12.851	56.145	41.744	136.36	378.10	1.2732	62.207	0.080309	supercritical
40.000	12.933	741.54	0.0013486	12.078	12.845	56.120	41.728	135.93	378.99	1.2658	62.321	0.080398	supercritical
40.000	12.967	742.29	0.0013472	12.071	12.840	56.096	41.713	135.52	379.87	1.2584	62.434	0.080486	supercritical
40.000	13.000	743.04	0.0013458	12.064	12.834	56.071	41.698	135.10	380.76	1.2512	62.547	0.080573	supercritical
40.000	13.033	743.78	0.0013445	12.057	12.828	56.047	41.683	134.69	381.63	1.2440	62.659	0.080661	supercritical
40.000	13.067	744.52	0.0013432	12.050	12.823	56.023	41.669	134.29	382.51	1.2370	62.770	0.080748	supercritical
40.000	13.100	745.25	0.0013418	12.044	12.817	55.999	41.654	133.90	383.38	1.2299	62.881	0.080834	supercritical
40.000	13.133	745.97	0.0013405	12.037	12.812	55.975	41.640	133.50	384.24	1.2230	62.992	0.080921	supercritical
40.000	13.167	746.70	0.0013392	12.030	12.806	55.952	41.626	133.12	385.10	1.2161	63.101	0.081007	supercritical
40.000	13.200	747.41	0.0013379	12.024	12.801	55.928	41.612	132.74	385.96	1.2093	63.211	0.081093	supercritical
40.000	13.233	748.12	0.0013367	12.017	12.796	55.905	41.599	132.36	386.81	1.2026	63.320	0.081178	supercritical
40.000	13.267	748.83	0.0013354	12.011	12.790	55.882	41.585	131.99	387.66	1.1960	63.428	0.081264	supercritical
40.000	13.300	749.53	0.0013342	12.004	12.785	55.859	41.572	131.63	388.51	1.1894	63.535	0.081348	supercritical
40.000	13.333	750.23	0.0013329	11.998	12.780	55.836	41.558	131.27	389.35	1.1829	63.643	0.081433	supercritical
40.000	13.367	750.92	0.0013317	11.991	12.775	55.813	41.545	130.91	390.19	1.1764	63.749	0.081518	supercritical
40.000	13.400	751.61	0.0013305	11.985	12.770	55.791	41.533	130.56	391.02	1.1700	63.855	0.081602	supercritical
40.000	13.433	752.29	0.0013293	11.979	12.765	55.768	41.520	130.21	391.85	1.1637	63.961	0.081685	supercritical
40.000	13.467	752.97	0.0013281	11.972	12.760	55.746	41.507	129.87	392.68	1.1575	64.066	0.081769	supercritical
40.000	13.500	753.64	0.0013269	11.966	12.755	55.724	41.495	129.53	393.50	1.1513	64.171	0.081852	supercritical
40.000	13.533	754.31	0.0013257	11.960	12.750	55.702	41.483	129.20	394.32	1.1451	64.275	0.081935	supercritical
40.000	13.567	754.98	0.0013245	11.954	12.745	55.680	41.470	128.87	395.14	1.1390	64.379	0.082018	supercritical
40.000	13.600	755.64	0.0013234	11.948	12.740	55.658	41.458	128.54	395.95	1.1330	64.482	0.082100	supercritical
40.000	13.633	756.30	0.0013222	11.942	12.735	55.637	41.447	128.22	396.76	1.1271	64.585	0.082182	supercritical
40.000	13.667	756.95	0.0013211	11.936	12.730	55.615	41.435	127.91	397.57	1.1212	64.687	0.082264	supercritical
40.000	13.700	757.60	0.0013200	11.930	12.725	55.594	41.423	127.59	398.37	1.1153	64.789	0.082346	supercritical
40.000	13.733	758.24	0.0013188	11.924	12.721	55.572	41.412	127.28	399.17	1.1095	64.890	0.082427	supercritical
40.000	13.767	758.89	0.0013177	11.918	12.716	55.551	41.400	126.98	399.96	1.1038	64.991	0.082508	supercritical
40.000	13.800	759.52	0.0013166	11.912	12.711	55.530	41.389	126.67	400.76	1.0981	65.092	0.082589	supercritical
40.000	13.833	760.16	0.0013155	11.906	12.707	55.509	41.378	126.37	401.55	1.0925	65.192	0.082669	supercritical
40.000	13.867	760.79	0.0013144	11.900	12.702	55.488	41.367	126.08	402.33	1.0869	65.292	0.082749	supercritical
40.000	13.900	761.41	0.0013134	11.894	12.698	55.468	41.356	125.79	403.12	1.0813	65.391	0.082829	supercritical
40.000	13.933	762.03	0.0013123	11.888	12.693	55.447	41.346	125.50	403.90	1.0759	65.490	0.082909	supercritical
40.000	13.967	762.65	0.0013112	11.883	12.689	55.427	41.335	125.21	404.67	1.0704	65.588	0.082989	supercritical
40.000	14.000	763.27	0.0013102	11.877	12.684	55.406	41.324	124.93	405.45	1.0650	65.686	0.083068	supercritical
40.000	14.033	763.88	0.0013091	11.871	12.680	55.386	41.314	124.65	406.22	1.0597	65.784	0.083147	supercritical
40.000	14.067	764.49	0.0013081	11.866	12.675	55.366	41.304	124.37	406.99	1.0544	65.881	0.083226	supercritical
40.000	14.100	765.09	0.0013070	11.860	12.671	55.346	41.294	124.10	407.75	1.0492	65.978	0.083304	supercritical
40.000	14.133	765.69	0.0013060	11.854	12.667	55.326	41.284	123.83	408.51	1.0440	66.075	0.083382	supercritical
40.000	14.167	766.29	0.0013050	11.849	12.662	55.306	41.274	123.56	409.27	1.0388	66.171	0.083460	supercritical
40.000	14.200	766.88	0.0013040	11.843	12.658	55.286	41.264	123.30	410.03	1.0337	66.266	0.083538	supercritical
40.000	14.233	767.47	0.0013030	11.838	12.654	55.267	41.254	123.04	410.78	1.0286	66.362	0.083615	supercritical
40.000	14.267	768.06	0.0013020	11.832	12.650	55.247	41.244	122.78	411.53	1.0236	66.457	0.083693	supercritical
40.000	14.300	768.65	0.0013010	11.827	12.645	55.228	41.235	122.52	412.28	1.0186	66.551	0.083770	supercritical
40.000	14.333	769.23	0.0013000	11.821	12.641	55.209	41.225	122.27	413.03	1.0137	66.646	0.083847	supercritical
40.000	14.367	769.80	0.0012990	11.816	12.637	55.189	41.216	122.02	413.77	1.0088	66.739	0.083923	supercritical
40.000	14.400	770.38	0.0012981	11.810	12.633	55.170	41.207	121.77	414.51	1.0040	66.833	0.083999	supercritical
40.000	14.433	770.95	0.0012971	11.805	12.629	55.151	41.198	121.53	415.24	0.99914	66.926	0.084075	supercritical
40.000	14.467	771.52	0.0012961	11.800	12.625	55.132	41.189	121.28	415.98	0.99437	67.019	0.084151	supercritical
40.000	14.500	772.09	0.0012952	11.795	12.621	55.113	41.180	121.04	416.71	0.98963	67.112	0.084227	supercritical
40.000	14.533	772.65	0.0012943	11.789	12.617	55.095	41.171	120.81	417.44	0.98494	67.204	0.084302	supercritical
40.000	14.567	773.21	0.0012933	11.784	12.613	55.076	41.162	120.57	418.17	0.98028	67.296	0.084377	supercritical
40.000	14.600	773.76	0.0012924	11.779	12.609	55.057	41.153	120.34	418.89	0.97566	67.387	0.084452	supercritical
40.000	14.633	774.32	0.0012915	11.774	12.605	55.039	41.145	120.11	419.61	0.97107	67.478	0.084527	supercritical
40.000	14.667	774.87	0.0012905	11.768	12.601	55.020	41.136	119.88	420.33	0.96653	67.569	0.084602	supercritical
40.000	14.700	775.42	0.0012896	11.763	12.598	55.002	41.128	119.65	421.05	0.96201	67.660	0.084676	supercritical
40.000	14.733	775.96	0.0012887	11.758	12.594	54.984	41.119	119.43	421.76	0.95754	67.750	0.084750	supercritical
40.000	14.767	776.51	0.0012878	11.753	12.590	54.966	41.111	119.21	422.47	0.95310	67.840	0.084824	supercritical
40.000	14.800	777.05	0.0012869	11.748	12.586	54.948	41.103	118.99	423.18	0.94869	67.930	0.084898	supercritical
40.000	14.833	777.58	0.0012860	11.743	12.582	54.929	41.094	118.77	423.89	0.94432	68.019	0.084971	supercritical
40.000	14.867	778.12	0.0012851	11.738	12.579	54.912	41.086	118.55	424.59	0.93998	68.108	0.085044	supercritical
40.000	14.900	778.65	0.0012843	11.733	12.575	54.894	41.078	118.34	425.29	0.93568	68.197	0.085117	supercritical
40.000	14.933	779.18	0.0012834	11.728	12.571	54.876	41.070	118.13	425.99	0.93141	68.285	0.085190	supercritical
40.000	14.967	779.71	0.0012825	11.723	12.568	54.858	41.063	117.92	426.69	0.92717	68.373	0.085263	supercritical
40.000	15.000	780.23	0.0012817	11.718	12.564	54.841	41.055	117.71	427.39	0.92296	68.461	0.085335	supercritical
40.000	15.033	780.75	0.0012808	11.713	12.560	54.823	41.047	117.51	428.08	0.91878	68.548	0.085407	supercritical
40.000	15.067	781.27	0.0012800	11.708	12.557	54.806	41.040	117.30	428.77	0.91464	68.636	0.085479	supercritical
40.000	15.100	781.79	0.0012791	11.703	12.553	54.788	41.032	117.10	429.46	0.91053	68.722	0.085551	supercritical
40.000	15.133	782.31	0.0012783	11.698	12.550	54.771	41.024	116.90	430.14	0.90645	68.809	0.085623	supercritical
40.000	15.167	782.82	0.0012774	11.694	12.546	54.754	41.017	116.70	430.83	0.90239	68.896	0.085694	supercritical
40.000	15.200	783.33	0.0012766	11.689	12.543	54.737	41.010	116.51	431.51	0.89837	68.982	0.085765	supercritical
40.000	15.233	783.84	0.0012758	11.684	12.539	54.720	41.002	116.31	432.19	0.89438	69.067	0.085836	supercritical
40.000	15.267	784.34	0.0012750	11.679	12.536	54.703	40.995	116.12	432.86	0.89041	69.153	0.085907	supercritical
40.000	15.300	784.84	0.0012741	11.674	12.532	54.686	40.988	115.93	433.54	0.88648	69.238	0.085978	supercritical
40.000	15.333	785.34	0.0012733	11.670	12.529	54.669	40.981	115.74	434.21	0.88257	69.323	0.086048	supercritical
40.000	15.367	785.84	0.0012725	11.665	12.525	54.652	40.974	115.55	434.88	0.87869	69.408	0.086118	supercritical
40.000	15.400	786.34	0.0012717	11.660	12.522	54.635	40.967	115.37	435.55	0.87484	69.493	0.086188	supercritical
40.000	15.433	786.83	0.0012709	11.656	12.519	54.618	40.960	115.18	436.22	0.87102	69.577	0.086258	supercritical
40.000	15.467	787.32	0.0012701	11.651	12.515	54.602	40.953	115.00	436.88	0.86722	69.661	0.086328	supercritical
40.000	15.500	787.81	0.0012693	11.646	12.512	54.585	40.947	114.82	437.54	0.86346	69.745	0.086397	supercritical
40.000	15.533	788.30	0.0012686	11.642	12.509	54.569	40.940	114.64	438.20	0.85971	69.828	0.086467	supercritical
40.000	15.567	788.78	0.0012678	11.637	12.506	54.552	40.933	114.46	438.86	0.85600	69.911	0.086536	supercritical
40.000	15.600	789.27	0.0012670	11.632	12.502	54.536	40.927	114.28	439.52	0.85230	69.994	0.086605	supercritical
40.000	15.633	789.75	0.0012662	11.628	12.499	54.520	40.920	114.11	440.17	0.84864	70.077	0.086673	supercritical
40.000	15.667	790.23	0.0012655	11.623	12.496	54.504	40.914	113.93	440.83	0.84500	70.160	0.086742	supercritical
40.000	15.700	790.70	0.0012647	11.619	12.493	54.488	40.907	113.76	441.48	0.84138	70.242	0.086810	supercritical
40.000	15.733	791.18	0.0012639	11.614	12.489	54.471	40.901	113.59	442.13	0.83779	70.324	0.086879	supercritical
40.000	15.767	791.65	0.0012632	11.610	12.486	54.455	40.894	113.42	442.77	0.83423	70.406	0.086947	supercritical
40.000	15.800	792.12	0.0012624	11.605	12.483	54.439	40.888	113.25	443.42	0.83069	70.487	0.087015	supercritical
40.000	15.833	792.59	0.0012617	11.601	12.480	54.424	40.882	113.09	444.06	0.82717	70.569	0.087082	supercritical
40.000	15.867	793.06	0.0012609	11.596	12.477	54.408	40.876	112.92	444.70	0.82367	70.650	0.087150	supercritical
40.000	15.900	793.52	0.0012602	11.592	12.474	54.392	40.870	112.76	445.34	0.82020	70.731	0.087217	supercritical
40.000	15.933	793.98	0.0012595	11.588	12.471	54.376	40.864	112.60	445.98	0.81676	70.811	0.087284	supercritical
40.000	15.967	794.44	0.0012587	11.583	12.468	54.361	40.858	112.43	446.61	0.81333	70.892	0.087351	supercritical
40.000	16.000	794.90	0.0012580	11.579	12.465	54.345	40.852	112.27	447.24	0.80993	70.972	0.087418	supercritical
40.000	16.033	795.36	0.0012573	11.574	12.462	54.329	40.846	112.11	447.88	0.80655	71.052	0.087485	supercritical
40.000	16.067	795.82	0.0012566	11.570	12.459	54.314	40.840	111.96	448.51	0.80319	71.131	0.087552	supercritical
40.000	16.100	796.27	0.0012559	11.566	12.456	54.299	40.834	111.80	449.13	0.79986	71.211	0.087618	supercritical
40.000	16.133	796.72	0.0012551	11.561	12.453	54.283	40.828	111.65	449.76	0.79654	71.290	0.087684	supercritical
40.000	16.167	797.17	0.0012544	11.557	12.450	54.268	40.823	111.49	450.38	0.79325	71.369	0.087750	supercritical
40.000	16.200	797.62	0.0012537	11.553	12.447	54.253	40.817	111.34	451.01	0.78998	71.448	0.087816	supercritical
40.000	16.233	798.06	0.0012530	11.549	12.444	54.237	40.812	111.19	451.63	0.78673	71.527	0.087882	supercritical
40.000	16.267	798.51	0.0012523	11.544	12.441	54.222	40.806	111.04	452.25	0.78350	71.605	0.087947	supercritical
40.000	16.300	798.95	0.0012516	11.540	12.438	54.207	40.800	110.89	452.86	0.78029	71.684	0.088013	supercritical
40.000	16.333	799.39	0.0012510	11.536	12.435	54.192	40.795	110.74	453.48	0.77710	71.762	0.088078	supercritical
40.000	16.367	799.83	0.0012503	11.532	12.432	54.177	40.790	110.59	454.09	0.77393	71.840	0.088143	supercritical
40.000	16.400	800.27	0.0012496	11.528	12.429	54.162	40.784	110.45	454.71	0.77078	71.917	0.088208	supercritical
40.000	16.433	800.70	0.0012489	11.523	12.427	54.147	40.779	110.30	455.32	0.76765	71.995	0.088273	supercritical
40.000	16.467	801.14	0.0012482	11.519	12.424	54.132	40.774	110.16	455.93	0.76454	72.072	0.088338	supercritical
40.000	16.500	801.57	0.0012475	11.515	12.421	54.118	40.768	110.02	456.53	0.76145	72.149	0.088402	supercritical
40.000	16.533	802.00	0.0012469	11.511	12.418	54.103	40.763	109.87	457.14	0.75838	72.226	0.088466	supercritical
40.000	16.567	802.43	0.0012462	11.507	12.415	54.088	40.758	109.73	457.74	0.75533	72.303	0.088531	supercritical
40.000	16.600	802.86	0.0012455	11.503	12.413	54.074	40.753	109.59	458.35	0.75230	72.379	0.088595	supercritical
40.000	16.633	803.28	0.0012449	11.499	12.410	54.059	40.748	109.46	458.95	0.74928	72.455	0.088659	supercritical
40.000	16.667	803.71	0.0012442	11.495	12.407	54.044	40.743	109.32	459.55	0.74628	72.532	0.088722	supercritical
40.000	16.700	804.13	0.0012436	11.491	12.405	54.030	40.738	109.18	460.14	0.74331	72.607	0.088786	supercritical
40.000	16.733	804.55	0.0012429	11.486	12.402	54.015	40.733	109.05	460.74	0.74035	72.683	0.088849	supercritical
40.000	16.767	804.97	0.0012423	11.482	12.399	54.001	40.728	108.91	461.33	0.73740	72.759	0.088913	supercritical
40.000	16.800	805.39	0.0012416	11.478	12.396	53.987	40.723	108.78	461.93	0.73448	72.834	0.088976	supercritical
40.000	16.833	805.81	0.0012410	11.474	12.394	53.972	40.718	108.64	462.52	0.73157	72.909	0.089039	supercritical
40.000	16.867	806.22	0.0012404	11.470	12.391	53.958	40.714	108.51	463.11	0.72868	72.984	0.089102	supercritical
40.000	16.900	806.64	0.0012397	11.466	12.389	53.944	40.709	108.38	463.70	0.72581	73.059	0.089165	supercritical
40.000	16.933	807.05	0.0012391	11.463	12.386	53.930	40.704	108.25	464.28	0.72295	73.134	0.089227	supercritical
40.000	16.967	807.46	0.0012385	11.459	12.383	53.916	40.699	108.12	464.87	0.72011	73.208	0.089290	supercritical
40.000	17.000	807.87	0.0012378	11.455	12.381	53.902	40.695	107.99	465.45	0.71729	73.282	0.089352	supercritical
40.000	17.033	808.27	0.0012372	11.451	12.378	53.888	40.690	107.87	466.03	0.71448	73.357	0.089414	supercritical
40.000	17.067	808.68	0.0012366	11.447	12.376	53.874	40.686	107.74	466.61	0.71169	73.430	0.089476	supercritical
40.000	17.100	809.09	0.0012360	11.443	12.373	53.860	40.681	107.62	467.19	0.70892	73.504	0.089538	supercritical
40.000	17.133	809.49	0.0012353	11.439	12.371	53.846	40.677	107.49	467.77	0.70616	73.578	0.089600	supercritical
40.000	17.167	809.89	0.0012347	11.435	12.368	53.832	40.672	107.37	468.35	0.70342	73.651	0.089662	supercritical
40.000	17.200	810.29	0.0012341	11.431	12.365	53.818	40.668	107.24	468.92	0.70069	73.724	0.089723	supercritical
40.000	17.233	810.69	0.0012335	11.427	12.363	53.804	40.663	107.12	469.49	0.69798	73.798	0.089785	supercritical
40.000	17.267	811.09	0.0012329	11.424	12.360	53.791	40.659	107.00	470.07	0.69529	73.870	0.089846	supercritical
40.000	17.300	811.48	0.0012323	11.420	12.358	53.777	40.655	106.88	470.64	0.69261	73.943	0.089907	supercritical
40.000	17.333	811.88	0.0012317	11.416	12.356	53.763	40.650	106.76	471.21	0.68995	74.016	0.089968	supercritical
40.000	17.367	812.27	0.0012311	11.412	12.353	53.750	40.646	106.64	471.77	0.68730	74.088	0.090029	supercritical
40.000	17.400	812.66	0.0012305	11.408	12.351	53.736	40.642	106.52	472.34	0.68466	74.161	0.090090	supercritical
40.000	17.433	813.06	0.0012299	11.405	12.348	53.723	40.638	106.41	472.90	0.68204	74.233	0.090150	supercritical
40.000	17.467	813.45	0.0012293	11.401	12.346	53.709	40.634	106.29	473.47	0.67944	74.305	0.090211	supercritical
40.000	17.500	813.83	0.0012288	11.397	12.343	53.696	40.630	106.17	474.03	0.67685	74.376	0.090271	supercritical
40.000	17.533	814.22	0.0012282	11.393	12.341	53.682	40.625	106.06	474.59	0.67427	74.448	0.090331	supercritical
40.000	17.567	814.61	0.0012276	11.390	12.339	53.669	40.621	105.94	475.15	0.67171	74.520	0.090391	supercritical
40.000	17.600	814.99	0.0012270	11.386	12.336	53.656	40.617	105.83	475.71	0.66916	74.591	0.090451	supercritical
40.000	17.633	815.37	0.0012264	11.382	12.334	53.643	40.613	105.72	476.26	0.66662	74.662	0.090511	supercritical
40.000	17.667	815.76	0.0012259	11.378	12.332	53.629	40.609	105.61	476.82	0.66410	74.733	0.090571	supercritical
40.000	17.700	816.14	0.0012253	11.375	12.329	53.616	40.606	105.49	477.37	0.66160	74.804	0.090631	supercritical
40.000	17.733	816.52	0.0012247	11.371	12.327	53.603	40.602	105.38	477.93	0.65910	74.875	0.090690	supercritical
40.000	17.767	816.89	0.0012241	11.367	12.325	53.590	40.598	105.27	478.48	0.65662	74.945	0.090750	supercritical
40.000	17.800	817.27	0.0012236	11.364	12.322	53.577	40.594	105.16	479.03	0.65416	75.016	0.090809	supercritical
40.000	17.833	817.65	0.0012230	11.360	12.320	53.564	40.590	105.06	479.57	0.65170	75.086	0.090868	supercritical
40.000	17.867	818.02	0.0012225	11.357	12.318	53.551	40.586	104.95	480.12	0.64926	75.156	0.090927	supercritical
40.000	17.900	818.39	0.0012219	11.353	12.315	53.538	40.583	104.84	480.67	0.64684	75.226	0.090986	supercritical
40.000	17.933	818.77	0.0012213	11.349	12.313	53.525	40.579	104.73	481.21	0.64442	75.296	0.091045	supercritical
40.000	17.967	819.14	0.0012208	11.346	12.311	53.512	40.575	104.63	481.76	0.64202	75.366	0.091103	supercritical
40.000	18.000	819.51	0.0012202	11.342	12.309	53.499	40.572	104.52	482.30	0.63963	75.435	0.091162	supercritical
40.000	18.033	819.88	0.0012197	11.339	12.307	53.486	40.568	104.42	482.84	0.63726	75.505	0.091220	supercritical
40.000	18.067	820.24	0.0012192	11.335	12.304	53.474	40.564	104.31	483.38	0.63489	75.574	0.091279	supercritical
40.000	18.100	820.61	0.0012186	11.331	12.302	53.461	40.561	104.21	483.92	0.63254	75.643	0.091337	supercritical
40.000	18.133	820.97	0.0012181	11.328	12.300	53.448	40.557	104.11	484.45	0.63020	75.712	0.091395	supercritical
40.000	18.167	821.34	0.0012175	11.324	12.298	53.435	40.554	104.01	484.99	0.62788	75.781	0.091453	supercritical
40.000	18.200	821.70	0.0012170	11.321	12.296	53.423	40.550	103.90	485.53	0.62556	75.849	0.091511	supercritical
40.000	18.233	822.06	0.0012165	11.317	12.293	53.410	40.547	103.80	486.06	0.62326	75.918	0.091569	supercritical
40.000	18.267	822.42	0.0012159	11.314	12.291	53.398	40.543	103.70	486.59	0.62097	75.986	0.091626	supercritical
40.000	18.300	822.78	0.0012154	11.310	12.289	53.385	40.540	103.60	487.12	0.61869	76.055	0.091684	supercritical
40.000	18.333	823.14	0.0012149	11.307	12.287	53.373	40.536	103.50	487.65	0.61642	76.123	0.091741	supercritical
40.000	18.367	823.50	0.0012143	11.303	12.285	53.360	40.533	103.40	488.18	0.61417	76.191	0.091799	supercritical
40.000	18.400	823.86	0.0012138	11.300	12.283	53.348	40.530	103.31	488.71	0.61192	76.259	0.091856	supercritical
40.000	18.433	824.21	0.0012133	11.296	12.281	53.335	40.526	103.21	489.23	0.60969	76.327	0.091913	supercritical
40.000	18.467	824.57	0.0012128	11.293	12.279	53.323	40.523	103.11	489.76	0.60747	76.394	0.091970	supercritical
40.000	18.500	824.92	0.0012122	11.289	12.276	53.311	40.520	103.02	490.28	0.60526	76.462	0.092027	supercritical
40.000	18.533	825.27	0.0012117	11.286	12.274	53.298	40.517	102.92	490.81	0.60306	76.529	0.092084	supercritical
40.000	18.567	825.62	0.0012112	11.283	12.272	53.286	40.513	102.83	491.33	0.60087	76.597	0.092140	supercritical
40.000	18.600	825.97	0.0012107	11.279	12.270	53.274	40.510	102.73	491.85	0.59869	76.664	0.092197	supercritical
40.000	18.633	826.32	0.0012102	11.276	12.268	53.262	40.507	102.64	492.37	0.59652	76.731	0.092253	supercritical
40.000	18.667	826.67	0.0012097	11.272	12.266	53.249	40.504	102.54	492.89	0.59437	76.798	0.092310	supercritical
40.000	18.700	827.01	0.0012092	11.269	12.264	53.237	40.501	102.45	493.40	0.59222	76.864	0.092366	supercritical
40.000	18.733	827.36	0.0012087	11.266	12.262	53.225	40.498	102.36	493.92	0.59008	76.931	0.092422	supercritical
40.000	18.767	827.71	0.0012082	11.262	12.260	53.213	40.495	102.27	494.43	0.58796	76.998	0.092478	supercritical
40.000	18.800	828.05	0.0012077	11.259	12.258	53.201	40.492	102.17	494.95	0.58585	77.064	0.092534	supercritical
40.000	18.833	828.39	0.0012072	11.256	12.256	53.189	40.489	102.08	495.46	0.58374	77.130	0.092590	supercritical
40.000	18.867	828.73	0.0012067	11.252	12.254	53.177	40.486	101.99	495.97	0.58165	77.196	0.092646	supercritical
40.000	18.900	829.07	0.0012062	11.249	12.252	53.165	40.483	101.90	496.48	0.57956	77.262	0.092702	supercritical
40.000	18.933	829.41	0.0012057	11.246	12.250	53.153	40.480	101.81	496.99	0.57749	77.328	0.092757	supercritical
40.000	18.967	829.75	0.0012052	11.242	12.248	53.141	40.477	101.72	497.50	0.57543	77.394	0.092813	supercritical
40.000	19.000	830.09	0.0012047	11.239	12.246	53.129	40.474	101.64	498.01	0.57337	77.460	0.092868	supercritical
40.000	19.033	830.43	0.0012042	11.236	12.244	53.118	40.471	101.55	498.51	0.57133	77.525	0.092923	supercritical
40.000	19.067	830.76	0.0012037	11.232	12.242	53.106	40.468	101.46	499.02	0.56930	77.591	0.092978	supercritical
40.000	19.100	831.10	0.0012032	11.229	12.241	53.094	40.465	101.37	499.52	0.56727	77.656	0.093034	supercritical
40.000	19.133	831.43	0.0012027	11.226	12.239	53.082	40.462	101.29	500.02	0.56526	77.721	0.093089	supercritical
40.000	19.167	831.77	0.0012023	11.223	12.237	53.071	40.460	101.20	500.53	0.56325	77.786	0.093143	supercritical
40.000	19.200	832.10	0.0012018	11.219	12.235	53.059	40.457	101.12	501.03	0.56126	77.851	0.093198	supercritical
40.000	19.233	832.43	0.0012013	11.216	12.233	53.047	40.454	101.03	501.53	0.55927	77.916	0.093253	supercritical
40.000	19.267	832.76	0.0012008	11.213	12.231	53.036	40.451	100.95	502.03	0.55729	77.981	0.093307	supercritical
40.000	19.300	833.09	0.0012003	11.210	12.229	53.024	40.449	100.86	502.52	0.55532	78.046	0.093362	supercritical
40.000	19.333	833.42	0.0011999	11.206	12.227	53.012	40.446	100.78	503.02	0.55336	78.110	0.093416	supercritical
40.000	19.367	833.75	0.0011994	11.203	12.225	53.001	40.443	100.69	503.52	0.55142	78.175	0.093471	supercritical
40.000	19.400	834.07	0.0011989	11.200	12.224	52.989	40.440	100.61	504.01	0.54947	78.239	0.093525	supercritical
40.000	19.433	834.40	0.0011985	11.197	12.222	52.978	40.438	100.53	504.50	0.54754	78.303	0.093579	supercritical
40.000	19.467	834.73	0.0011980	11.194	12.220	52.966	40.435	100.45	505.00	0.54562	78.367	0.093633	supercritical
40.000	19.500	835.05	0.0011975	11.190	12.218	52.955	40.433	100.37	505.49	0.54371	78.431	0.093687	supercritical
40.000	19.533	835.37	0.0011971	11.187	12.216	52.944	40.430	100.28	505.98	0.54180	78.495	0.093741	supercritical
40.000	19.567	835.70	0.0011966	11.184	12.215	52.932	40.427	100.20	506.47	0.53990	78.559	0.093795	supercritical
40.000	19.600	836.02	0.0011961	11.181	12.213	52.921	40.425	100.12	506.96	0.53802	78.623	0.093848	supercritical
40.000	19.633	836.34	0.0011957	11.178	12.211	52.910	40.422	100.04	507.44	0.53614	78.686	0.093902	supercritical
40.000	19.667	836.66	0.0011952	11.175	12.209	52.898	40.420	99.965	507.93	0.53427	78.750	0.093955	supercritical
40.000	19.700	836.98	0.0011948	11.172	12.207	52.887	40.417	99.886	508.42	0.53240	78.813	0.094009	supercritical
40.000	19.733	837.30	0.0011943	11.168	12.206	52.876	40.415	99.807	508.90	0.53055	78.876	0.094062	supercritical
40.000	19.767	837.61	0.0011939	11.165	12.204	52.865	40.412	99.729	509.38	0.52871	78.939	0.094115	supercritical
40.000	19.800	837.93	0.0011934	11.162	12.202	52.853	40.410	99.651	509.87	0.52687	79.002	0.094169	supercritical
40.000	19.833	838.25	0.0011930	11.159	12.200	52.842	40.408	99.573	510.35	0.52504	79.065	0.094222	supercritical
40.000	19.867	838.56	0.0011925	11.156	12.199	52.831	40.405	99.496	510.83	0.52322	79.128	0.094275	supercritical
40.000	19.900	838.87	0.0011921	11.153	12.197	52.820	40.403	99.420	511.31	0.52140	79.191	0.094328	supercritical
40.000	19.933	839.19	0.0011916	11.150	12.195	52.809	40.400	99.343	511.79	0.51960	79.254	0.094380	supercritical
40.000	19.967	839.50	0.0011912	11.147	12.193	52.798	40.398	99.268	512.27	0.51780	79.316	0.094433	supercritical
40.000	20.000	839.81	0.0011907	11.144	12.192	52.787	40.396	99.192	512.74	0.51601	79.379	0.094486	supercritical
40.000	20.033	840.12	0.0011903	11.141	12.190	52.776	40.393	99.117	513.22	0.51423	79.441	0.094538	supercritical
40.000	20.067	840.43	0.0011899	11.138	12.188	52.765	40.391	99.042	513.70	0.51246	79.503	0.094591	supercritical
40.000	20.100	840.74	0.0011894	11.134	12.187	52.754	40.389	98.968	514.17	0.51069	79.565	0.094643	supercritical
40.000	20.133	841.05	0.0011890	11.131	12.185	52.743	40.387	98.894	514.64	0.50894	79.627	0.094695	supercritical
40.000	20.167	841.36	0.0011886	11.128	12.183	52.732	40.384	98.820	515.12	0.50719	79.689	0.094748	supercritical
40.000	20.200	841.67	0.0011881	11.125	12.182	52.721	40.382	98.747	515.59	0.50544	79.751	0.094800	supercritical
40.000	20.233	841.97	0.0011877	11.122	12.180	52.710	40.380	98.674	516.06	0.50371	79.813	0.094852	supercritical
40.000	20.267	842.28	0.0011873	11.119	12.178	52.699	40.378	98.601	516.53	0.50198	79.875	0.094904	supercritical
40.000	20.300	842.58	0.0011868	11.116	12.177	52.688	40.376	98.529	517.00	0.50026	79.936	0.094956	supercritical
40.000	20.333	842.89	0.0011864	11.113	12.175	52.678	40.373	98.457	517.47	0.49855	79.998	0.095007	supercritical
40.000	20.367	843.19	0.0011860	11.110	12.173	52.667	40.371	98.386	517.93	0.49684	80.059	0.095059	supercritical
40.000	20.400	843.49	0.0011855	11.107	12.172	52.656	40.369	98.315	518.40	0.49514	80.120	0.095111	supercritical
40.000	20.433	843.79	0.0011851	11.104	12.170	52.645	40.367	98.244	518.86	0.49345	80.181	0.095162	supercritical
40.000	20.467	844.09	0.0011847	11.101	12.169	52.635	40.365	98.173	519.33	0.49177	80.243	0.095214	supercritical
40.000	20.500	844.40	0.0011843	11.098	12.167	52.624	40.363	98.103	519.79	0.49009	80.304	0.095265	supercritical
40.000	20.533	844.69	0.0011839	11.095	12.165	52.613	40.361	98.033	520.25	0.48842	80.364	0.095317	supercritical
40.000	20.567	844.99	0.0011834	11.093	12.164	52.603	40.359	97.964	520.72	0.48676	80.425	0.095368	supercritical
40.000	20.600	845.29	0.0011830	11.090	12.162	52.592	40.357	97.895	521.18	0.48510	80.486	0.095419	supercritical
40.000	20.633	845.59	0.0011826	11.087	12.161	52.582	40.355	97.826	521.64	0.48345	80.547	0.095470	supercritical
40.000	20.667	845.89	0.0011822	11.084	12.159	52.571	40.353	97.757	522.10	0.48181	80.607	0.095521	supercritical
40.000	20.700	846.18	0.0011818	11.081	12.157	52.560	40.351	97.689	522.56	0.48018	80.668	0.095572	supercritical
40.000	20.733	846.48	0.0011814	11.078	12.156	52.550	40.349	97.621	523.01	0.47855	80.728	0.095623	supercritical
40.000	20.767	846.77	0.0011810	11.075	12.154	52.539	40.347	97.554	523.47	0.47693	80.788	0.095674	supercritical
40.000	20.800	847.06	0.0011805	11.072	12.153	52.529	40.345	97.487	523.93	0.47531	80.849	0.095724	supercritical
40.000	20.833	847.36	0.0011801	11.069	12.151	52.519	40.343	97.420	524.38	0.47370	80.909	0.095775	supercritical
40.000	20.867	847.65	0.0011797	11.066	12.150	52.508	40.341	97.353	524.84	0.47210	80.969	0.095826	supercritical
40.000	20.900	847.94	0.0011793	11.063	12.148	52.498	40.339	97.287	525.29	0.47051	81.029	0.095876	supercritical
40.000	20.933	848.23	0.0011789	11.061	12.147	52.487	40.337	97.221	525.74	0.46892	81.089	0.095927	supercritical
40.000	20.967	848.52	0.0011785	11.058	12.145	52.477	40.335	97.155	526.19	0.46734	81.148	0.095977	supercritical
40.000	21.000	848.81	0.0011781	11.055	12.144	52.467	40.333	97.090	526.65	0.46576	81.208	0.096027	supercritical
40.000	21.033	849.10	0.0011777	11.052	12.142	52.456	40.332	97.025	527.10	0.46419	81.268	0.096077	supercritical
40.000	21.067	849.39	0.0011773	11.049	12.141	52.446	40.330	96.960	527.54	0.46263	81.327	0.096127	supercritical
40.000	21.100	849.68	0.0011769	11.046	12.139	52.436	40.328	96.895	527.99	0.46107	81.387	0.096178	supercritical
40.000	21.133	849.96	0.0011765	11.043	12.138	52.425	40.326	96.831	528.44	0.45952	81.446	0.096228	supercritical
40.000	21.167	850.25	0.0011761	11.041	12.136	52.415	40.324	96.767	528.89	0.45798	81.505	0.096277	supercritical
40.000	21.200	850.54	0.0011757	11.038	12.135	52.405	40.323	96.704	529.33	0.45644	81.564	0.096327	supercritical
40.000	21.233	850.82	0.0011753	11.035	12.133	52.395	40.321	96.640	529.78	0.45491	81.624	0.096377	supercritical
40.000	21.267	851.11	0.0011749	11.032	12.132	52.385	40.319	96.577	530.23	0.45338	81.683	0.096427	supercritical
40.000	21.300	851.39	0.0011746	11.029	12.130	52.374	40.317	96.514	530.67	0.45186	81.741	0.096476	supercritical
40.000	21.333	851.67	0.0011742	11.026	12.129	52.364	40.316	96.452	531.11	0.45035	81.800	0.096526	supercritical
40.000	21.367	851.96	0.0011738	11.024	12.127	52.354	40.314	96.390	531.55	0.44884	81.859	0.096575	supercritical
40.000	21.400	852.24	0.0011734	11.021	12.126	52.344	40.312	96.328	532.00	0.44734	81.918	0.096625	supercritical
40.000	21.433	852.52	0.0011730	11.018	12.125	52.334	40.310	96.266	532.44	0.44584	81.976	0.096674	supercritical
40.000	21.467	852.80	0.0011726	11.015	12.123	52.324	40.309	96.205	532.88	0.44435	82.035	0.096723	supercritical
40.000	21.500	853.08	0.0011722	11.012	12.122	52.314	40.307	96.144	533.32	0.44287	82.093	0.096773	supercritical
40.000	21.533	853.36	0.0011718	11.010	12.120	52.304	40.305	96.083	533.76	0.44139	82.152	0.096822	supercritical
40.000	21.567	853.64	0.0011715	11.007	12.119	52.294	40.304	96.022	534.19	0.43992	82.210	0.096871	supercritical
40.000	21.600	853.91	0.0011711	11.004	12.117	52.284	40.302	95.962	534.63	0.43845	82.268	0.096920	supercritical
40.000	21.633	854.19	0.0011707	11.001	12.116	52.274	40.301	95.902	535.07	0.43699	82.327	0.096969	supercritical
40.000	21.667	854.47	0.0011703	10.999	12.115	52.264	40.299	95.842	535.50	0.43554	82.385	0.097017	supercritical
40.000	21.700	854.74	0.0011699	10.996	12.113	52.254	40.297	95.783	535.94	0.43409	82.443	0.097066	supercritical
40.000	21.733	855.02	0.0011696	10.993	12.112	52.244	40.296	95.723	536.37	0.43264	82.501	0.097115	supercritical
40.000	21.767	855.29	0.0011692	10.990	12.110	52.234	40.294	95.664	536.80	0.43120	82.558	0.097164	supercritical
40.000	21.800	855.57	0.0011688	10.988	12.109	52.225	40.293	95.606	537.24	0.42977	82.616	0.097212	supercritical
40.000	21.833	855.84	0.0011684	10.985	12.108	52.215	40.291	95.547	537.67	0.42834	82.674	0.097261	supercritical
40.000	21.867	856.12	0.0011681	10.982	12.106	52.205	40.290	95.489	538.10	0.42692	82.731	0.097309	supercritical
40.000	21.900	856.39	0.0011677	10.980	12.105	52.195	40.288	95.431	538.53	0.42550	82.789	0.097358	supercritical
40.000	21.933	856.66	0.0011673	10.977	12.104	52.185	40.287	95.373	538.96	0.42409	82.846	0.097406	supercritical
40.000	21.967	856.93	0.0011670	10.974	12.102	52.176	40.285	95.316	539.39	0.42269	82.904	0.097454	supercritical
40.000	22.000	857.20	0.0011666	10.971	12.101	52.166	40.284	95.258	539.82	0.42129	82.961	0.097502	supercritical
40.000	22.033	857.47	0.0011662	10.969	12.100	52.156	40.282	95.201	540.25	0.41989	83.018	0.097550	supercritical
40.000	22.067	857.74	0.0011659	10.966	12.098	52.146	40.281	95.144	540.67	0.41850	83.076	0.097598	supercritical
40.000	22.100	858.01	0.0011655	10.963	12.097	52.137	40.279	95.088	541.10	0.41711	83.133	0.097646	supercritical
40.000	22.133	858.28	0.0011651	10.961	12.096	52.127	40.278	95.032	541.52	0.41573	83.190	0.097694	supercritical
40.000	22.167	858.55	0.0011648	10.958	12.094	52.117	40.276	94.975	541.95	0.41436	83.247	0.097742	supercritical
40.000	22.200	858.82	0.0011644	10.955	12.093	52.108	40.275	94.920	542.37	0.41299	83.304	0.097790	supercritical
40.000	22.233	859.08	0.0011640	10.953	12.092	52.098	40.273	94.864	542.80	0.41163	83.360	0.097838	supercritical
40.000	22.267	859.35	0.0011637	10.950	12.090	52.088	40.272	94.809	543.22	0.41027	83.417	0.097885	supercritical
40.000	22.300	859.61	0.0011633	10.947	12.089	52.079	40.271	94.753	543.64	0.40891	83.474	0.097933	supercritical
40.000	22.333	859.88	0.0011630	10.945	12.088	52.069	40.269	94.699	544.06	0.40756	83.530	0.097981	supercritical
40.000	22.367	860.14	0.0011626	10.942	12.087	52.060	40.268	94.644	544.48	0.40622	83.587	0.098028	supercritical
40.000	22.400	860.41	0.0011622	10.940	12.085	52.050	40.267	94.589	544.90	0.40488	83.643	0.098076	supercritical
40.000	22.433	860.67	0.0011619	10.937	12.084	52.041	40.265	94.535	545.32	0.40354	83.700	0.098123	supercritical
40.000	22.467	860.93	0.0011615	10.934	12.083	52.031	40.264	94.481	545.74	0.40221	83.756	0.098170	supercritical
40.000	22.500	861.20	0.0011612	10.932	12.081	52.022	40.263	94.427	546.16	0.40089	83.812	0.098217	supercritical
40.000	22.533	861.46	0.0011608	10.929	12.080	52.012	40.261	94.374	546.58	0.39957	83.869	0.098265	supercritical
40.000	22.567	861.72	0.0011605	10.926	12.079	52.003	40.260	94.320	546.99	0.39825	83.925	0.098312	supercritical
40.000	22.600	861.98	0.0011601	10.924	12.078	51.993	40.259	94.267	547.41	0.39694	83.981	0.098359	supercritical
40.000	22.633	862.24	0.0011598	10.921	12.076	51.984	40.257	94.214	547.83	0.39564	84.037	0.098406	supercritical
40.000	22.667	862.50	0.0011594	10.919	12.075	51.975	40.256	94.161	548.24	0.39434	84.093	0.098453	supercritical
40.000	22.700	862.76	0.0011591	10.916	12.074	51.965	40.255	94.109	548.65	0.39304	84.148	0.098500	supercritical
40.000	22.733	863.02	0.0011587	10.913	12.073	51.956	40.254	94.057	549.07	0.39175	84.204	0.098547	supercritical
40.000	22.767	863.28	0.0011584	10.911	12.072	51.947	40.252	94.004	549.48	0.39046	84.260	0.098593	supercritical
40.000	22.800	863.53	0.0011580	10.908	12.070	51.937	40.251	93.953	549.89	0.38918	84.316	0.098640	supercritical
40.000	22.833	863.79	0.0011577	10.906	12.069	51.928	40.250	93.901	550.30	0.38790	84.371	0.098687	supercritical
40.000	22.867	864.05	0.0011573	10.903	12.068	51.919	40.249	93.849	550.72	0.38663	84.427	0.098733	supercritical
40.000	22.900	864.30	0.0011570	10.901	12.067	51.909	40.247	93.798	551.13	0.38536	84.482	0.098780	supercritical
40.000	22.933	864.56	0.0011567	10.898	12.065	51.900	40.246	93.747	551.53	0.38409	84.538	0.098826	supercritical
40.000	22.967	864.81	0.0011563	10.896	12.064	51.891	40.245	93.696	551.94	0.38283	84.593	0.098873	supercritical
40.000	23.000	865.07	0.0011560	10.893	12.063	51.882	40.244	93.645	552.35	0.38158	84.648	0.098919	supercritical
40.000	23.033	865.32	0.0011556	10.890	12.062	51.872	40.243	93.595	552.76	0.38033	84.703	0.098965	supercritical
40.000	23.067	865.58	0.0011553	10.888	12.061	51.863	40.242	93.545	553.17	0.37908	84.759	0.099011	supercritical
40.000	23.100	865.83	0.0011550	10.885	12.060	51.854	40.240	93.495	553.57	0.37784	84.814	0.099058	supercritical
40.000	23.133	866.08	0.0011546	10.883	12.058	51.845	40.239	93.445	553.98	0.37660	84.869	0.099104	supercritical
40.000	23.167	866.33	0.0011543	10.880	12.057	51.836	40.238	93.395	554.38	0.37537	84.924	0.099150	supercritical
40.000	23.200	866.58	0.0011540	10.878	12.056	51.827	40.237	93.346	554.79	0.37414	84.978	0.099196	supercritical
40.000	23.233	866.84	0.0011536	10.875	12.055	51.817	40.236	93.296	555.19	0.37291	85.033	0.099242	supercritical
40.000	23.267	867.09	0.0011533	10.873	12.054	51.808	40.235	93.247	555.60	0.37169	85.088	0.099288	supercritical
40.000	23.300	867.34	0.0011530	10.870	12.053	51.799	40.234	93.198	556.00	0.37047	85.143	0.099334	supercritical
40.000	23.333	867.59	0.0011526	10.868	12.051	51.790	40.233	93.149	556.40	0.36926	85.197	0.099379	supercritical
40.000	23.367	867.83	0.0011523	10.865	12.050	51.781	40.231	93.101	556.80	0.36805	85.252	0.099425	supercritical
40.000	23.400	868.08	0.0011520	10.863	12.049	51.772	40.230	93.052	557.20	0.36685	85.306	0.099471	supercritical
40.000	23.433	868.33	0.0011516	10.860	12.048	51.763	40.229	93.004	557.60	0.36565	85.361	0.099516	supercritical
40.000	23.467	868.58	0.0011513	10.858	12.047	51.754	40.228	92.956	558.00	0.36445	85.415	0.099562	supercritical
40.000	23.500	868.83	0.0011510	10.855	12.046	51.745	40.227	92.908	558.40	0.36326	85.470	0.099607	supercritical
40.000	23.533	869.07	0.0011507	10.853	12.045	51.736	40.226	92.861	558.80	0.36207	85.524	0.099653	supercritical
40.000	23.567	869.32	0.0011503	10.850	12.044	51.727	40.225	92.813	559.20	0.36089	85.578	0.099698	supercritical
40.000	23.600	869.56	0.0011500	10.848	12.042	51.718	40.224	92.766	559.60	0.35971	85.632	0.099744	supercritical
40.000	23.633	869.81	0.0011497	10.845	12.041	51.709	40.223	92.719	559.99	0.35854	85.686	0.099789	supercritical
40.000	23.667	870.05	0.0011494	10.843	12.040	51.700	40.222	92.672	560.39	0.35736	85.740	0.099834	supercritical
40.000	23.700	870.30	0.0011490	10.841	12.039	51.691	40.221	92.625	560.79	0.35620	85.794	0.099879	supercritical
40.000	23.733	870.54	0.0011487	10.838	12.038	51.683	40.220	92.579	561.18	0.35503	85.848	0.099925	supercritical
40.000	23.767	870.79	0.0011484	10.836	12.037	51.674	40.219	92.532	561.58	0.35387	85.902	0.099970	supercritical
40.000	23.800	871.03	0.0011481	10.833	12.036	51.665	40.218	92.486	561.97	0.35272	85.956	0.10001	supercritical
40.000	23.833	871.27	0.0011477	10.831	12.035	51.656	40.217	92.440	562.36	0.35156	86.010	0.10006	supercritical
40.000	23.867	871.51	0.0011474	10.828	12.034	51.647	40.216	92.394	562.76	0.35042	86.063	0.10010	supercritical
40.000	23.900	871.76	0.0011471	10.826	12.033	51.638	40.215	92.348	563.15	0.34927	86.117	0.10015	supercritical
40.000	23.933	872.00	0.0011468	10.824	12.031	51.630	40.214	92.303	563.54	0.34813	86.170	0.10019	supercritical
40.000	23.967	872.24	0.0011465	10.821	12.030	51.621	40.213	92.257	563.93	0.34699	86.224	0.10024	supercritical
40.000	24.000	872.48	0.0011462	10.819	12.029	51.612	40.212	92.212	564.32	0.34586	86.277	0.10028	supercritical
40.000	24.033	872.72	0.0011458	10.816	12.028	51.603	40.212	92.167	564.71	0.34473	86.331	0.10033	supercritical
40.000	24.067	872.96	0.0011455	10.814	12.027	51.595	40.211	92.122	565.10	0.34361	86.384	0.10037	supercritical
40.000	24.100	873.20	0.0011452	10.812	12.026	51.586	40.210	92.077	565.49	0.34248	86.437	0.10042	supercritical
40.000	24.133	873.43	0.0011449	10.809	12.025	51.577	40.209	92.033	565.88	0.34136	86.491	0.10046	supercritical
40.000	24.167	873.67	0.0011446	10.807	12.024	51.568	40.208	91.988	566.27	0.34025	86.544	0.10051	supercritical
40.000	24.200	873.91	0.0011443	10.804	12.023	51.560	40.207	91.944	566.65	0.33914	86.597	0.10055	supercritical
40.000	24.233	874.15	0.0011440	10.802	12.022	51.551	40.206	91.900	567.04	0.33803	86.650	0.10060	supercritical
40.000	24.267	874.38	0.0011437	10.800	12.021	51.542	40.205	91.856	567.43	0.33693	86.703	0.10064	supercritical
40.000	24.300	874.62	0.0011434	10.797	12.020	51.534	40.204	91.812	567.81	0.33583	86.756	0.10068	supercritical
40.000	24.333	874.86	0.0011430	10.795	12.019	51.525	40.204	91.769	568.20	0.33473	86.809	0.10073	supercritical
40.000	24.367	875.09	0.0011427	10.792	12.018	51.516	40.203	91.725	568.58	0.33364	86.862	0.10077	supercritical
40.000	24.400	875.33	0.0011424	10.790	12.017	51.508	40.202	91.682	568.97	0.33255	86.914	0.10082	supercritical
40.000	24.433	875.56	0.0011421	10.788	12.016	51.499	40.201	91.639	569.35	0.33146	86.967	0.10086	supercritical
40.000	24.467	875.79	0.0011418	10.785	12.015	51.491	40.200	91.596	569.73	0.33038	87.020	0.10090	supercritical
40.000	24.500	876.03	0.0011415	10.783	12.014	51.482	40.199	91.553	570.11	0.32930	87.072	0.10095	supercritical
40.000	24.533	876.26	0.0011412	10.781	12.013	51.474	40.199	91.510	570.50	0.32822	87.125	0.10099	supercritical
40.000	24.567	876.49	0.0011409	10.778	12.012	51.465	40.198	91.468	570.88	0.32715	87.178	0.10104	supercritical
40.000	24.600	876.73	0.0011406	10.776	12.011	51.457	40.197	91.425	571.26	0.32608	87.230	0.10108	supercritical
40.000	24.633	876.96	0.0011403	10.774	12.010	51.448	40.196	91.383	571.64	0.32502	87.282	0.10112	supercritical
40.000	24.667	877.19	0.0011400	10.771	12.009	51.440	40.195	91.341	572.02	0.32396	87.335	0.10117	supercritical
40.000	24.700	877.42	0.0011397	10.769	12.008	51.431	40.195	91.299	572.40	0.32290	87.387	0.10121	supercritical
40.000	24.733	877.65	0.0011394	10.767	12.007	51.423	40.194	91.257	572.78	0.32184	87.439	0.10125	supercritical
40.000	24.767	877.88	0.0011391	10.764	12.006	51.414	40.193	91.216	573.16	0.32079	87.491	0.10130	supercritical
40.000	24.800	878.11	0.0011388	10.762	12.005	51.406	40.192	91.174	573.53	0.31974	87.544	0.10134	supercritical
40.000	24.833	878.34	0.0011385	10.760	12.004	51.397	40.192	91.133	573.91	0.31870	87.596	0.10139	supercritical
40.000	24.867	878.57	0.0011382	10.757	12.003	51.389	40.191	91.092	574.29	0.31765	87.648	0.10143	supercritical
40.000	24.900	878.80	0.0011379	10.755	12.002	51.380	40.190	91.050	574.66	0.31662	87.700	0.10147	supercritical
40.000	24.933	879.03	0.0011376	10.753	12.001	51.372	40.189	91.010	575.04	0.31558	87.752	0.10152	supercritical
40.000	24.967	879.26	0.0011373	10.750	12.000	51.364	40.189	90.969	575.41	0.31455	87.804	0.10156	supercritical
40.000	25.000	879.49	0.0011370	10.748	11.999	51.355	40.188	90.928	575.79	0.31352	87.855	0.10160	supercritical
40.000	25.033	879.71	0.0011367	10.746	11.998	51.347	40.187	90.888	576.16	0.31249	87.907	0.10165	supercritical
40.000	25.067	879.94	0.0011364	10.744	11.997	51.339	40.187	90.847	576.54	0.31147	87.959	0.10169	supercritical
40.000	25.100	880.17	0.0011361	10.741	11.996	51.330	40.186	90.807	576.91	0.31045	88.011	0.10173	supercritical
40.000	25.133	880.39	0.0011359	10.739	11.995	51.322	40.185	90.767	577.28	0.30943	88.062	0.10177	supercritical
40.000	25.167	880.62	0.0011356	10.737	11.994	51.314	40.184	90.727	577.65	0.30842	88.114	0.10182	supercritical
40.000	25.200	880.84	0.0011353	10.734	11.994	51.305	40.184	90.687	578.03	0.30741	88.165	0.10186	supercritical
40.000	25.233	881.07	0.0011350	10.732	11.993	51.297	40.183	90.647	578.40	0.30640	88.217	0.10190	supercritical
40.000	25.267	881.29	0.0011347	10.730	11.992	51.289	40.182	90.608	578.77	0.30540	88.268	0.10195	supercritical
40.000	25.300	881.52	0.0011344	10.728	11.991	51.281	40.182	90.568	579.14	0.30440	88.320	0.10199	supercritical
40.000	25.333	881.74	0.0011341	10.725	11.990	51.272	40.181	90.529	579.51	0.30340	88.371	0.10203	supercritical
40.000	25.367	881.96	0.0011338	10.723	11.989	51.264	40.180	90.490	579.88	0.30241	88.422	0.10207	supercritical
40.000	25.400	882.19	0.0011335	10.721	11.988	51.256	40.180	90.451	580.25	0.30141	88.474	0.10212	supercritical
40.000	25.433	882.41	0.0011333	10.719	11.987	51.248	40.179	90.412	580.62	0.30042	88.525	0.10216	supercritical
40.000	25.467	882.63	0.0011330	10.716	11.986	51.239	40.179	90.373	580.98	0.29944	88.576	0.10220	supercritical
40.000	25.500	882.85	0.0011327	10.714	11.985	51.231	40.178	90.334	581.35	0.29846	88.627	0.10225	supercritical
40.000	25.533	883.08	0.0011324	10.712	11.984	51.223	40.177	90.296	581.72	0.29748	88.678	0.10229	supercritical
40.000	25.567	883.30	0.0011321	10.710	11.984	51.215	40.177	90.257	582.08	0.29650	88.729	0.10233	supercritical
40.000	25.600	883.52	0.0011318	10.707	11.983	51.207	40.176	90.219	582.45	0.29553	88.780	0.10237	supercritical
40.000	25.633	883.74	0.0011316	10.705	11.982	51.199	40.176	90.181	582.82	0.29455	88.831	0.10242	supercritical
40.000	25.667	883.96	0.0011313	10.703	11.981	51.191	40.175	90.143	583.18	0.29359	88.882	0.10246	supercritical
40.000	25.700	884.18	0.0011310	10.701	11.980	51.182	40.174	90.105	583.55	0.29262	88.933	0.10250	supercritical
40.000	25.733	884.40	0.0011307	10.699	11.979	51.174	40.174	90.067	583.91	0.29166	88.984	0.10254	supercritical
40.000	25.767	884.62	0.0011304	10.696	11.978	51.166	40.173	90.030	584.27	0.29070	89.034	0.10258	supercritical
40.000	25.800	884.84	0.0011302	10.694	11.977	51.158	40.173	89.992	584.64	0.28974	89.085	0.10263	supercritical
40.000	25.833	885.05	0.0011299	10.692	11.976	51.150	40.172	89.955	585.00	0.28879	89.136	0.10267	supercritical
40.000	25.867	885.27	0.0011296	10.690	11.976	51.142	40.171	89.918	585.36	0.28784	89.186	0.10271	supercritical
40.000	25.900	885.49	0.0011293	10.688	11.975	51.134	40.171	89.880	585.72	0.28689	89.237	0.10275	supercritical
40.000	25.933	885.71	0.0011290	10.685	11.974	51.126	40.170	89.843	586.08	0.28594	89.287	0.10279	supercritical
40.000	25.967	885.92	0.0011288	10.683	11.973	51.118	40.170	89.806	586.45	0.28500	89.338	0.10284	supercritical
40.000	26.000	886.14	0.0011285	10.681	11.972	51.110	40.169	89.770	586.81	0.28406	89.388	0.10288	supercritical
40.000	26.033	886.36	0.0011282	10.679	11.971	51.102	40.169	89.733	587.17	0.28313	89.438	0.10292	supercritical
40.000	26.067	886.57	0.0011279	10.677	11.971	51.094	40.168	89.696	587.53	0.28219	89.489	0.10296	supercritical
40.000	26.100	886.79	0.0011277	10.674	11.970	51.086	40.168	89.660	587.88	0.28126	89.539	0.10300	supercritical
40.000	26.133	887.00	0.0011274	10.672	11.969	51.078	40.167	89.624	588.24	0.28033	89.589	0.10305	supercritical
40.000	26.167	887.22	0.0011271	10.670	11.968	51.070	40.167	89.587	588.60	0.27940	89.639	0.10309	supercritical
40.000	26.200	887.43	0.0011268	10.668	11.967	51.062	40.166	89.551	588.96	0.27848	89.690	0.10313	supercritical
40.000	26.233	887.65	0.0011266	10.666	11.966	51.054	40.166	89.515	589.32	0.27756	89.740	0.10317	supercritical
40.000	26.267	887.86	0.0011263	10.663	11.965	51.046	40.165	89.479	589.67	0.27664	89.790	0.10321	supercritical
40.000	26.300	888.07	0.0011260	10.661	11.965	51.038	40.165	89.444	590.03	0.27573	89.840	0.10325	supercritical
40.000	26.333	888.29	0.0011258	10.659	11.964	51.030	40.164	89.408	590.39	0.27481	89.890	0.10330	supercritical
40.000	26.367	888.50	0.0011255	10.657	11.963	51.023	40.164	89.372	590.74	0.27390	89.940	0.10334	supercritical
40.000	26.400	888.71	0.0011252	10.655	11.962	51.015	40.163	89.337	591.10	0.27300	89.989	0.10338	supercritical
40.000	26.433	888.92	0.0011250	10.653	11.961	51.007	40.163	89.302	591.45	0.27209	90.039	0.10342	supercritical
40.000	26.467	889.13	0.0011247	10.651	11.961	50.999	40.162	89.267	591.81	0.27119	90.089	0.10346	supercritical
40.000	26.500	889.35	0.0011244	10.648	11.960	50.991	40.162	89.231	592.16	0.27029	90.139	0.10350	supercritical
40.000	26.533	889.56	0.0011242	10.646	11.959	50.983	40.161	89.196	592.51	0.26939	90.189	0.10354	supercritical
40.000	26.567	889.77	0.0011239	10.644	11.958	50.976	40.161	89.162	592.87	0.26850	90.238	0.10358	supercritical
40.000	26.600	889.98	0.0011236	10.642	11.957	50.968	40.160	89.127	593.22	0.26761	90.288	0.10363	supercritical
40.000	26.633	890.19	0.0011234	10.640	11.957	50.960	40.160	89.092	593.57	0.26672	90.337	0.10367	supercritical
40.000	26.667	890.40	0.0011231	10.638	11.956	50.952	40.159	89.058	593.92	0.26583	90.387	0.10371	supercritical
40.000	26.700	890.61	0.0011228	10.636	11.955	50.944	40.159	89.023	594.27	0.26495	90.436	0.10375	supercritical
40.000	26.733	890.82	0.0011226	10.634	11.954	50.937	40.159	88.989	594.63	0.26406	90.486	0.10379	supercritical
40.000	26.767	891.03	0.0011223	10.631	11.953	50.929	40.158	88.955	594.98	0.26318	90.535	0.10383	supercritical
40.000	26.800	891.23	0.0011220	10.629	11.953	50.921	40.158	88.921	595.33	0.26231	90.585	0.10387	supercritical
40.000	26.833	891.44	0.0011218	10.627	11.952	50.913	40.157	88.887	595.68	0.26143	90.634	0.10391	supercritical
40.000	26.867	891.65	0.0011215	10.625	11.951	50.906	40.157	88.853	596.02	0.26056	90.683	0.10395	supercritical
40.000	26.900	891.86	0.0011213	10.623	11.950	50.898	40.156	88.819	596.37	0.25969	90.732	0.10399	supercritical
40.000	26.933	892.06	0.0011210	10.621	11.950	50.890	40.156	88.785	596.72	0.25882	90.782	0.10404	supercritical
40.000	26.967	892.27	0.0011207	10.619	11.949	50.883	40.156	88.751	597.07	0.25796	90.831	0.10408	supercritical
40.000	27.000	892.48	0.0011205	10.617	11.948	50.875	40.155	88.718	597.42	0.25710	90.880	0.10412	supercritical
40.000	27.033	892.68	0.0011202	10.615	11.947	50.867	40.155	88.685	597.76	0.25624	90.929	0.10416	supercritical
40.000	27.067	892.89	0.0011200	10.612	11.947	50.860	40.154	88.651	598.11	0.25538	90.978	0.10420	supercritical
40.000	27.100	893.10	0.0011197	10.610	11.946	50.852	40.154	88.618	598.46	0.25452	91.027	0.10424	supercritical
40.000	27.133	893.30	0.0011194	10.608	11.945	50.844	40.154	88.585	598.80	0.25367	91.076	0.10428	supercritical
40.000	27.167	893.51	0.0011192	10.606	11.944	50.837	40.153	88.552	599.15	0.25282	91.125	0.10432	supercritical
40.000	27.200	893.71	0.0011189	10.604	11.944	50.829	40.153	88.519	599.49	0.25197	91.174	0.10436	supercritical
40.000	27.233	893.91	0.0011187	10.602	11.943	50.821	40.153	88.486	599.84	0.25113	91.223	0.10440	supercritical
40.000	27.267	894.12	0.0011184	10.600	11.942	50.814	40.152	88.454	600.18	0.25028	91.271	0.10444	supercritical
40.000	27.300	894.32	0.0011182	10.598	11.941	50.806	40.152	88.421	600.53	0.24944	91.320	0.10448	supercritical
40.000	27.333	894.53	0.0011179	10.596	11.941	50.799	40.152	88.388	600.87	0.24860	91.369	0.10452	supercritical
40.000	27.367	894.73	0.0011177	10.594	11.940	50.791	40.151	88.356	601.21	0.24777	91.417	0.10456	supercritical
40.000	27.400	894.93	0.0011174	10.592	11.939	50.783	40.151	88.324	601.56	0.24693	91.466	0.10460	supercritical
40.000	27.433	895.13	0.0011172	10.590	11.938	50.776	40.150	88.292	601.90	0.24610	91.515	0.10464	supercritical
40.000	27.467	895.34	0.0011169	10.588	11.938	50.768	40.150	88.259	602.24	0.24527	91.563	0.10468	supercritical
40.000	27.500	895.54	0.0011166	10.586	11.937	50.761	40.150	88.227	602.58	0.24444	91.612	0.10472	supercritical
40.000	27.533	895.74	0.0011164	10.583	11.936	50.753	40.150	88.195	602.92	0.24362	91.660	0.10476	supercritical
40.000	27.567	895.94	0.0011161	10.581	11.936	50.746	40.149	88.164	603.27	0.24279	91.709	0.10480	supercritical
40.000	27.600	896.14	0.0011159	10.579	11.935	50.738	40.149	88.132	603.61	0.24197	91.757	0.10484	supercritical
40.000	27.633	896.34	0.0011156	10.577	11.934	50.731	40.149	88.100	603.95	0.24116	91.805	0.10488	supercritical
40.000	27.667	896.54	0.0011154	10.575	11.933	50.723	40.148	88.069	604.29	0.24034	91.854	0.10492	supercritical
40.000	27.700	896.74	0.0011151	10.573	11.933	50.716	40.148	88.037	604.63	0.23953	91.902	0.10496	supercritical
40.000	27.733	896.94	0.0011149	10.571	11.932	50.708	40.148	88.006	604.96	0.23871	91.950	0.10500	supercritical
40.000	27.767	897.14	0.0011147	10.569	11.931	50.701	40.147	87.975	605.30	0.23790	91.998	0.10504	supercritical
40.000	27.800	897.34	0.0011144	10.567	11.931	50.693	40.147	87.943	605.64	0.23710	92.047	0.10508	supercritical
40.000	27.833	897.54	0.0011142	10.565	11.930	50.686	40.147	87.912	605.98	0.23629	92.095	0.10512	supercritical
40.000	27.867	897.74	0.0011139	10.563	11.929	50.679	40.146	87.881	606.32	0.23549	92.143	0.10516	supercritical
40.000	27.900	897.94	0.0011137	10.561	11.929	50.671	40.146	87.850	606.65	0.23469	92.191	0.10520	supercritical
40.000	27.933	898.14	0.0011134	10.559	11.928	50.664	40.146	87.820	606.99	0.23389	92.239	0.10524	supercritical
40.000	27.967	898.33	0.0011132	10.557	11.927	50.656	40.146	87.789	607.33	0.23309	92.287	0.10528	supercritical
40.000	28.000	898.53	0.0011129	10.555	11.926	50.649	40.145	87.758	607.66	0.23230	92.335	0.10532	supercritical
40.000	28.033	898.73	0.0011127	10.553	11.926	50.642	40.145	87.728	608.00	0.23150	92.383	0.10536	supercritical
40.000	28.067	898.92	0.0011124	10.551	11.925	50.634	40.145	87.697	608.33	0.23071	92.431	0.10540	supercritical
40.000	28.100	899.12	0.0011122	10.549	11.924	50.627	40.145	87.667	608.67	0.22992	92.479	0.10544	supercritical
40.000	28.133	899.32	0.0011120	10.547	11.924	50.620	40.144	87.636	609.00	0.22914	92.526	0.10548	supercritical
40.000	28.167	899.51	0.0011117	10.545	11.923	50.612	40.144	87.606	609.34	0.22835	92.574	0.10552	supercritical
40.000	28.200	899.71	0.0011115	10.543	11.922	50.605	40.144	87.576	609.67	0.22757	92.622	0.10556	supercritical
40.000	28.233	899.91	0.0011112	10.541	11.922	50.598	40.144	87.546	610.00	0.22679	92.669	0.10560	supercritical
40.000	28.267	900.10	0.0011110	10.539	11.921	50.590	40.143	87.516	610.34	0.22601	92.717	0.10564	supercritical
40.000	28.300	900.30	0.0011107	10.537	11.920	50.583	40.143	87.486	610.67	0.22524	92.765	0.10568	supercritical
40.000	28.333	900.49	0.0011105	10.535	11.920	50.576	40.143	87.456	611.00	0.22446	92.812	0.10572	supercritical
40.000	28.367	900.68	0.0011103	10.533	11.919	50.568	40.143	87.427	611.33	0.22369	92.860	0.10575	supercritical
40.000	28.400	900.88	0.0011100	10.531	11.919	50.561	40.142	87.397	611.66	0.22292	92.907	0.10579	supercritical
40.000	28.433	901.07	0.0011098	10.529	11.918	50.554	40.142	87.368	612.00	0.22215	92.955	0.10583	supercritical
40.000	28.467	901.27	0.0011096	10.527	11.917	50.547	40.142	87.338	612.33	0.22139	93.002	0.10587	supercritical
40.000	28.500	901.46	0.0011093	10.525	11.917	50.539	40.142	87.309	612.66	0.22062	93.050	0.10591	supercritical
40.000	28.533	901.65	0.0011091	10.523	11.916	50.532	40.141	87.279	612.99	0.21986	93.097	0.10595	supercritical
40.000	28.567	901.84	0.0011088	10.521	11.915	50.525	40.141	87.250	613.32	0.21910	93.144	0.10599	supercritical
40.000	28.600	902.04	0.0011086	10.519	11.915	50.518	40.141	87.221	613.65	0.21834	93.192	0.10603	supercritical
40.000	28.633	902.23	0.0011084	10.517	11.914	50.510	40.141	87.192	613.98	0.21758	93.239	0.10607	supercritical
40.000	28.667	902.42	0.0011081	10.515	11.913	50.503	40.141	87.163	614.30	0.21683	93.286	0.10611	supercritical
40.000	28.700	902.61	0.0011079	10.513	11.913	50.496	40.140	87.134	614.63	0.21608	93.333	0.10614	supercritical
40.000	28.733	902.80	0.0011077	10.511	11.912	50.489	40.140	87.105	614.96	0.21533	93.380	0.10618	supercritical
40.000	28.767	903.00	0.0011074	10.510	11.912	50.482	40.140	87.077	615.29	0.21458	93.428	0.10622	supercritical
40.000	28.800	903.19	0.0011072	10.508	11.911	50.474	40.140	87.048	615.62	0.21383	93.475	0.10626	supercritical
40.000	28.833	903.38	0.0011070	10.506	11.910	50.467	40.140	87.019	615.94	0.21309	93.522	0.10630	supercritical
40.000	28.867	903.57	0.0011067	10.504	11.910	50.460	40.140	86.991	616.27	0.21234	93.569	0.10634	supercritical
40.000	28.900	903.76	0.0011065	10.502	11.909	50.453	40.139	86.963	616.60	0.21160	93.616	0.10638	supercritical
40.000	28.933	903.95	0.0011063	10.500	11.908	50.446	40.139	86.934	616.92	0.21086	93.663	0.10642	supercritical
40.000	28.967	904.14	0.0011060	10.498	11.908	50.439	40.139	86.906	617.25	0.21013	93.710	0.10645	supercritical
40.000	29.000	904.33	0.0011058	10.496	11.907	50.432	40.139	86.878	617.57	0.20939	93.756	0.10649	supercritical
40.000	29.033	904.52	0.0011056	10.494	11.907	50.424	40.139	86.850	617.90	0.20866	93.803	0.10653	supercritical
40.000	29.067	904.70	0.0011053	10.492	11.906	50.417	40.139	86.822	618.22	0.20793	93.850	0.10657	supercritical
40.000	29.100	904.89	0.0011051	10.490	11.905	50.410	40.138	86.794	618.55	0.20720	93.897	0.10661	supercritical
40.000	29.133	905.08	0.0011049	10.488	11.905	50.403	40.138	86.766	618.87	0.20647	93.944	0.10665	supercritical
40.000	29.167	905.27	0.0011046	10.486	11.904	50.396	40.138	86.738	619.19	0.20574	93.990	0.10669	supercritical
40.000	29.200	905.46	0.0011044	10.484	11.904	50.389	40.138	86.710	619.52	0.20502	94.037	0.10672	supercritical
40.000	29.233	905.64	0.0011042	10.482	11.903	50.382	40.138	86.683	619.84	0.20430	94.084	0.10676	supercritical
40.000	29.267	905.83	0.0011040	10.481	11.902	50.375	40.138	86.655	620.16	0.20358	94.130	0.10680	supercritical
40.000	29.300	906.02	0.0011037	10.479	11.902	50.368	40.138	86.628	620.48	0.20286	94.177	0.10684	supercritical
40.000	29.333	906.21	0.0011035	10.477	11.901	50.361	40.137	86.600	620.81	0.20214	94.223	0.10688	supercritical
40.000	29.367	906.39	0.0011033	10.475	11.901	50.354	40.137	86.573	621.13	0.20142	94.270	0.10692	supercritical
40.000	29.400	906.58	0.0011030	10.473	11.900	50.347	40.137	86.546	621.45	0.20071	94.316	0.10695	supercritical
40.000	29.433	906.76	0.0011028	10.471	11.900	50.340	40.137	86.518	621.77	0.20000	94.363	0.10699	supercritical
40.000	29.467	906.95	0.0011026	10.469	11.899	50.333	40.137	86.491	622.09	0.19929	94.409	0.10703	supercritical
40.000	29.500	907.13	0.0011024	10.467	11.898	50.326	40.137	86.464	622.41	0.19858	94.456	0.10707	supercritical
40.000	29.533	907.32	0.0011021	10.465	11.898	50.319	40.137	86.437	622.73	0.19787	94.502	0.10711	supercritical
40.000	29.567	907.51	0.0011019	10.463	11.897	50.312	40.137	86.410	623.05	0.19717	94.548	0.10714	supercritical
40.000	29.600	907.69	0.0011017	10.462	11.897	50.305	40.136	86.383	623.37	0.19647	94.595	0.10718	supercritical
40.000	29.633	907.87	0.0011015	10.460	11.896	50.298	40.136	86.357	623.69	0.19576	94.641	0.10722	supercritical
40.000	29.667	908.06	0.0011013	10.458	11.896	50.291	40.136	86.330	624.01	0.19506	94.687	0.10726	supercritical
40.000	29.700	908.24	0.0011010	10.456	11.895	50.284	40.136	86.303	624.33	0.19437	94.733	0.10730	supercritical
40.000	29.733	908.43	0.0011008	10.454	11.894	50.277	40.136	86.277	624.64	0.19367	94.779	0.10733	supercritical
40.000	29.767	908.61	0.0011006	10.452	11.894	50.270	40.136	86.250	624.96	0.19298	94.826	0.10737	supercritical
40.000	29.800	908.79	0.0011004	10.450	11.893	50.263	40.136	86.224	625.28	0.19228	94.872	0.10741	supercritical
40.000	29.833	908.98	0.0011001	10.448	11.893	50.256	40.136	86.198	625.60	0.19159	94.918	0.10745	supercritical
40.000	29.867	909.16	0.0010999	10.446	11.892	50.249	40.136	86.171	625.91	0.19090	94.964	0.10749	supercritical
40.000	29.900	909.34	0.0010997	10.445	11.892	50.242	40.136	86.145	626.23	0.19021	95.010	0.10752	supercritical
40.000	29.933	909.52	0.0010995	10.443	11.891	50.236	40.136	86.119	626.55	0.18953	95.056	0.10756	supercritical
40.000	29.967	909.71	0.0010993	10.441	11.891	50.229	40.135	86.093	626.86	0.18884	95.102	0.10760	supercritical
40.000	30.000	909.89	0.0010990	10.439	11.890	50.222	40.135	86.067	627.18	0.18816	95.148	0.10764	supercritical
