Temperature (C)	Pressure (MPa)	Density (kg/m3)	Volume (m3/kg)	Internal Energy (kJ/mol)	Enthalpy (kJ/mol)	Entropy (J/mol*K)	Cv (J/mol*K)	Cp (J/mol*K)	Sound Spd. (m/s)	Joule-Thomson (K/MPa)	Viscosity (uPa*s)	Therm. Cond. (W/m*K)	Phase
50.000	10.000	384.33	0.0026019	15.758	16.903	69.514	45.270	255.60	218.24	5.6138	27.791	0.053980	supercritical
50.000	10.033	388.29	0.0025754	15.718	16.855	69.354	45.315	258.54	218.51	5.5578	28.025	0.054406	supercritical
50.000	10.067	392.29	0.0025491	15.678	16.807	69.194	45.357	261.39	218.81	5.5014	28.265	0.054827	supercritical
50.000	10.100	396.32	0.0025232	15.638	16.759	69.034	45.394	264.11	219.13	5.4446	28.508	0.055242	supercritical
50.000	10.133	400.37	0.0024977	15.597	16.711	68.875	45.427	266.69	219.48	5.3875	28.757	0.055651	supercritical
50.000	10.167	404.44	0.0024725	15.557	16.663	68.715	45.457	269.12	219.87	5.3300	29.009	0.056053	supercritical
50.000	10.200	408.53	0.0024478	15.517	16.616	68.556	45.482	271.39	220.28	5.2723	29.266	0.056447	supercritical
50.000	10.233	412.64	0.0024234	15.477	16.568	68.398	45.504	273.48	220.72	5.2143	29.526	0.056832	supercritical
50.000	10.267	416.76	0.0023995	15.436	16.521	68.240	45.521	275.38	221.20	5.1561	29.790	0.057208	supercritical
50.000	10.300	420.88	0.0023760	15.396	16.473	68.083	45.535	277.07	221.70	5.0977	30.058	0.057574	supercritical
50.000	10.333	425.01	0.0023529	15.356	16.426	67.927	45.544	278.55	222.24	5.0393	30.330	0.057929	supercritical
50.000	10.367	429.13	0.0023303	15.317	16.380	67.772	45.549	279.81	222.80	4.9808	30.604	0.058273	supercritical
50.000	10.400	433.26	0.0023081	15.277	16.334	67.619	45.551	280.85	223.40	4.9224	30.881	0.058606	supercritical
50.000	10.433	437.37	0.0022864	15.238	16.288	67.466	45.549	281.65	224.03	4.8640	31.160	0.058927	supercritical
50.000	10.467	441.47	0.0022652	15.199	16.242	67.315	45.542	282.22	224.69	4.8058	31.442	0.059237	supercritical
50.000	10.500	445.55	0.0022444	15.160	16.197	67.166	45.532	282.55	225.38	4.7478	31.726	0.059534	supercritical
50.000	10.533	449.61	0.0022241	15.122	16.153	67.018	45.519	282.66	226.10	4.6901	32.012	0.059820	supercritical
50.000	10.567	453.65	0.0022044	15.084	16.109	66.872	45.502	282.55	226.85	4.6327	32.299	0.060094	supercritical
50.000	10.600	457.65	0.0021851	15.046	16.066	66.728	45.482	282.22	227.62	4.5757	32.586	0.060357	supercritical
50.000	10.633	461.63	0.0021662	15.009	16.023	66.586	45.458	281.69	228.42	4.5192	32.875	0.060609	supercritical
50.000	10.667	465.57	0.0021479	14.972	15.981	66.446	45.432	280.98	229.25	4.4632	33.164	0.060850	supercritical
50.000	10.700	469.47	0.0021300	14.936	15.939	66.308	45.402	280.13	230.10	4.4080	33.454	0.061084	supercritical
50.000	10.733	473.34	0.0021126	14.900	15.898	66.172	45.370	279.17	230.97	4.3535	33.744	0.061311	supercritical
50.000	10.767	477.16	0.0020957	14.865	15.858	66.038	45.335	278.07	231.87	4.2996	34.033	0.061529	supercritical
50.000	10.800	480.94	0.0020792	14.830	15.819	65.906	45.298	276.83	232.79	4.2464	34.322	0.061739	supercritical
50.000	10.833	484.68	0.0020632	14.796	15.780	65.776	45.259	275.47	233.74	4.1938	34.611	0.061942	supercritical
50.000	10.867	488.37	0.0020476	14.762	15.742	65.649	45.218	273.99	234.71	4.1419	34.898	0.062136	supercritical
50.000	10.900	492.01	0.0020325	14.729	15.704	65.524	45.175	272.41	235.70	4.0906	35.185	0.062324	supercritical
50.000	10.933	495.61	0.0020177	14.696	15.667	65.401	45.131	270.73	236.71	4.0400	35.470	0.062505	supercritical
50.000	10.967	499.15	0.0020034	14.664	15.631	65.280	45.086	268.97	237.74	3.9902	35.754	0.062680	supercritical
50.000	11.000	502.64	0.0019895	14.633	15.596	65.161	45.039	267.14	238.79	3.9410	36.037	0.062849	supercritical
50.000	11.033	506.08	0.0019760	14.602	15.561	65.044	44.992	265.24	239.86	3.8926	36.318	0.063012	supercritical
50.000	11.067	509.47	0.0019628	14.571	15.527	64.930	44.944	263.28	240.95	3.8449	36.597	0.063171	supercritical
50.000	11.100	512.81	0.0019500	14.541	15.494	64.818	44.895	261.27	242.05	3.7980	36.874	0.063324	supercritical
50.000	11.133	516.10	0.0019376	14.511	15.461	64.708	44.846	259.23	243.16	3.7518	37.149	0.063473	supercritical
50.000	11.167	519.33	0.0019256	14.482	15.429	64.600	44.796	257.15	244.29	3.7064	37.423	0.063618	supercritical
50.000	11.200	522.51	0.0019138	14.454	15.397	64.494	44.746	255.04	245.43	3.6617	37.693	0.063760	supercritical
50.000	11.233	525.64	0.0019025	14.426	15.366	64.390	44.696	252.91	246.58	3.6178	37.962	0.063898	supercritical
50.000	11.267	528.71	0.0018914	14.398	15.336	64.287	44.646	250.77	247.74	3.5747	38.228	0.064033	supercritical
50.000	11.300	531.74	0.0018806	14.371	15.307	64.187	44.596	248.62	248.90	3.5323	38.492	0.064164	supercritical
50.000	11.333	534.71	0.0018702	14.345	15.278	64.089	44.546	246.46	250.08	3.4907	38.753	0.064294	supercritical
50.000	11.367	537.64	0.0018600	14.319	15.249	63.993	44.496	244.31	251.26	3.4498	39.012	0.064421	supercritical
50.000	11.400	540.51	0.0018501	14.293	15.222	63.898	44.446	242.16	252.44	3.4097	39.268	0.064545	supercritical
50.000	11.433	543.34	0.0018405	14.268	15.194	63.806	44.397	240.02	253.63	3.3703	39.522	0.064668	supercritical
50.000	11.467	546.11	0.0018311	14.244	15.168	63.715	44.348	237.89	254.83	3.3316	39.773	0.064789	supercritical
50.000	11.500	548.84	0.0018220	14.219	15.141	63.626	44.299	235.78	256.03	3.2937	40.021	0.064909	supercritical
50.000	11.533	551.53	0.0018131	14.195	15.116	63.538	44.251	233.69	257.23	3.2564	40.267	0.065027	supercritical
50.000	11.567	554.17	0.0018045	14.172	15.091	63.452	44.203	231.61	258.43	3.2199	40.511	0.065144	supercritical
50.000	11.600	556.76	0.0017961	14.149	15.066	63.368	44.155	229.56	259.63	3.1841	40.752	0.065259	supercritical
50.000	11.633	559.31	0.0017879	14.127	15.042	63.285	44.109	227.54	260.83	3.1489	40.990	0.065374	supercritical
50.000	11.667	561.81	0.0017799	14.104	15.018	63.204	44.062	225.54	262.04	3.1144	41.226	0.065488	supercritical
50.000	11.700	564.28	0.0017722	14.083	14.995	63.124	44.016	223.56	263.24	3.0805	41.459	0.065601	supercritical
50.000	11.733	566.70	0.0017646	14.061	14.972	63.046	43.971	221.62	264.44	3.0473	41.690	0.065714	supercritical
50.000	11.767	569.08	0.0017572	14.040	14.950	62.969	43.926	219.71	265.64	3.0148	41.918	0.065826	supercritical
50.000	11.800	571.43	0.0017500	14.019	14.928	62.893	43.881	217.83	266.84	2.9828	42.144	0.065937	supercritical
50.000	11.833	573.73	0.0017430	13.999	14.907	62.819	43.838	215.97	268.04	2.9515	42.367	0.066048	supercritical
50.000	11.867	576.00	0.0017361	13.979	14.886	62.746	43.794	214.16	269.23	2.9207	42.588	0.066159	supercritical
50.000	11.900	578.23	0.0017294	13.959	14.865	62.674	43.752	212.37	270.42	2.8906	42.807	0.066269	supercritical
50.000	11.933	580.42	0.0017229	13.940	14.845	62.603	43.709	210.61	271.61	2.8610	43.023	0.066379	supercritical
50.000	11.967	582.58	0.0017165	13.921	14.825	62.534	43.668	208.89	272.80	2.8319	43.237	0.066489	supercritical
50.000	12.000	584.71	0.0017102	13.902	14.805	62.466	43.627	207.20	273.98	2.8034	43.449	0.066598	supercritical
50.000	12.033	586.80	0.0017042	13.884	14.786	62.398	43.586	205.54	275.16	2.7755	43.659	0.066708	supercritical
50.000	12.067	588.86	0.0016982	13.865	14.767	62.332	43.546	203.92	276.33	2.7480	43.866	0.066817	supercritical
50.000	12.100	590.89	0.0016924	13.848	14.749	62.267	43.507	202.33	277.51	2.7211	44.071	0.066926	supercritical
50.000	12.133	592.89	0.0016867	13.830	14.731	62.203	43.468	200.76	278.67	2.6946	44.275	0.067035	supercritical
50.000	12.167	594.86	0.0016811	13.813	14.713	62.141	43.430	199.23	279.84	2.6687	44.476	0.067144	supercritical
50.000	12.200	596.79	0.0016756	13.795	14.695	62.079	43.392	197.73	281.00	2.6432	44.675	0.067253	supercritical
50.000	12.233	598.70	0.0016703	13.779	14.678	62.017	43.355	196.26	282.15	2.6181	44.872	0.067362	supercritical
50.000	12.267	600.59	0.0016650	13.762	14.661	61.957	43.318	194.82	283.30	2.5935	45.067	0.067470	supercritical
50.000	12.300	602.44	0.0016599	13.746	14.644	61.898	43.282	193.41	284.45	2.5694	45.260	0.067579	supercritical
50.000	12.333	604.27	0.0016549	13.730	14.628	61.840	43.247	192.03	285.59	2.5457	45.451	0.067687	supercritical
50.000	12.367	606.07	0.0016500	13.714	14.612	61.782	43.212	190.68	286.73	2.5224	45.641	0.067795	supercritical
50.000	12.400	607.85	0.0016452	13.698	14.596	61.726	43.177	189.35	287.86	2.4995	45.828	0.067904	supercritical
50.000	12.433	609.60	0.0016404	13.682	14.580	61.670	43.143	188.05	288.99	2.4770	46.014	0.068012	supercritical
50.000	12.467	611.33	0.0016358	13.667	14.565	61.615	43.110	186.78	290.11	2.4549	46.198	0.068120	supercritical
50.000	12.500	613.03	0.0016312	13.652	14.549	61.560	43.077	185.54	291.23	2.4332	46.380	0.068227	supercritical
50.000	12.533	614.71	0.0016268	13.637	14.535	61.507	43.045	184.31	292.35	2.4118	46.561	0.068335	supercritical
50.000	12.567	616.37	0.0016224	13.623	14.520	61.454	43.013	183.12	293.45	2.3908	46.740	0.068443	supercritical
50.000	12.600	618.01	0.0016181	13.608	14.505	61.402	42.981	181.94	294.56	2.3702	46.917	0.068550	supercritical
50.000	12.633	619.62	0.0016139	13.594	14.491	61.350	42.950	180.79	295.66	2.3499	47.093	0.068657	supercritical
50.000	12.667	621.22	0.0016097	13.580	14.477	61.299	42.920	179.67	296.75	2.3299	47.267	0.068764	supercritical
50.000	12.700	622.79	0.0016057	13.566	14.463	61.249	42.890	178.56	297.84	2.3102	47.440	0.068871	supercritical
50.000	12.733	624.35	0.0016017	13.552	14.450	61.200	42.860	177.48	298.93	2.2909	47.611	0.068978	supercritical
50.000	12.767	625.88	0.0015977	13.538	14.436	61.151	42.831	176.42	300.01	2.2719	47.780	0.069084	supercritical
50.000	12.800	627.40	0.0015939	13.525	14.423	61.102	42.802	175.38	301.08	2.2532	47.948	0.069191	supercritical
50.000	12.833	628.90	0.0015901	13.512	14.410	61.055	42.774	174.36	302.15	2.2348	48.115	0.069297	supercritical
50.000	12.867	630.37	0.0015864	13.499	14.397	61.008	42.746	173.35	303.22	2.2167	48.280	0.069403	supercritical
50.000	12.900	631.84	0.0015827	13.486	14.384	60.961	42.718	172.37	304.28	2.1988	48.444	0.069508	supercritical
50.000	12.933	633.28	0.0015791	13.473	14.372	60.915	42.691	171.41	305.33	2.1812	48.607	0.069614	supercritical
50.000	12.967	634.71	0.0015755	13.460	14.359	60.869	42.664	170.46	306.38	2.1640	48.768	0.069719	supercritical
50.000	13.000	636.12	0.0015720	13.448	14.347	60.825	42.638	169.53	307.43	2.1469	48.928	0.069824	supercritical
50.000	13.033	637.51	0.0015686	13.435	14.335	60.780	42.612	168.62	308.47	2.1301	49.086	0.069929	supercritical
50.000	13.067	638.89	0.0015652	13.423	14.323	60.736	42.586	167.73	309.50	2.1136	49.244	0.070033	supercritical
50.000	13.100	640.25	0.0015619	13.411	14.311	60.693	42.561	166.85	310.54	2.0974	49.400	0.070137	supercritical
50.000	13.133	641.60	0.0015586	13.399	14.300	60.650	42.536	165.99	311.56	2.0813	49.555	0.070241	supercritical
50.000	13.167	642.93	0.0015554	13.387	14.288	60.607	42.512	165.14	312.59	2.0655	49.708	0.070345	supercritical
50.000	13.200	644.25	0.0015522	13.375	14.277	60.565	42.488	164.31	313.60	2.0499	49.861	0.070449	supercritical
50.000	13.233	645.56	0.0015491	13.364	14.266	60.524	42.464	163.49	314.62	2.0346	50.012	0.070552	supercritical
50.000	13.267	646.84	0.0015460	13.352	14.255	60.483	42.440	162.69	315.62	2.0195	50.162	0.070655	supercritical
50.000	13.300	648.12	0.0015429	13.341	14.244	60.442	42.417	161.90	316.63	2.0046	50.311	0.070757	supercritical
50.000	13.333	649.38	0.0015399	13.330	14.233	60.402	42.394	161.12	317.63	1.9899	50.459	0.070859	supercritical
50.000	13.367	650.63	0.0015370	13.318	14.223	60.362	42.372	160.36	318.62	1.9754	50.606	0.070961	supercritical
50.000	13.400	651.87	0.0015341	13.307	14.212	60.322	42.349	159.61	319.61	1.9611	50.752	0.071063	supercritical
50.000	13.433	653.09	0.0015312	13.296	14.202	60.283	42.327	158.87	320.60	1.9470	50.897	0.071164	supercritical
50.000	13.467	654.30	0.0015283	13.286	14.191	60.245	42.306	158.15	321.58	1.9331	51.041	0.071266	supercritical
50.000	13.500	655.50	0.0015255	13.275	14.181	60.206	42.284	157.43	322.55	1.9194	51.183	0.071366	supercritical
50.000	13.533	656.69	0.0015228	13.264	14.171	60.168	42.263	156.73	323.53	1.9058	51.325	0.071467	supercritical
50.000	13.567	657.86	0.0015201	13.254	14.161	60.131	42.242	156.04	324.49	1.8925	51.466	0.071567	supercritical
50.000	13.600	659.03	0.0015174	13.243	14.152	60.094	42.222	155.36	325.46	1.8793	51.606	0.071667	supercritical
50.000	13.633	660.18	0.0015147	13.233	14.142	60.057	42.201	154.69	326.42	1.8663	51.744	0.071766	supercritical
50.000	13.667	661.32	0.0015121	13.223	14.132	60.020	42.181	154.04	327.37	1.8535	51.882	0.071866	supercritical
50.000	13.700	662.45	0.0015095	13.213	14.123	59.984	42.161	153.39	328.32	1.8408	52.019	0.071965	supercritical
50.000	13.733	663.57	0.0015070	13.203	14.113	59.948	42.142	152.75	329.27	1.8283	52.155	0.072063	supercritical
50.000	13.767	664.68	0.0015045	13.193	14.104	59.913	42.122	152.12	330.21	1.8160	52.290	0.072161	supercritical
50.000	13.800	665.78	0.0015020	13.183	14.095	59.878	42.103	151.51	331.15	1.8038	52.425	0.072259	supercritical
50.000	13.833	666.87	0.0014995	13.173	14.086	59.843	42.084	150.90	332.08	1.7917	52.558	0.072357	supercritical
50.000	13.867	667.95	0.0014971	13.163	14.077	59.808	42.066	150.30	333.01	1.7799	52.691	0.072454	supercritical
50.000	13.900	669.02	0.0014947	13.154	14.068	59.774	42.047	149.71	333.94	1.7681	52.823	0.072551	supercritical
50.000	13.933	670.08	0.0014924	13.144	14.059	59.740	42.029	149.13	334.86	1.7565	52.953	0.072648	supercritical
50.000	13.967	671.13	0.0014900	13.135	14.051	59.707	42.011	148.56	335.78	1.7451	53.084	0.072744	supercritical
50.000	14.000	672.17	0.0014877	13.125	14.042	59.673	41.993	147.99	336.70	1.7338	53.213	0.072840	supercritical
50.000	14.033	673.20	0.0014854	13.116	14.034	59.640	41.976	147.43	337.61	1.7226	53.341	0.072936	supercritical
50.000	14.067	674.22	0.0014832	13.107	14.025	59.607	41.958	146.89	338.51	1.7116	53.469	0.073032	supercritical
50.000	14.100	675.23	0.0014810	13.098	14.017	59.575	41.941	146.35	339.42	1.7007	53.596	0.073127	supercritical
50.000	14.133	676.24	0.0014788	13.089	14.009	59.543	41.924	145.81	340.32	1.6899	53.722	0.073221	supercritical
50.000	14.167	677.24	0.0014766	13.080	14.000	59.511	41.907	145.29	341.21	1.6793	53.848	0.073316	supercritical
50.000	14.200	678.23	0.0014744	13.071	13.992	59.479	41.891	144.77	342.10	1.6687	53.972	0.073410	supercritical
50.000	14.233	679.21	0.0014723	13.062	13.984	59.447	41.874	144.26	342.99	1.6583	54.096	0.073504	supercritical
50.000	14.267	680.18	0.0014702	13.053	13.976	59.416	41.858	143.76	343.87	1.6480	54.220	0.073597	supercritical
50.000	14.300	681.14	0.0014681	13.045	13.969	59.385	41.842	143.26	344.76	1.6379	54.342	0.073691	supercritical
50.000	14.333	682.10	0.0014661	13.036	13.961	59.354	41.826	142.77	345.63	1.6278	54.464	0.073784	supercritical
50.000	14.367	683.05	0.0014640	13.027	13.953	59.324	41.810	142.29	346.51	1.6179	54.585	0.073876	supercritical
50.000	14.400	683.99	0.0014620	13.019	13.945	59.294	41.795	141.81	347.38	1.6081	54.706	0.073968	supercritical
50.000	14.433	684.92	0.0014600	13.010	13.938	59.263	41.779	141.34	348.24	1.5984	54.826	0.074060	supercritical
50.000	14.467	685.85	0.0014580	13.002	13.930	59.234	41.764	140.88	349.11	1.5888	54.945	0.074152	supercritical
50.000	14.500	686.77	0.0014561	12.994	13.923	59.204	41.749	140.42	349.97	1.5793	55.063	0.074243	supercritical
50.000	14.533	687.68	0.0014542	12.985	13.916	59.175	41.734	139.97	350.82	1.5699	55.181	0.074334	supercritical
50.000	14.567	688.58	0.0014523	12.977	13.908	59.146	41.719	139.52	351.67	1.5606	55.299	0.074425	supercritical
50.000	14.600	689.48	0.0014504	12.969	13.901	59.117	41.705	139.08	352.52	1.5514	55.415	0.074515	supercritical
50.000	14.633	690.37	0.0014485	12.961	13.894	59.088	41.690	138.64	353.37	1.5423	55.531	0.074606	supercritical
50.000	14.667	691.26	0.0014466	12.953	13.887	59.059	41.676	138.22	354.21	1.5333	55.647	0.074695	supercritical
50.000	14.700	692.13	0.0014448	12.945	13.880	59.031	41.662	137.79	355.05	1.5244	55.761	0.074785	supercritical
50.000	14.733	693.01	0.0014430	12.937	13.873	59.003	41.648	137.37	355.89	1.5156	55.876	0.074874	supercritical
50.000	14.767	693.87	0.0014412	12.929	13.866	58.975	41.634	136.96	356.72	1.5068	55.989	0.074963	supercritical
50.000	14.800	694.73	0.0014394	12.921	13.859	58.947	41.620	136.55	357.55	1.4982	56.102	0.075052	supercritical
50.000	14.833	695.58	0.0014376	12.914	13.852	58.920	41.606	136.15	358.38	1.4897	56.215	0.075140	supercritical
50.000	14.867	696.43	0.0014359	12.906	13.845	58.892	41.593	135.75	359.20	1.4812	56.327	0.075228	supercritical
50.000	14.900	697.27	0.0014342	12.898	13.839	58.865	41.579	135.36	360.02	1.4729	56.438	0.075316	supercritical
50.000	14.933	698.10	0.0014325	12.891	13.832	58.838	41.566	134.97	360.84	1.4646	56.549	0.075403	supercritical
50.000	14.967	698.93	0.0014308	12.883	13.826	58.811	41.553	134.59	361.66	1.4564	56.659	0.075490	supercritical
50.000	15.000	699.75	0.0014291	12.876	13.819	58.785	41.540	134.21	362.47	1.4483	56.769	0.075577	supercritical
50.000	15.033	700.57	0.0014274	12.868	13.813	58.758	41.527	133.83	363.28	1.4403	56.878	0.075664	supercritical
50.000	15.067	701.38	0.0014258	12.861	13.806	58.732	41.514	133.46	364.08	1.4323	56.987	0.075750	supercritical
50.000	15.100	702.19	0.0014241	12.854	13.800	58.706	41.502	133.10	364.88	1.4244	57.095	0.075836	supercritical
50.000	15.133	702.99	0.0014225	12.846	13.794	58.680	41.489	132.74	365.68	1.4167	57.203	0.075922	supercritical
50.000	15.167	703.78	0.0014209	12.839	13.787	58.654	41.477	132.38	366.48	1.4089	57.310	0.076007	supercritical
50.000	15.200	704.57	0.0014193	12.832	13.781	58.629	41.465	132.03	367.27	1.4013	57.417	0.076093	supercritical
50.000	15.233	705.36	0.0014177	12.825	13.775	58.603	41.453	131.68	368.06	1.3937	57.523	0.076177	supercritical
50.000	15.267	706.13	0.0014162	12.817	13.769	58.578	41.441	131.33	368.85	1.3862	57.629	0.076262	supercritical
50.000	15.300	706.91	0.0014146	12.810	13.763	58.553	41.429	130.99	369.64	1.3788	57.734	0.076347	supercritical
50.000	15.333	707.68	0.0014131	12.803	13.757	58.528	41.417	130.65	370.42	1.3715	57.839	0.076431	supercritical
50.000	15.367	708.44	0.0014115	12.796	13.751	58.503	41.405	130.32	371.20	1.3642	57.943	0.076514	supercritical
50.000	15.400	709.20	0.0014100	12.789	13.745	58.478	41.393	129.99	371.98	1.3570	58.047	0.076598	supercritical
50.000	15.433	709.95	0.0014085	12.783	13.739	58.454	41.382	129.66	372.75	1.3498	58.150	0.076681	supercritical
50.000	15.467	710.70	0.0014071	12.776	13.733	58.429	41.371	129.34	373.52	1.3427	58.253	0.076764	supercritical
50.000	15.500	711.45	0.0014056	12.769	13.728	58.405	41.359	129.02	374.29	1.3357	58.356	0.076847	supercritical
50.000	15.533	712.19	0.0014041	12.762	13.722	58.381	41.348	128.71	375.06	1.3288	58.458	0.076930	supercritical
50.000	15.567	712.92	0.0014027	12.755	13.716	58.357	41.337	128.40	375.82	1.3219	58.559	0.077012	supercritical
50.000	15.600	713.65	0.0014012	12.749	13.711	58.333	41.326	128.09	376.58	1.3150	58.660	0.077094	supercritical
50.000	15.633	714.38	0.0013998	12.742	13.705	58.310	41.315	127.78	377.34	1.3083	58.761	0.077176	supercritical
50.000	15.667	715.10	0.0013984	12.735	13.699	58.286	41.304	127.48	378.10	1.3016	58.861	0.077257	supercritical
50.000	15.700	715.82	0.0013970	12.729	13.694	58.263	41.294	127.18	378.85	1.2949	58.961	0.077338	supercritical
50.000	15.733	716.53	0.0013956	12.722	13.688	58.239	41.283	126.89	379.60	1.2884	59.061	0.077419	supercritical
50.000	15.767	717.24	0.0013942	12.716	13.683	58.216	41.272	126.59	380.35	1.2818	59.160	0.077500	supercritical
50.000	15.800	717.95	0.0013929	12.709	13.678	58.193	41.262	126.30	381.09	1.2754	59.258	0.077581	supercritical
50.000	15.833	718.65	0.0013915	12.703	13.672	58.170	41.252	126.02	381.84	1.2690	59.357	0.077661	supercritical
50.000	15.867	719.34	0.0013902	12.696	13.667	58.148	41.241	125.73	382.58	1.2626	59.455	0.077741	supercritical
50.000	15.900	720.04	0.0013888	12.690	13.662	58.125	41.231	125.45	383.32	1.2563	59.552	0.077821	supercritical
50.000	15.933	720.72	0.0013875	12.684	13.656	58.103	41.221	125.18	384.05	1.2501	59.649	0.077900	supercritical
50.000	15.967	721.41	0.0013862	12.677	13.651	58.080	41.211	124.90	384.78	1.2439	59.746	0.077979	supercritical
50.000	16.000	722.09	0.0013849	12.671	13.646	58.058	41.201	124.63	385.52	1.2377	59.842	0.078058	supercritical
50.000	16.033	722.77	0.0013836	12.665	13.641	58.036	41.192	124.36	386.24	1.2317	59.938	0.078137	supercritical
50.000	16.067	723.44	0.0013823	12.659	13.636	58.014	41.182	124.09	386.97	1.2256	60.034	0.078216	supercritical
50.000	16.100	724.11	0.0013810	12.652	13.631	57.992	41.172	123.83	387.69	1.2196	60.129	0.078294	supercritical
50.000	16.133	724.77	0.0013797	12.646	13.626	57.970	41.163	123.57	388.42	1.2137	60.224	0.078372	supercritical
50.000	16.167	725.43	0.0013785	12.640	13.621	57.948	41.153	123.31	389.14	1.2078	60.318	0.078450	supercritical
50.000	16.200	726.09	0.0013772	12.634	13.616	57.927	41.144	123.05	389.85	1.2020	60.412	0.078528	supercritical
50.000	16.233	726.75	0.0013760	12.628	13.611	57.905	41.134	122.80	390.57	1.1962	60.506	0.078605	supercritical
50.000	16.267	727.40	0.0013748	12.622	13.606	57.884	41.125	122.55	391.28	1.1905	60.600	0.078682	supercritical
50.000	16.300	728.04	0.0013735	12.616	13.601	57.863	41.116	122.30	391.99	1.1848	60.693	0.078759	supercritical
50.000	16.333	728.69	0.0013723	12.610	13.596	57.842	41.107	122.05	392.70	1.1791	60.785	0.078836	supercritical
50.000	16.367	729.33	0.0013711	12.604	13.592	57.821	41.098	121.81	393.41	1.1735	60.878	0.078913	supercritical
50.000	16.400	729.96	0.0013699	12.598	13.587	57.800	41.089	121.57	394.11	1.1680	60.970	0.078989	supercritical
50.000	16.433	730.60	0.0013687	12.592	13.582	57.779	41.080	121.33	394.81	1.1625	61.061	0.079065	supercritical
50.000	16.467	731.23	0.0013676	12.586	13.578	57.758	41.071	121.09	395.51	1.1570	61.153	0.079141	supercritical
50.000	16.500	731.85	0.0013664	12.581	13.573	57.738	41.062	120.86	396.21	1.1516	61.244	0.079217	supercritical
50.000	16.533	732.48	0.0013652	12.575	13.568	57.717	41.054	120.63	396.90	1.1462	61.335	0.079292	supercritical
50.000	16.567	733.10	0.0013641	12.569	13.564	57.697	41.045	120.40	397.60	1.1409	61.425	0.079367	supercritical
50.000	16.600	733.71	0.0013629	12.563	13.559	57.676	41.037	120.17	398.29	1.1356	61.515	0.079442	supercritical
50.000	16.633	734.33	0.0013618	12.558	13.555	57.656	41.028	119.94	398.98	1.1303	61.605	0.079517	supercritical
50.000	16.667	734.94	0.0013607	12.552	13.550	57.636	41.020	119.72	399.66	1.1251	61.695	0.079592	supercritical
50.000	16.700	735.55	0.0013595	12.546	13.546	57.616	41.012	119.49	400.35	1.1199	61.784	0.079666	supercritical
50.000	16.733	736.15	0.0013584	12.541	13.541	57.596	41.003	119.27	401.03	1.1148	61.873	0.079740	supercritical
50.000	16.767	736.75	0.0013573	12.535	13.537	57.576	40.995	119.06	401.71	1.1097	61.961	0.079814	supercritical
50.000	16.800	737.35	0.0013562	12.530	13.532	57.556	40.987	118.84	402.39	1.1047	62.049	0.079888	supercritical
50.000	16.833	737.94	0.0013551	12.524	13.528	57.537	40.979	118.63	403.07	1.0996	62.137	0.079961	supercritical
50.000	16.867	738.54	0.0013540	12.519	13.524	57.517	40.971	118.41	403.74	1.0947	62.225	0.080035	supercritical
50.000	16.900	739.13	0.0013529	12.513	13.519	57.498	40.963	118.20	404.42	1.0897	62.312	0.080108	supercritical
50.000	16.933	739.71	0.0013519	12.508	13.515	57.478	40.955	118.00	405.09	1.0848	62.400	0.080181	supercritical
50.000	16.967	740.30	0.0013508	12.502	13.511	57.459	40.947	117.79	405.76	1.0800	62.486	0.080254	supercritical
50.000	17.000	740.88	0.0013497	12.497	13.507	57.440	40.940	117.58	406.42	1.0751	62.573	0.080326	supercritical
50.000	17.033	741.46	0.0013487	12.491	13.502	57.421	40.932	117.38	407.09	1.0703	62.659	0.080399	supercritical
50.000	17.067	742.03	0.0013477	12.486	13.498	57.402	40.924	117.18	407.75	1.0656	62.745	0.080471	supercritical
50.000	17.100	742.60	0.0013466	12.481	13.494	57.383	40.917	116.98	408.41	1.0609	62.831	0.080543	supercritical
50.000	17.133	743.17	0.0013456	12.475	13.490	57.364	40.909	116.78	409.07	1.0562	62.916	0.080615	supercritical
50.000	17.167	743.74	0.0013446	12.470	13.486	57.345	40.902	116.59	409.73	1.0515	63.001	0.080686	supercritical
50.000	17.200	744.31	0.0013435	12.465	13.482	57.326	40.895	116.39	410.39	1.0469	63.086	0.080758	supercritical
50.000	17.233	744.87	0.0013425	12.459	13.478	57.308	40.887	116.20	411.04	1.0423	63.171	0.080829	supercritical
50.000	17.267	745.43	0.0013415	12.454	13.474	57.289	40.880	116.01	411.69	1.0377	63.255	0.080900	supercritical
50.000	17.300	745.98	0.0013405	12.449	13.470	57.271	40.873	115.82	412.34	1.0332	63.339	0.080971	supercritical
50.000	17.333	746.54	0.0013395	12.444	13.466	57.252	40.866	115.63	412.99	1.0287	63.423	0.081042	supercritical
50.000	17.367	747.09	0.0013385	12.439	13.462	57.234	40.859	115.44	413.64	1.0243	63.507	0.081112	supercritical
50.000	17.400	747.64	0.0013375	12.434	13.458	57.216	40.852	115.26	414.28	1.0198	63.590	0.081182	supercritical
50.000	17.433	748.19	0.0013366	12.428	13.454	57.198	40.845	115.07	414.93	1.0154	63.673	0.081252	supercritical
50.000	17.467	748.73	0.0013356	12.423	13.450	57.180	40.838	114.89	415.57	1.0111	63.756	0.081322	supercritical
50.000	17.500	749.27	0.0013346	12.418	13.446	57.162	40.831	114.71	416.21	1.0067	63.839	0.081392	supercritical
50.000	17.533	749.81	0.0013337	12.413	13.442	57.144	40.824	114.53	416.85	1.0024	63.921	0.081462	supercritical
50.000	17.567	750.35	0.0013327	12.408	13.439	57.126	40.817	114.36	417.48	0.99817	64.003	0.081531	supercritical
50.000	17.600	750.88	0.0013318	12.403	13.435	57.108	40.811	114.18	418.12	0.99392	64.085	0.081600	supercritical
50.000	17.633	751.42	0.0013308	12.398	13.431	57.090	40.804	114.01	418.75	0.98971	64.167	0.081670	supercritical
50.000	17.667	751.95	0.0013299	12.393	13.427	57.073	40.797	113.83	419.38	0.98552	64.248	0.081738	supercritical
50.000	17.700	752.47	0.0013290	12.388	13.423	57.055	40.791	113.66	420.01	0.98136	64.329	0.081807	supercritical
50.000	17.733	753.00	0.0013280	12.383	13.420	57.038	40.784	113.49	420.64	0.97723	64.410	0.081876	supercritical
50.000	17.767	753.52	0.0013271	12.378	13.416	57.020	40.778	113.32	421.26	0.97312	64.491	0.081944	supercritical
50.000	17.800	754.04	0.0013262	12.374	13.412	57.003	40.771	113.15	421.89	0.96905	64.571	0.082012	supercritical
50.000	17.833	754.56	0.0013253	12.369	13.409	56.985	40.765	112.99	422.51	0.96500	64.651	0.082080	supercritical
50.000	17.867	755.08	0.0013244	12.364	13.405	56.968	40.759	112.82	423.13	0.96098	64.731	0.082148	supercritical
50.000	17.900	755.59	0.0013235	12.359	13.402	56.951	40.753	112.66	423.75	0.95698	64.811	0.082216	supercritical
50.000	17.933	756.10	0.0013226	12.354	13.398	56.934	40.746	112.49	424.37	0.95302	64.891	0.082284	supercritical
50.000	17.967	756.61	0.0013217	12.349	13.394	56.917	40.740	112.33	424.99	0.94907	64.970	0.082351	supercritical
50.000	18.000	757.12	0.0013208	12.345	13.391	56.900	40.734	112.17	425.60	0.94516	65.049	0.082418	supercritical
50.000	18.033	757.63	0.0013199	12.340	13.387	56.883	40.728	112.01	426.22	0.94127	65.128	0.082485	supercritical
50.000	18.067	758.13	0.0013190	12.335	13.384	56.866	40.722	111.86	426.83	0.93740	65.207	0.082552	supercritical
50.000	18.100	758.63	0.0013182	12.330	13.380	56.849	40.716	111.70	427.44	0.93356	65.285	0.082619	supercritical
50.000	18.133	759.13	0.0013173	12.326	13.377	56.833	40.710	111.54	428.05	0.92974	65.363	0.082686	supercritical
50.000	18.167	759.63	0.0013164	12.321	13.373	56.816	40.704	111.39	428.65	0.92595	65.441	0.082752	supercritical
50.000	18.200	760.13	0.0013156	12.316	13.370	56.800	40.698	111.24	429.26	0.92219	65.519	0.082818	supercritical
50.000	18.233	760.62	0.0013147	12.312	13.367	56.783	40.693	111.08	429.86	0.91844	65.597	0.082884	supercritical
50.000	18.267	761.11	0.0013139	12.307	13.363	56.767	40.687	110.93	430.46	0.91472	65.674	0.082950	supercritical
50.000	18.300	761.60	0.0013130	12.302	13.360	56.750	40.681	110.78	431.07	0.91103	65.751	0.083016	supercritical
50.000	18.333	762.09	0.0013122	12.298	13.356	56.734	40.676	110.63	431.67	0.90736	65.828	0.083082	supercritical
50.000	18.367	762.57	0.0013114	12.293	13.353	56.718	40.670	110.49	432.26	0.90371	65.905	0.083147	supercritical
50.000	18.400	763.06	0.0013105	12.289	13.350	56.701	40.664	110.34	432.86	0.90008	65.982	0.083213	supercritical
50.000	18.433	763.54	0.0013097	12.284	13.347	56.685	40.659	110.20	433.45	0.89648	66.058	0.083278	supercritical
50.000	18.467	764.02	0.0013089	12.279	13.343	56.669	40.653	110.05	434.05	0.89290	66.134	0.083343	supercritical
50.000	18.500	764.50	0.0013081	12.275	13.340	56.653	40.648	109.91	434.64	0.88934	66.210	0.083408	supercritical
50.000	18.533	764.97	0.0013072	12.270	13.337	56.637	40.643	109.76	435.23	0.88580	66.286	0.083473	supercritical
50.000	18.567	765.45	0.0013064	12.266	13.333	56.621	40.637	109.62	435.82	0.88229	66.362	0.083537	supercritical
50.000	18.600	765.92	0.0013056	12.261	13.330	56.605	40.632	109.48	436.41	0.87879	66.437	0.083602	supercritical
50.000	18.633	766.39	0.0013048	12.257	13.327	56.589	40.627	109.34	436.99	0.87532	66.512	0.083666	supercritical
50.000	18.667	766.86	0.0013040	12.253	13.324	56.574	40.621	109.21	437.58	0.87187	66.588	0.083730	supercritical
50.000	18.700	767.33	0.0013032	12.248	13.321	56.558	40.616	109.07	438.16	0.86844	66.662	0.083794	supercritical
50.000	18.733	767.79	0.0013024	12.244	13.318	56.542	40.611	108.93	438.75	0.86503	66.737	0.083858	supercritical
50.000	18.767	768.25	0.0013017	12.239	13.314	56.527	40.606	108.80	439.33	0.86164	66.812	0.083922	supercritical
50.000	18.800	768.72	0.0013009	12.235	13.311	56.511	40.601	108.66	439.91	0.85827	66.886	0.083985	supercritical
50.000	18.833	769.18	0.0013001	12.231	13.308	56.496	40.596	108.53	440.48	0.85492	66.960	0.084049	supercritical
50.000	18.867	769.64	0.0012993	12.226	13.305	56.480	40.591	108.40	441.06	0.85159	67.034	0.084112	supercritical
50.000	18.900	770.09	0.0012985	12.222	13.302	56.465	40.586	108.26	441.64	0.84828	67.108	0.084175	supercritical
50.000	18.933	770.55	0.0012978	12.218	13.299	56.449	40.581	108.13	442.21	0.84499	67.181	0.084238	supercritical
50.000	18.967	771.00	0.0012970	12.213	13.296	56.434	40.576	108.00	442.78	0.84172	67.255	0.084301	supercritical
50.000	19.000	771.45	0.0012963	12.209	13.293	56.419	40.571	107.87	443.35	0.83847	67.328	0.084364	supercritical
50.000	19.033	771.90	0.0012955	12.205	13.290	56.404	40.566	107.75	443.92	0.83524	67.401	0.084427	supercritical
50.000	19.067	772.35	0.0012947	12.200	13.287	56.389	40.562	107.62	444.49	0.83203	67.474	0.084489	supercritical
50.000	19.100	772.80	0.0012940	12.196	13.284	56.373	40.557	107.49	445.06	0.82883	67.547	0.084552	supercritical
50.000	19.133	773.24	0.0012933	12.192	13.281	56.358	40.552	107.37	445.62	0.82566	67.619	0.084614	supercritical
50.000	19.167	773.69	0.0012925	12.188	13.278	56.343	40.547	107.24	446.19	0.82250	67.692	0.084676	supercritical
50.000	19.200	774.13	0.0012918	12.184	13.275	56.328	40.543	107.12	446.75	0.81936	67.764	0.084738	supercritical
50.000	19.233	774.57	0.0012910	12.179	13.272	56.314	40.538	106.99	447.31	0.81624	67.836	0.084800	supercritical
50.000	19.267	775.01	0.0012903	12.175	13.269	56.299	40.534	106.87	447.88	0.81313	67.908	0.084862	supercritical
50.000	19.300	775.45	0.0012896	12.171	13.266	56.284	40.529	106.75	448.43	0.81005	67.980	0.084923	supercritical
50.000	19.333	775.88	0.0012889	12.167	13.264	56.269	40.525	106.63	448.99	0.80698	68.051	0.084985	supercritical
50.000	19.367	776.32	0.0012881	12.163	13.261	56.254	40.520	106.51	449.55	0.80393	68.123	0.085046	supercritical
50.000	19.400	776.75	0.0012874	12.159	13.258	56.240	40.516	106.39	450.11	0.80089	68.194	0.085107	supercritical
50.000	19.433	777.18	0.0012867	12.155	13.255	56.225	40.511	106.27	450.66	0.79787	68.265	0.085168	supercritical
50.000	19.467	777.61	0.0012860	12.150	13.252	56.211	40.507	106.15	451.21	0.79487	68.336	0.085229	supercritical
50.000	19.500	778.04	0.0012853	12.146	13.249	56.196	40.503	106.04	451.77	0.79189	68.407	0.085290	supercritical
50.000	19.533	778.46	0.0012846	12.142	13.247	56.182	40.498	105.92	452.32	0.78892	68.477	0.085351	supercritical
50.000	19.567	778.89	0.0012839	12.138	13.244	56.167	40.494	105.80	452.87	0.78597	68.548	0.085411	supercritical
50.000	19.600	779.31	0.0012832	12.134	13.241	56.153	40.490	105.69	453.41	0.78304	68.618	0.085472	supercritical
50.000	19.633	779.74	0.0012825	12.130	13.238	56.138	40.486	105.58	453.96	0.78012	68.688	0.085532	supercritical
50.000	19.667	780.16	0.0012818	12.126	13.236	56.124	40.481	105.46	454.51	0.77722	68.758	0.085592	supercritical
50.000	19.700	780.58	0.0012811	12.122	13.233	56.110	40.477	105.35	455.05	0.77433	68.828	0.085652	supercritical
50.000	19.733	781.00	0.0012804	12.118	13.230	56.096	40.473	105.24	455.59	0.77146	68.898	0.085712	supercritical
50.000	19.767	781.41	0.0012797	12.114	13.227	56.082	40.469	105.13	456.14	0.76860	68.967	0.085772	supercritical
50.000	19.800	781.83	0.0012791	12.110	13.225	56.067	40.465	105.02	456.68	0.76576	69.037	0.085832	supercritical
50.000	19.833	782.24	0.0012784	12.106	13.222	56.053	40.461	104.91	457.22	0.76294	69.106	0.085892	supercritical
50.000	19.867	782.65	0.0012777	12.102	13.219	56.039	40.457	104.80	457.76	0.76013	69.175	0.085951	supercritical
50.000	19.900	783.07	0.0012770	12.098	13.217	56.025	40.453	104.69	458.29	0.75734	69.244	0.086010	supercritical
50.000	19.933	783.48	0.0012764	12.094	13.214	56.011	40.449	104.58	458.83	0.75456	69.313	0.086070	supercritical
50.000	19.967	783.88	0.0012757	12.090	13.211	55.997	40.445	104.47	459.37	0.75179	69.381	0.086129	supercritical
50.000	20.000	784.29	0.0012750	12.087	13.209	55.984	40.441	104.37	459.90	0.74904	69.450	0.086188	supercritical
50.000	20.033	784.70	0.0012744	12.083	13.206	55.970	40.437	104.26	460.43	0.74631	69.518	0.086247	supercritical
50.000	20.067	785.10	0.0012737	12.079	13.204	55.956	40.434	104.16	460.96	0.74359	69.587	0.086306	supercritical
50.000	20.100	785.51	0.0012731	12.075	13.201	55.942	40.430	104.05	461.50	0.74088	69.655	0.086364	supercritical
50.000	20.133	785.91	0.0012724	12.071	13.199	55.928	40.426	103.95	462.02	0.73819	69.723	0.086423	supercritical
50.000	20.167	786.31	0.0012718	12.067	13.196	55.915	40.422	103.84	462.55	0.73551	69.791	0.086481	supercritical
50.000	20.200	786.71	0.0012711	12.063	13.193	55.901	40.419	103.74	463.08	0.73284	69.858	0.086540	supercritical
50.000	20.233	787.11	0.0012705	12.060	13.191	55.888	40.415	103.64	463.61	0.73019	69.926	0.086598	supercritical
50.000	20.267	787.50	0.0012698	12.056	13.188	55.874	40.411	103.54	464.13	0.72756	69.993	0.086656	supercritical
50.000	20.300	787.90	0.0012692	12.052	13.186	55.861	40.408	103.44	464.66	0.72493	70.060	0.086714	supercritical
50.000	20.333	788.29	0.0012686	12.048	13.183	55.847	40.404	103.34	465.18	0.72232	70.128	0.086772	supercritical
50.000	20.367	788.69	0.0012679	12.044	13.181	55.834	40.401	103.24	465.70	0.71973	70.195	0.086830	supercritical
50.000	20.400	789.08	0.0012673	12.041	13.178	55.820	40.397	103.14	466.22	0.71714	70.262	0.086887	supercritical
50.000	20.433	789.47	0.0012667	12.037	13.176	55.807	40.394	103.04	466.74	0.71457	70.328	0.086945	supercritical
50.000	20.467	789.86	0.0012660	12.033	13.174	55.794	40.390	102.94	467.26	0.71202	70.395	0.087002	supercritical
50.000	20.500	790.25	0.0012654	12.029	13.171	55.780	40.387	102.84	467.78	0.70947	70.461	0.087060	supercritical
50.000	20.533	790.64	0.0012648	12.026	13.169	55.767	40.383	102.74	468.29	0.70694	70.528	0.087117	supercritical
50.000	20.567	791.02	0.0012642	12.022	13.166	55.754	40.380	102.65	468.81	0.70442	70.594	0.087174	supercritical
50.000	20.600	791.41	0.0012636	12.018	13.164	55.741	40.376	102.55	469.32	0.70192	70.660	0.087231	supercritical
50.000	20.633	791.79	0.0012630	12.015	13.161	55.727	40.373	102.46	469.84	0.69942	70.726	0.087288	supercritical
50.000	20.667	792.17	0.0012623	12.011	13.159	55.714	40.370	102.36	470.35	0.69694	70.792	0.087345	supercritical
50.000	20.700	792.56	0.0012617	12.007	13.157	55.701	40.366	102.27	470.86	0.69447	70.858	0.087402	supercritical
50.000	20.733	792.94	0.0012611	12.004	13.154	55.688	40.363	102.17	471.37	0.69202	70.923	0.087458	supercritical
50.000	20.767	793.32	0.0012605	12.000	13.152	55.675	40.360	102.08	471.88	0.68957	70.989	0.087515	supercritical
50.000	20.800	793.69	0.0012599	11.996	13.150	55.662	40.357	101.99	472.39	0.68714	71.054	0.087571	supercritical
50.000	20.833	794.07	0.0012593	11.993	13.147	55.649	40.353	101.90	472.89	0.68472	71.119	0.087628	supercritical
50.000	20.867	794.45	0.0012587	11.989	13.145	55.636	40.350	101.80	473.40	0.68231	71.184	0.087684	supercritical
50.000	20.900	794.82	0.0012581	11.985	13.143	55.624	40.347	101.71	473.91	0.67992	71.249	0.087740	supercritical
50.000	20.933	795.19	0.0012576	11.982	13.140	55.611	40.344	101.62	474.41	0.67753	71.314	0.087796	supercritical
50.000	20.967	795.57	0.0012570	11.978	13.138	55.598	40.341	101.53	474.91	0.67516	71.379	0.087852	supercritical
50.000	21.000	795.94	0.0012564	11.975	13.136	55.585	40.338	101.44	475.41	0.67280	71.444	0.087908	supercritical
50.000	21.033	796.31	0.0012558	11.971	13.134	55.572	40.335	101.35	475.92	0.67044	71.508	0.087964	supercritical
50.000	21.067	796.68	0.0012552	11.968	13.131	55.560	40.332	101.27	476.42	0.66811	71.573	0.088019	supercritical
50.000	21.100	797.05	0.0012546	11.964	13.129	55.547	40.329	101.18	476.91	0.66578	71.637	0.088075	supercritical
50.000	21.133	797.41	0.0012541	11.960	13.127	55.534	40.326	101.09	477.41	0.66346	71.701	0.088130	supercritical
50.000	21.167	797.78	0.0012535	11.957	13.125	55.522	40.323	101.00	477.91	0.66116	71.765	0.088186	supercritical
50.000	21.200	798.14	0.0012529	11.953	13.122	55.509	40.320	100.92	478.41	0.65886	71.829	0.088241	supercritical
50.000	21.233	798.51	0.0012523	11.950	13.120	55.497	40.317	100.83	478.90	0.65658	71.893	0.088296	supercritical
50.000	21.267	798.87	0.0012518	11.946	13.118	55.484	40.314	100.74	479.40	0.65430	71.956	0.088351	supercritical
50.000	21.300	799.23	0.0012512	11.943	13.116	55.472	40.311	100.66	479.89	0.65204	72.020	0.088406	supercritical
50.000	21.333	799.59	0.0012506	11.939	13.114	55.459	40.308	100.57	480.38	0.64979	72.084	0.088461	supercritical
50.000	21.367	799.95	0.0012501	11.936	13.111	55.447	40.305	100.49	480.87	0.64755	72.147	0.088516	supercritical
50.000	21.400	800.31	0.0012495	11.932	13.109	55.435	40.302	100.40	481.36	0.64532	72.210	0.088570	supercritical
50.000	21.433	800.67	0.0012490	11.929	13.107	55.422	40.300	100.32	481.85	0.64310	72.273	0.088625	supercritical
50.000	21.467	801.03	0.0012484	11.925	13.105	55.410	40.297	100.24	482.34	0.64089	72.336	0.088679	supercritical
50.000	21.500	801.38	0.0012478	11.922	13.103	55.398	40.294	100.15	482.83	0.63869	72.399	0.088734	supercritical
50.000	21.533	801.74	0.0012473	11.919	13.101	55.385	40.291	100.07	483.32	0.63650	72.462	0.088788	supercritical
50.000	21.567	802.09	0.0012467	11.915	13.099	55.373	40.289	99.990	483.80	0.63432	72.525	0.088842	supercritical
50.000	21.600	802.45	0.0012462	11.912	13.096	55.361	40.286	99.908	484.29	0.63215	72.587	0.088896	supercritical
50.000	21.633	802.80	0.0012456	11.908	13.094	55.349	40.283	99.827	484.77	0.62999	72.650	0.088950	supercritical
50.000	21.667	803.15	0.0012451	11.905	13.092	55.337	40.281	99.747	485.25	0.62784	72.712	0.089004	supercritical
50.000	21.700	803.50	0.0012446	11.902	13.090	55.325	40.278	99.666	485.74	0.62570	72.775	0.089058	supercritical
50.000	21.733	803.85	0.0012440	11.898	13.088	55.313	40.275	99.587	486.22	0.62357	72.837	0.089112	supercritical
50.000	21.767	804.20	0.0012435	11.895	13.086	55.301	40.273	99.507	486.70	0.62145	72.899	0.089166	supercritical
50.000	21.800	804.54	0.0012429	11.891	13.084	55.289	40.270	99.428	487.18	0.61934	72.961	0.089219	supercritical
50.000	21.833	804.89	0.0012424	11.888	13.082	55.277	40.268	99.349	487.66	0.61724	73.023	0.089273	supercritical
50.000	21.867	805.23	0.0012419	11.885	13.080	55.265	40.265	99.271	488.13	0.61515	73.084	0.089326	supercritical
50.000	21.900	805.58	0.0012413	11.881	13.078	55.253	40.263	99.193	488.61	0.61307	73.146	0.089380	supercritical
50.000	21.933	805.92	0.0012408	11.878	13.076	55.241	40.260	99.116	489.09	0.61099	73.208	0.089433	supercritical
50.000	21.967	806.27	0.0012403	11.875	13.074	55.229	40.258	99.039	489.56	0.60893	73.269	0.089486	supercritical
50.000	22.000	806.61	0.0012398	11.871	13.072	55.217	40.255	98.962	490.03	0.60687	73.330	0.089539	supercritical
50.000	22.033	806.95	0.0012392	11.868	13.070	55.205	40.253	98.886	490.51	0.60483	73.392	0.089592	supercritical
50.000	22.067	807.29	0.0012387	11.865	13.068	55.193	40.250	98.810	490.98	0.60279	73.453	0.089645	supercritical
50.000	22.100	807.63	0.0012382	11.862	13.066	55.182	40.248	98.734	491.45	0.60077	73.514	0.089698	supercritical
50.000	22.133	807.96	0.0012377	11.858	13.064	55.170	40.245	98.659	491.92	0.59875	73.575	0.089750	supercritical
50.000	22.167	808.30	0.0012372	11.855	13.062	55.158	40.243	98.585	492.39	0.59674	73.636	0.089803	supercritical
50.000	22.200	808.64	0.0012366	11.852	13.060	55.147	40.241	98.510	492.86	0.59474	73.696	0.089856	supercritical
50.000	22.233	808.97	0.0012361	11.848	13.058	55.135	40.238	98.436	493.33	0.59275	73.757	0.089908	supercritical
50.000	22.267	809.31	0.0012356	11.845	13.056	55.123	40.236	98.362	493.80	0.59076	73.818	0.089961	supercritical
50.000	22.300	809.64	0.0012351	11.842	13.054	55.112	40.234	98.289	494.26	0.58879	73.878	0.090013	supercritical
50.000	22.333	809.98	0.0012346	11.839	13.052	55.100	40.231	98.216	494.73	0.58682	73.939	0.090065	supercritical
50.000	22.367	810.31	0.0012341	11.835	13.050	55.089	40.229	98.143	495.19	0.58486	73.999	0.090117	supercritical
50.000	22.400	810.64	0.0012336	11.832	13.048	55.077	40.227	98.071	495.66	0.58292	74.059	0.090169	supercritical
50.000	22.433	810.97	0.0012331	11.829	13.046	55.066	40.225	97.999	496.12	0.58097	74.119	0.090221	supercritical
50.000	22.467	811.30	0.0012326	11.826	13.045	55.054	40.222	97.927	496.58	0.57904	74.179	0.090273	supercritical
50.000	22.500	811.63	0.0012321	11.823	13.043	55.043	40.220	97.856	497.05	0.57712	74.239	0.090325	supercritical
50.000	22.533	811.95	0.0012316	11.819	13.041	55.031	40.218	97.785	497.51	0.57520	74.299	0.090377	supercritical
50.000	22.567	812.28	0.0012311	11.816	13.039	55.020	40.216	97.715	497.97	0.57329	74.359	0.090428	supercritical
50.000	22.600	812.61	0.0012306	11.813	13.037	55.009	40.214	97.644	498.42	0.57140	74.418	0.090480	supercritical
50.000	22.633	812.93	0.0012301	11.810	13.035	54.997	40.212	97.574	498.88	0.56950	74.478	0.090532	supercritical
50.000	22.667	813.26	0.0012296	11.807	13.033	54.986	40.210	97.505	499.34	0.56762	74.537	0.090583	supercritical
50.000	22.700	813.58	0.0012291	11.804	13.031	54.975	40.207	97.436	499.80	0.56574	74.596	0.090634	supercritical
50.000	22.733	813.90	0.0012286	11.800	13.030	54.964	40.205	97.367	500.25	0.56388	74.656	0.090686	supercritical
50.000	22.767	814.23	0.0012282	11.797	13.028	54.952	40.203	97.298	500.71	0.56202	74.715	0.090737	supercritical
50.000	22.800	814.55	0.0012277	11.794	13.026	54.941	40.201	97.230	501.16	0.56016	74.774	0.090788	supercritical
50.000	22.833	814.87	0.0012272	11.791	13.024	54.930	40.199	97.162	501.62	0.55832	74.833	0.090839	supercritical
50.000	22.867	815.19	0.0012267	11.788	13.022	54.919	40.197	97.094	502.07	0.55648	74.892	0.090890	supercritical
50.000	22.900	815.51	0.0012262	11.785	13.021	54.908	40.195	97.027	502.52	0.55466	74.951	0.090941	supercritical
50.000	22.933	815.83	0.0012258	11.782	13.019	54.897	40.193	96.960	502.97	0.55283	75.009	0.090992	supercritical
50.000	22.967	816.14	0.0012253	11.779	13.017	54.885	40.191	96.893	503.42	0.55102	75.068	0.091042	supercritical
50.000	23.000	816.46	0.0012248	11.775	13.015	54.874	40.189	96.826	503.87	0.54921	75.127	0.091093	supercritical
50.000	23.033	816.78	0.0012243	11.772	13.013	54.863	40.187	96.760	504.32	0.54741	75.185	0.091144	supercritical
50.000	23.067	817.09	0.0012239	11.769	13.012	54.852	40.185	96.694	504.77	0.54562	75.244	0.091194	supercritical
50.000	23.100	817.41	0.0012234	11.766	13.010	54.841	40.183	96.629	505.22	0.54384	75.302	0.091245	supercritical
50.000	23.133	817.72	0.0012229	11.763	13.008	54.830	40.181	96.564	505.66	0.54206	75.360	0.091295	supercritical
50.000	23.167	818.03	0.0012224	11.760	13.006	54.819	40.180	96.499	506.11	0.54029	75.418	0.091345	supercritical
50.000	23.200	818.34	0.0012220	11.757	13.005	54.809	40.178	96.434	506.55	0.53853	75.476	0.091395	supercritical
50.000	23.233	818.66	0.0012215	11.754	13.003	54.798	40.176	96.370	507.00	0.53677	75.534	0.091446	supercritical
50.000	23.267	818.97	0.0012211	11.751	13.001	54.787	40.174	96.306	507.44	0.53503	75.592	0.091496	supercritical
50.000	23.300	819.28	0.0012206	11.748	13.000	54.776	40.172	96.242	507.89	0.53328	75.650	0.091546	supercritical
50.000	23.333	819.59	0.0012201	11.745	12.998	54.765	40.170	96.178	508.33	0.53155	75.708	0.091596	supercritical
50.000	23.367	819.89	0.0012197	11.742	12.996	54.754	40.169	96.115	508.77	0.52982	75.765	0.091646	supercritical
50.000	23.400	820.20	0.0012192	11.739	12.994	54.744	40.167	96.052	509.21	0.52810	75.823	0.091695	supercritical
50.000	23.433	820.51	0.0012188	11.736	12.993	54.733	40.165	95.989	509.65	0.52639	75.880	0.091745	supercritical
50.000	23.467	820.82	0.0012183	11.733	12.991	54.722	40.163	95.927	510.09	0.52468	75.938	0.091795	supercritical
50.000	23.500	821.12	0.0012178	11.730	12.989	54.711	40.161	95.865	510.53	0.52298	75.995	0.091844	supercritical
50.000	23.533	821.43	0.0012174	11.727	12.988	54.701	40.160	95.803	510.97	0.52129	76.052	0.091894	supercritical
50.000	23.567	821.73	0.0012169	11.724	12.986	54.690	40.158	95.742	511.40	0.51960	76.109	0.091943	supercritical
50.000	23.600	822.03	0.0012165	11.721	12.984	54.679	40.156	95.680	511.84	0.51792	76.167	0.091993	supercritical
50.000	23.633	822.34	0.0012160	11.718	12.983	54.669	40.155	95.619	512.27	0.51625	76.224	0.092042	supercritical
50.000	23.667	822.64	0.0012156	11.715	12.981	54.658	40.153	95.558	512.71	0.51458	76.280	0.092091	supercritical
50.000	23.700	822.94	0.0012152	11.712	12.980	54.648	40.151	95.498	513.14	0.51292	76.337	0.092140	supercritical
50.000	23.733	823.24	0.0012147	11.709	12.978	54.637	40.150	95.438	513.58	0.51127	76.394	0.092189	supercritical
50.000	23.767	823.54	0.0012143	11.706	12.976	54.626	40.148	95.378	514.01	0.50962	76.451	0.092238	supercritical
50.000	23.800	823.84	0.0012138	11.703	12.975	54.616	40.146	95.318	514.44	0.50798	76.507	0.092287	supercritical
50.000	23.833	824.14	0.0012134	11.700	12.973	54.605	40.145	95.258	514.87	0.50635	76.564	0.092336	supercritical
50.000	23.867	824.44	0.0012129	11.697	12.971	54.595	40.143	95.199	515.30	0.50472	76.620	0.092385	supercritical
50.000	23.900	824.73	0.0012125	11.694	12.970	54.584	40.142	95.140	515.73	0.50310	76.677	0.092434	supercritical
50.000	23.933	825.03	0.0012121	11.692	12.968	54.574	40.140	95.082	516.16	0.50148	76.733	0.092482	supercritical
50.000	23.967	825.33	0.0012116	11.689	12.967	54.564	40.138	95.023	516.59	0.49988	76.789	0.092531	supercritical
50.000	24.000	825.62	0.0012112	11.686	12.965	54.553	40.137	94.965	517.02	0.49827	76.845	0.092580	supercritical
50.000	24.033	825.92	0.0012108	11.683	12.964	54.543	40.135	94.907	517.45	0.49668	76.902	0.092628	supercritical
50.000	24.067	826.21	0.0012103	11.680	12.962	54.533	40.134	94.849	517.87	0.49509	76.958	0.092677	supercritical
50.000	24.100	826.50	0.0012099	11.677	12.960	54.522	40.132	94.792	518.30	0.49350	77.014	0.092725	supercritical
50.000	24.133	826.80	0.0012095	11.674	12.959	54.512	40.131	94.734	518.73	0.49192	77.069	0.092773	supercritical
50.000	24.167	827.09	0.0012091	11.671	12.957	54.502	40.129	94.677	519.15	0.49035	77.125	0.092821	supercritical
50.000	24.200	827.38	0.0012086	11.668	12.956	54.491	40.128	94.621	519.57	0.48878	77.181	0.092870	supercritical
50.000	24.233	827.67	0.0012082	11.666	12.954	54.481	40.126	94.564	520.00	0.48722	77.237	0.092918	supercritical
50.000	24.267	827.96	0.0012078	11.663	12.953	54.471	40.125	94.508	520.42	0.48567	77.292	0.092966	supercritical
50.000	24.300	828.25	0.0012074	11.660	12.951	54.461	40.123	94.452	520.84	0.48412	77.348	0.093014	supercritical
50.000	24.333	828.54	0.0012069	11.657	12.950	54.450	40.122	94.396	521.26	0.48258	77.403	0.093062	supercritical
50.000	24.367	828.83	0.0012065	11.654	12.948	54.440	40.121	94.340	521.68	0.48104	77.458	0.093109	supercritical
50.000	24.400	829.12	0.0012061	11.651	12.947	54.430	40.119	94.285	522.10	0.47951	77.514	0.093157	supercritical
50.000	24.433	829.40	0.0012057	11.649	12.945	54.420	40.118	94.230	522.52	0.47798	77.569	0.093205	supercritical
50.000	24.467	829.69	0.0012053	11.646	12.944	54.410	40.116	94.175	522.94	0.47646	77.624	0.093253	supercritical
50.000	24.500	829.98	0.0012049	11.643	12.942	54.400	40.115	94.120	523.36	0.47495	77.679	0.093300	supercritical
50.000	24.533	830.26	0.0012044	11.640	12.941	54.390	40.114	94.066	523.78	0.47344	77.734	0.093348	supercritical
50.000	24.567	830.55	0.0012040	11.637	12.939	54.380	40.112	94.011	524.19	0.47193	77.789	0.093395	supercritical
50.000	24.600	830.83	0.0012036	11.635	12.938	54.370	40.111	93.957	524.61	0.47044	77.844	0.093443	supercritical
50.000	24.633	831.11	0.0012032	11.632	12.936	54.360	40.110	93.903	525.03	0.46894	77.899	0.093490	supercritical
50.000	24.667	831.40	0.0012028	11.629	12.935	54.350	40.108	93.850	525.44	0.46746	77.953	0.093537	supercritical
50.000	24.700	831.68	0.0012024	11.626	12.933	54.340	40.107	93.796	525.86	0.46598	78.008	0.093584	supercritical
50.000	24.733	831.96	0.0012020	11.623	12.932	54.330	40.106	93.743	526.27	0.46450	78.063	0.093632	supercritical
50.000	24.767	832.24	0.0012016	11.621	12.930	54.320	40.104	93.690	526.68	0.46303	78.117	0.093679	supercritical
50.000	24.800	832.52	0.0012012	11.618	12.929	54.310	40.103	93.637	527.09	0.46156	78.172	0.093726	supercritical
50.000	24.833	832.80	0.0012008	11.615	12.927	54.300	40.102	93.585	527.51	0.46010	78.226	0.093773	supercritical
50.000	24.867	833.08	0.0012004	11.612	12.926	54.290	40.100	93.533	527.92	0.45865	78.280	0.093820	supercritical
50.000	24.900	833.36	0.0012000	11.610	12.925	54.280	40.099	93.480	528.33	0.45720	78.335	0.093867	supercritical
50.000	24.933	833.64	0.0011996	11.607	12.923	54.270	40.098	93.429	528.74	0.45576	78.389	0.093913	supercritical
50.000	24.967	833.91	0.0011992	11.604	12.922	54.261	40.097	93.377	529.15	0.45432	78.443	0.093960	supercritical
50.000	25.000	834.19	0.0011988	11.601	12.920	54.251	40.095	93.325	529.56	0.45288	78.497	0.094007	supercritical
50.000	25.033	834.47	0.0011984	11.599	12.919	54.241	40.094	93.274	529.96	0.45145	78.551	0.094053	supercritical
50.000	25.067	834.74	0.0011980	11.596	12.918	54.231	40.093	93.223	530.37	0.45003	78.605	0.094100	supercritical
50.000	25.100	835.02	0.0011976	11.593	12.916	54.221	40.092	93.172	530.78	0.44861	78.659	0.094146	supercritical
50.000	25.133	835.29	0.0011972	11.591	12.915	54.212	40.091	93.121	531.19	0.44720	78.713	0.094193	supercritical
50.000	25.167	835.57	0.0011968	11.588	12.913	54.202	40.090	93.071	531.59	0.44579	78.766	0.094239	supercritical
50.000	25.200	835.84	0.0011964	11.585	12.912	54.192	40.088	93.020	532.00	0.44439	78.820	0.094286	supercritical
50.000	25.233	836.11	0.0011960	11.582	12.911	54.183	40.087	92.970	532.40	0.44299	78.874	0.094332	supercritical
50.000	25.267	836.39	0.0011956	11.580	12.909	54.173	40.086	92.920	532.80	0.44160	78.927	0.094378	supercritical
50.000	25.300	836.66	0.0011952	11.577	12.908	54.163	40.085	92.871	533.21	0.44021	78.981	0.094424	supercritical
50.000	25.333	836.93	0.0011948	11.574	12.907	54.154	40.084	92.821	533.61	0.43882	79.034	0.094470	supercritical
50.000	25.367	837.20	0.0011945	11.572	12.905	54.144	40.083	92.772	534.01	0.43745	79.087	0.094516	supercritical
50.000	25.400	837.47	0.0011941	11.569	12.904	54.134	40.082	92.722	534.41	0.43607	79.141	0.094562	supercritical
50.000	25.433	837.74	0.0011937	11.566	12.902	54.125	40.080	92.673	534.82	0.43470	79.194	0.094608	supercritical
50.000	25.467	838.01	0.0011933	11.564	12.901	54.115	40.079	92.625	535.22	0.43334	79.247	0.094654	supercritical
50.000	25.500	838.28	0.0011929	11.561	12.900	54.106	40.078	92.576	535.62	0.43198	79.300	0.094700	supercritical
50.000	25.533	838.55	0.0011925	11.558	12.898	54.096	40.077	92.528	536.02	0.43062	79.353	0.094746	supercritical
50.000	25.567	838.81	0.0011922	11.556	12.897	54.087	40.076	92.479	536.41	0.42927	79.406	0.094792	supercritical
50.000	25.600	839.08	0.0011918	11.553	12.896	54.077	40.075	92.431	536.81	0.42793	79.459	0.094837	supercritical
50.000	25.633	839.35	0.0011914	11.550	12.895	54.068	40.074	92.383	537.21	0.42659	79.512	0.094883	supercritical
50.000	25.667	839.61	0.0011910	11.548	12.893	54.058	40.073	92.336	537.61	0.42525	79.565	0.094928	supercritical
50.000	25.700	839.88	0.0011906	11.545	12.892	54.049	40.072	92.288	538.00	0.42392	79.617	0.094974	supercritical
50.000	25.733	840.14	0.0011903	11.543	12.891	54.039	40.071	92.241	538.40	0.42259	79.670	0.095019	supercritical
50.000	25.767	840.41	0.0011899	11.540	12.889	54.030	40.070	92.194	538.79	0.42127	79.723	0.095065	supercritical
50.000	25.800	840.67	0.0011895	11.537	12.888	54.020	40.069	92.147	539.19	0.41995	79.775	0.095110	supercritical
50.000	25.833	840.94	0.0011892	11.535	12.887	54.011	40.068	92.100	539.58	0.41864	79.828	0.095155	supercritical
50.000	25.867	841.20	0.0011888	11.532	12.885	54.002	40.067	92.053	539.98	0.41733	79.880	0.095201	supercritical
50.000	25.900	841.46	0.0011884	11.530	12.884	53.992	40.066	92.007	540.37	0.41603	79.933	0.095246	supercritical
50.000	25.933	841.72	0.0011880	11.527	12.883	53.983	40.065	91.960	540.76	0.41473	79.985	0.095291	supercritical
50.000	25.967	841.99	0.0011877	11.524	12.882	53.974	40.064	91.914	541.16	0.41343	80.037	0.095336	supercritical
50.000	26.000	842.25	0.0011873	11.522	12.880	53.964	40.063	91.868	541.55	0.41214	80.089	0.095381	supercritical
50.000	26.033	842.51	0.0011869	11.519	12.879	53.955	40.062	91.822	541.94	0.41085	80.142	0.095426	supercritical
50.000	26.067	842.77	0.0011866	11.517	12.878	53.946	40.061	91.777	542.33	0.40957	80.194	0.095471	supercritical
50.000	26.100	843.03	0.0011862	11.514	12.877	53.937	40.060	91.731	542.72	0.40829	80.246	0.095516	supercritical
50.000	26.133	843.28	0.0011858	11.511	12.875	53.927	40.059	91.686	543.11	0.40702	80.298	0.095560	supercritical
50.000	26.167	843.54	0.0011855	11.509	12.874	53.918	40.058	91.641	543.50	0.40575	80.350	0.095605	supercritical
50.000	26.200	843.80	0.0011851	11.506	12.873	53.909	40.058	91.596	543.88	0.40448	80.401	0.095650	supercritical
50.000	26.233	844.06	0.0011848	11.504	12.872	53.900	40.057	91.551	544.27	0.40322	80.453	0.095695	supercritical
50.000	26.267	844.32	0.0011844	11.501	12.870	53.891	40.056	91.506	544.66	0.40196	80.505	0.095739	supercritical
50.000	26.300	844.57	0.0011840	11.499	12.869	53.881	40.055	91.462	545.05	0.40071	80.557	0.095784	supercritical
50.000	26.333	844.83	0.0011837	11.496	12.868	53.872	40.054	91.418	545.43	0.39946	80.608	0.095828	supercritical
50.000	26.367	845.08	0.0011833	11.494	12.867	53.863	40.053	91.373	545.82	0.39822	80.660	0.095873	supercritical
50.000	26.400	845.34	0.0011830	11.491	12.866	53.854	40.052	91.329	546.20	0.39698	80.711	0.095917	supercritical
50.000	26.433	845.59	0.0011826	11.489	12.864	53.845	40.051	91.286	546.59	0.39574	80.763	0.095961	supercritical
50.000	26.467	845.85	0.0011822	11.486	12.863	53.836	40.051	91.242	546.97	0.39451	80.814	0.096006	supercritical
50.000	26.500	846.10	0.0011819	11.484	12.862	53.827	40.050	91.198	547.36	0.39328	80.866	0.096050	supercritical
50.000	26.533	846.35	0.0011815	11.481	12.861	53.818	40.049	91.155	547.74	0.39205	80.917	0.096094	supercritical
50.000	26.567	846.61	0.0011812	11.478	12.860	53.809	40.048	91.112	548.12	0.39083	80.968	0.096138	supercritical
50.000	26.600	846.86	0.0011808	11.476	12.858	53.800	40.047	91.069	548.50	0.38962	81.020	0.096182	supercritical
50.000	26.633	847.11	0.0011805	11.473	12.857	53.791	40.047	91.026	548.88	0.38840	81.071	0.096226	supercritical
50.000	26.667	847.36	0.0011801	11.471	12.856	53.782	40.046	90.983	549.27	0.38720	81.122	0.096270	supercritical
50.000	26.700	847.61	0.0011798	11.468	12.855	53.773	40.045	90.940	549.65	0.38599	81.173	0.096314	supercritical
50.000	26.733	847.86	0.0011794	11.466	12.854	53.764	40.044	90.898	550.03	0.38479	81.224	0.096358	supercritical
50.000	26.767	848.11	0.0011791	11.464	12.852	53.755	40.043	90.855	550.41	0.38359	81.275	0.096402	supercritical
50.000	26.800	848.36	0.0011787	11.461	12.851	53.746	40.043	90.813	550.78	0.38240	81.326	0.096446	supercritical
50.000	26.833	848.61	0.0011784	11.459	12.850	53.737	40.042	90.771	551.16	0.38121	81.376	0.096490	supercritical
50.000	26.867	848.86	0.0011781	11.456	12.849	53.728	40.041	90.729	551.54	0.38003	81.427	0.096533	supercritical
50.000	26.900	849.11	0.0011777	11.454	12.848	53.719	40.040	90.688	551.92	0.37884	81.478	0.096577	supercritical
50.000	26.933	849.35	0.0011774	11.451	12.847	53.710	40.040	90.646	552.30	0.37767	81.529	0.096621	supercritical
50.000	26.967	849.60	0.0011770	11.449	12.846	53.701	40.039	90.604	552.67	0.37649	81.579	0.096664	supercritical
50.000	27.000	849.85	0.0011767	11.446	12.844	53.692	40.038	90.563	553.05	0.37532	81.630	0.096708	supercritical
50.000	27.033	850.10	0.0011763	11.444	12.843	53.684	40.037	90.522	553.42	0.37416	81.680	0.096751	supercritical
50.000	27.067	850.34	0.0011760	11.441	12.842	53.675	40.037	90.481	553.80	0.37299	81.731	0.096795	supercritical
50.000	27.100	850.59	0.0011757	11.439	12.841	53.666	40.036	90.440	554.17	0.37183	81.781	0.096838	supercritical
50.000	27.133	850.83	0.0011753	11.436	12.840	53.657	40.035	90.399	554.55	0.37068	81.832	0.096881	supercritical
50.000	27.167	851.08	0.0011750	11.434	12.839	53.648	40.035	90.359	554.92	0.36953	81.882	0.096925	supercritical
50.000	27.200	851.32	0.0011746	11.432	12.838	53.640	40.034	90.318	555.29	0.36838	81.932	0.096968	supercritical
50.000	27.233	851.56	0.0011743	11.429	12.837	53.631	40.033	90.278	555.67	0.36723	81.982	0.097011	supercritical
50.000	27.267	851.81	0.0011740	11.427	12.836	53.622	40.033	90.238	556.04	0.36609	82.032	0.097054	supercritical
50.000	27.300	852.05	0.0011736	11.424	12.834	53.613	40.032	90.198	556.41	0.36495	82.083	0.097097	supercritical
50.000	27.333	852.29	0.0011733	11.422	12.833	53.605	40.031	90.158	556.78	0.36382	82.133	0.097140	supercritical
50.000	27.367	852.53	0.0011730	11.419	12.832	53.596	40.031	90.118	557.15	0.36269	82.183	0.097183	supercritical
50.000	27.400	852.78	0.0011726	11.417	12.831	53.587	40.030	90.078	557.52	0.36156	82.233	0.097226	supercritical
50.000	27.433	853.02	0.0011723	11.415	12.830	53.579	40.029	90.039	557.89	0.36044	82.283	0.097269	supercritical
50.000	27.467	853.26	0.0011720	11.412	12.829	53.570	40.029	89.999	558.26	0.35932	82.332	0.097312	supercritical
50.000	27.500	853.50	0.0011716	11.410	12.828	53.561	40.028	89.960	558.63	0.35820	82.382	0.097355	supercritical
50.000	27.533	853.74	0.0011713	11.407	12.827	53.553	40.027	89.921	559.00	0.35709	82.432	0.097398	supercritical
50.000	27.567	853.98	0.0011710	11.405	12.826	53.544	40.027	89.882	559.37	0.35598	82.482	0.097440	supercritical
50.000	27.600	854.22	0.0011707	11.403	12.825	53.535	40.026	89.843	559.73	0.35488	82.531	0.097483	supercritical
50.000	27.633	854.45	0.0011703	11.400	12.824	53.527	40.026	89.804	560.10	0.35377	82.581	0.097526	supercritical
50.000	27.667	854.69	0.0011700	11.398	12.823	53.518	40.025	89.766	560.47	0.35267	82.631	0.097568	supercritical
50.000	27.700	854.93	0.0011697	11.396	12.822	53.510	40.024	89.727	560.83	0.35158	82.680	0.097611	supercritical
50.000	27.733	855.17	0.0011694	11.393	12.820	53.501	40.024	89.689	561.20	0.35049	82.730	0.097653	supercritical
50.000	27.767	855.40	0.0011690	11.391	12.819	53.493	40.023	89.650	561.56	0.34940	82.779	0.097696	supercritical
50.000	27.800	855.64	0.0011687	11.388	12.818	53.484	40.023	89.612	561.93	0.34831	82.828	0.097738	supercritical
50.000	27.833	855.88	0.0011684	11.386	12.817	53.475	40.022	89.574	562.29	0.34723	82.878	0.097780	supercritical
50.000	27.867	856.11	0.0011681	11.384	12.816	53.467	40.021	89.536	562.66	0.34615	82.927	0.097823	supercritical
50.000	27.900	856.35	0.0011677	11.381	12.815	53.458	40.021	89.499	563.02	0.34507	82.976	0.097865	supercritical
50.000	27.933	856.58	0.0011674	11.379	12.814	53.450	40.020	89.461	563.38	0.34400	83.025	0.097907	supercritical
50.000	27.967	856.82	0.0011671	11.377	12.813	53.442	40.020	89.424	563.75	0.34293	83.075	0.097949	supercritical
50.000	28.000	857.05	0.0011668	11.374	12.812	53.433	40.019	89.386	564.11	0.34186	83.124	0.097992	supercritical
50.000	28.033	857.29	0.0011665	11.372	12.811	53.425	40.019	89.349	564.47	0.34080	83.173	0.098034	supercritical
50.000	28.067	857.52	0.0011662	11.370	12.810	53.416	40.018	89.312	564.83	0.33974	83.222	0.098076	supercritical
50.000	28.100	857.75	0.0011658	11.367	12.809	53.408	40.018	89.275	565.19	0.33868	83.271	0.098118	supercritical
50.000	28.133	857.98	0.0011655	11.365	12.808	53.399	40.017	89.238	565.55	0.33763	83.320	0.098160	supercritical
50.000	28.167	858.22	0.0011652	11.363	12.807	53.391	40.017	89.201	565.91	0.33658	83.368	0.098202	supercritical
50.000	28.200	858.45	0.0011649	11.360	12.806	53.383	40.016	89.164	566.27	0.33553	83.417	0.098244	supercritical
50.000	28.233	858.68	0.0011646	11.358	12.805	53.374	40.016	89.128	566.63	0.33449	83.466	0.098286	supercritical
50.000	28.267	858.91	0.0011643	11.356	12.804	53.366	40.015	89.091	566.99	0.33345	83.515	0.098327	supercritical
50.000	28.300	859.14	0.0011640	11.354	12.803	53.358	40.015	89.055	567.35	0.33241	83.564	0.098369	supercritical
50.000	28.333	859.37	0.0011636	11.351	12.802	53.349	40.014	89.019	567.70	0.33137	83.612	0.098411	supercritical
50.000	28.367	859.60	0.0011633	11.349	12.801	53.341	40.014	88.983	568.06	0.33034	83.661	0.098453	supercritical
50.000	28.400	859.83	0.0011630	11.347	12.800	53.333	40.013	88.947	568.42	0.32931	83.709	0.098494	supercritical
50.000	28.433	860.06	0.0011627	11.344	12.799	53.324	40.013	88.911	568.77	0.32829	83.758	0.098536	supercritical
50.000	28.467	860.29	0.0011624	11.342	12.798	53.316	40.012	88.875	569.13	0.32726	83.806	0.098577	supercritical
50.000	28.500	860.52	0.0011621	11.340	12.797	53.308	40.012	88.840	569.49	0.32624	83.855	0.098619	supercritical
50.000	28.533	860.75	0.0011618	11.337	12.796	53.299	40.011	88.804	569.84	0.32523	83.903	0.098660	supercritical
50.000	28.567	860.97	0.0011615	11.335	12.795	53.291	40.011	88.769	570.20	0.32421	83.951	0.098702	supercritical
50.000	28.600	861.20	0.0011612	11.333	12.794	53.283	40.010	88.733	570.55	0.32320	84.000	0.098743	supercritical
50.000	28.633	861.43	0.0011609	11.331	12.793	53.275	40.010	88.698	570.90	0.32220	84.048	0.098785	supercritical
50.000	28.667	861.65	0.0011606	11.328	12.793	53.267	40.009	88.663	571.26	0.32119	84.096	0.098826	supercritical
50.000	28.700	861.88	0.0011603	11.326	12.792	53.258	40.009	88.628	571.61	0.32019	84.144	0.098867	supercritical
50.000	28.733	862.11	0.0011599	11.324	12.791	53.250	40.009	88.593	571.96	0.31919	84.192	0.098908	supercritical
50.000	28.767	862.33	0.0011596	11.322	12.790	53.242	40.008	88.559	572.31	0.31819	84.241	0.098950	supercritical
50.000	28.800	862.56	0.0011593	11.319	12.789	53.234	40.008	88.524	572.67	0.31720	84.289	0.098991	supercritical
50.000	28.833	862.78	0.0011590	11.317	12.788	53.226	40.007	88.489	573.02	0.31621	84.337	0.099032	supercritical
50.000	28.867	863.01	0.0011587	11.315	12.787	53.218	40.007	88.455	573.37	0.31522	84.385	0.099073	supercritical
50.000	28.900	863.23	0.0011584	11.313	12.786	53.209	40.007	88.421	573.72	0.31424	84.432	0.099114	supercritical
50.000	28.933	863.45	0.0011581	11.310	12.785	53.201	40.006	88.386	574.07	0.31325	84.480	0.099155	supercritical
50.000	28.967	863.68	0.0011578	11.308	12.784	53.193	40.006	88.352	574.42	0.31228	84.528	0.099196	supercritical
50.000	29.000	863.90	0.0011575	11.306	12.783	53.185	40.005	88.318	574.77	0.31130	84.576	0.099237	supercritical
50.000	29.033	864.12	0.0011572	11.304	12.782	53.177	40.005	88.284	575.12	0.31033	84.624	0.099278	supercritical
50.000	29.067	864.34	0.0011569	11.301	12.781	53.169	40.005	88.251	575.47	0.30935	84.671	0.099319	supercritical
50.000	29.100	864.57	0.0011566	11.299	12.780	53.161	40.004	88.217	575.81	0.30839	84.719	0.099359	supercritical
50.000	29.133	864.79	0.0011564	11.297	12.780	53.153	40.004	88.183	576.16	0.30742	84.767	0.099400	supercritical
50.000	29.167	865.01	0.0011561	11.295	12.779	53.145	40.004	88.150	576.51	0.30646	84.814	0.099441	supercritical
50.000	29.200	865.23	0.0011558	11.293	12.778	53.137	40.003	88.116	576.86	0.30550	84.862	0.099482	supercritical
50.000	29.233	865.45	0.0011555	11.290	12.777	53.129	40.003	88.083	577.20	0.30454	84.909	0.099522	supercritical
50.000	29.267	865.67	0.0011552	11.288	12.776	53.121	40.002	88.050	577.55	0.30359	84.957	0.099563	supercritical
50.000	29.300	865.89	0.0011549	11.286	12.775	53.113	40.002	88.017	577.89	0.30264	85.004	0.099603	supercritical
50.000	29.333	866.11	0.0011546	11.284	12.774	53.105	40.002	87.984	578.24	0.30169	85.051	0.099644	supercritical
50.000	29.367	866.33	0.0011543	11.281	12.773	53.097	40.001	87.951	578.58	0.30074	85.099	0.099684	supercritical
50.000	29.400	866.55	0.0011540	11.279	12.772	53.089	40.001	87.918	578.93	0.29980	85.146	0.099725	supercritical
50.000	29.433	866.77	0.0011537	11.277	12.772	53.081	40.001	87.885	579.27	0.29885	85.193	0.099765	supercritical
50.000	29.467	866.98	0.0011534	11.275	12.771	53.073	40.000	87.853	579.62	0.29792	85.241	0.099806	supercritical
50.000	29.500	867.20	0.0011531	11.273	12.770	53.065	40.000	87.820	579.96	0.29698	85.288	0.099846	supercritical
50.000	29.533	867.42	0.0011528	11.271	12.769	53.057	40.000	87.788	580.30	0.29605	85.335	0.099886	supercritical
50.000	29.567	867.64	0.0011526	11.268	12.768	53.049	39.999	87.756	580.65	0.29512	85.382	0.099927	supercritical
50.000	29.600	867.85	0.0011523	11.266	12.767	53.041	39.999	87.723	580.99	0.29419	85.429	0.099967	supercritical
50.000	29.633	868.07	0.0011520	11.264	12.766	53.033	39.999	87.691	581.33	0.29326	85.476	0.10001	supercritical
50.000	29.667	868.29	0.0011517	11.262	12.766	53.025	39.999	87.659	581.67	0.29234	85.523	0.10005	supercritical
50.000	29.700	868.50	0.0011514	11.260	12.765	53.018	39.998	87.627	582.01	0.29142	85.570	0.10009	supercritical
50.000	29.733	868.72	0.0011511	11.257	12.764	53.010	39.998	87.596	582.35	0.29050	85.617	0.10013	supercritical
50.000	29.767	868.93	0.0011508	11.255	12.763	53.002	39.998	87.564	582.69	0.28959	85.664	0.10017	supercritical
50.000	29.800	869.15	0.0011506	11.253	12.762	52.994	39.997	87.532	583.03	0.28867	85.710	0.10021	supercritical
50.000	29.833	869.36	0.0011503	11.251	12.761	52.986	39.997	87.501	583.37	0.28776	85.757	0.10025	supercritical
50.000	29.867	869.58	0.0011500	11.249	12.760	52.978	39.997	87.469	583.71	0.28686	85.804	0.10029	supercritical
50.000	29.900	869.79	0.0011497	11.247	12.760	52.971	39.997	87.438	584.05	0.28595	85.851	0.10033	supercritical
50.000	29.933	870.00	0.0011494	11.245	12.759	52.963	39.996	87.406	584.39	0.28505	85.897	0.10037	supercritical
50.000	29.967	870.22	0.0011491	11.242	12.758	52.955	39.996	87.375	584.73	0.28415	85.944	0.10041	supercritical
50.000	30.000	870.43	0.0011489	11.240	12.757	52.947	39.996	87.344	585.07	0.28325	85.991	0.10045	supercritical
