Temperature (C)	Pressure (MPa)	Density (kg/m3)	Volume (m3/kg)	Internal Energy (kJ/mol)	Enthalpy (kJ/mol)	Entropy (J/mol*K)	Cv (J/mol*K)	Cp (J/mol*K)	Sound Spd. (m/s)	Joule-Thomson (K/MPa)	Viscosity (uPa*s)	Therm. Cond. (W/m*K)	Phase
60.000	10.000	289.95	0.0034489	17.187	18.705	75.015	41.347	133.47	229.93	6.2836	23.517	0.040459	supercritical
60.000	10.033	291.99	0.0034247	17.165	18.677	74.916	41.403	134.62	229.89	6.2573	23.606	0.040683	supercritical
60.000	10.067	294.05	0.0034008	17.142	18.649	74.816	41.459	135.77	229.85	6.2308	23.696	0.040908	supercritical
60.000	10.100	296.13	0.0033769	17.119	18.621	74.717	41.515	136.94	229.82	6.2040	23.788	0.041134	supercritical
60.000	10.133	298.22	0.0033533	17.097	18.592	74.617	41.571	138.11	229.80	6.1769	23.880	0.041363	supercritical
60.000	10.167	300.32	0.0033298	17.074	18.564	74.516	41.627	139.30	229.77	6.1496	23.974	0.041593	supercritical
60.000	10.200	302.44	0.0033064	17.051	18.535	74.416	41.682	140.49	229.76	6.1220	24.070	0.041824	supercritical
60.000	10.233	304.58	0.0032832	17.028	18.506	74.315	41.737	141.69	229.75	6.0941	24.167	0.042057	supercritical
60.000	10.267	306.73	0.0032602	17.004	18.477	74.214	41.792	142.89	229.74	6.0659	24.265	0.042292	supercritical
60.000	10.300	308.90	0.0032373	16.981	18.449	74.113	41.847	144.10	229.74	6.0375	24.365	0.042527	supercritical
60.000	10.333	311.08	0.0032146	16.958	18.419	74.011	41.901	145.32	229.75	6.0088	24.466	0.042765	supercritical
60.000	10.367	313.28	0.0031921	16.934	18.390	73.910	41.955	146.55	229.76	5.9798	24.569	0.043003	supercritical
60.000	10.400	315.49	0.0031697	16.910	18.361	73.808	42.008	147.78	229.78	5.9506	24.673	0.043243	supercritical
60.000	10.433	317.72	0.0031474	16.886	18.332	73.706	42.061	149.01	229.80	5.9211	24.779	0.043484	supercritical
60.000	10.467	319.96	0.0031254	16.863	18.302	73.604	42.114	150.25	229.83	5.8914	24.886	0.043726	supercritical
60.000	10.500	322.22	0.0031035	16.839	18.273	73.501	42.166	151.49	229.87	5.8614	24.995	0.043969	supercritical
60.000	10.533	324.49	0.0030817	16.814	18.243	73.399	42.218	152.73	229.91	5.8312	25.105	0.044213	supercritical
60.000	10.567	326.78	0.0030601	16.790	18.213	73.296	42.269	153.97	229.96	5.8007	25.217	0.044458	supercritical
60.000	10.600	329.09	0.0030387	16.766	18.183	73.193	42.320	155.22	230.02	5.7699	25.330	0.044703	supercritical
60.000	10.633	331.40	0.0030175	16.742	18.154	73.090	42.370	156.46	230.09	5.7390	25.445	0.044950	supercritical
60.000	10.667	333.74	0.0029964	16.717	18.124	72.987	42.419	157.70	230.16	5.7078	25.561	0.045197	supercritical
60.000	10.700	336.08	0.0029755	16.692	18.094	72.883	42.468	158.94	230.24	5.6764	25.680	0.045445	supercritical
60.000	10.733	338.44	0.0029547	16.668	18.063	72.780	42.516	160.18	230.33	5.6447	25.799	0.045693	supercritical
60.000	10.767	340.82	0.0029341	16.643	18.033	72.677	42.564	161.41	230.42	5.6129	25.921	0.045942	supercritical
60.000	10.800	343.20	0.0029137	16.618	18.003	72.573	42.611	162.63	230.53	5.5808	26.043	0.046191	supercritical
60.000	10.833	345.61	0.0028935	16.593	17.973	72.469	42.657	163.85	230.64	5.5485	26.168	0.046440	supercritical
60.000	10.867	348.02	0.0028734	16.568	17.942	72.365	42.702	165.06	230.76	5.5160	26.294	0.046689	supercritical
60.000	10.900	350.44	0.0028535	16.543	17.912	72.262	42.747	166.27	230.89	5.4834	26.422	0.046939	supercritical
60.000	10.933	352.88	0.0028338	16.518	17.882	72.158	42.790	167.46	231.02	5.4505	26.551	0.047188	supercritical
60.000	10.967	355.33	0.0028143	16.493	17.851	72.054	42.833	168.64	231.17	5.4175	26.682	0.047437	supercritical
60.000	11.000	357.79	0.0027949	16.468	17.821	71.950	42.875	169.81	231.33	5.3843	26.815	0.047686	supercritical
60.000	11.033	360.27	0.0027757	16.442	17.790	71.847	42.916	170.97	231.49	5.3509	26.949	0.047935	supercritical
60.000	11.067	362.75	0.0027567	16.417	17.760	71.743	42.956	172.11	231.67	5.3174	27.085	0.048184	supercritical
60.000	11.100	365.24	0.0027379	16.392	17.729	71.639	42.995	173.24	231.85	5.2838	27.223	0.048431	supercritical
60.000	11.133	367.75	0.0027193	16.366	17.699	71.536	43.034	174.35	232.04	5.2500	27.362	0.048679	supercritical
60.000	11.167	370.26	0.0027008	16.341	17.668	71.432	43.071	175.44	232.25	5.2160	27.502	0.048925	supercritical
60.000	11.200	372.78	0.0026825	16.316	17.638	71.329	43.107	176.51	232.46	5.1820	27.645	0.049171	supercritical
60.000	11.233	375.31	0.0026645	16.290	17.607	71.225	43.142	177.56	232.68	5.1478	27.788	0.049416	supercritical
60.000	11.267	377.85	0.0026466	16.265	17.577	71.122	43.176	178.59	232.92	5.1135	27.934	0.049660	supercritical
60.000	11.300	380.39	0.0026289	16.239	17.546	71.019	43.209	179.60	233.16	5.0792	28.080	0.049902	supercritical
60.000	11.333	382.95	0.0026113	16.214	17.516	70.917	43.241	180.58	233.42	5.0447	28.229	0.050144	supercritical
60.000	11.367	385.50	0.0025940	16.188	17.486	70.814	43.272	181.54	233.69	5.0102	28.379	0.050384	supercritical
60.000	11.400	388.07	0.0025769	16.163	17.455	70.712	43.302	182.47	233.96	4.9756	28.530	0.050623	supercritical
60.000	11.433	390.64	0.0025599	16.137	17.425	70.610	43.331	183.37	234.25	4.9409	28.683	0.050861	supercritical
60.000	11.467	393.21	0.0025432	16.112	17.395	70.508	43.358	184.25	234.55	4.9062	28.837	0.051096	supercritical
60.000	11.500	395.79	0.0025266	16.086	17.365	70.406	43.384	185.09	234.86	4.8714	28.992	0.051331	supercritical
60.000	11.533	398.36	0.0025103	16.061	17.335	70.305	43.410	185.91	235.18	4.8366	29.149	0.051563	supercritical
60.000	11.567	400.95	0.0024941	16.035	17.305	70.204	43.434	186.69	235.52	4.8018	29.307	0.051794	supercritical
60.000	11.600	403.53	0.0024781	16.010	17.275	70.104	43.456	187.44	235.86	4.7670	29.467	0.052023	supercritical
60.000	11.633	406.12	0.0024624	15.985	17.245	70.004	43.478	188.15	236.22	4.7321	29.628	0.052250	supercritical
60.000	11.667	408.70	0.0024468	15.959	17.216	69.904	43.499	188.83	236.59	4.6973	29.789	0.052475	supercritical
60.000	11.700	411.29	0.0024314	15.934	17.186	69.805	43.518	189.48	236.97	4.6625	29.953	0.052698	supercritical
60.000	11.733	413.87	0.0024162	15.909	17.157	69.706	43.536	190.09	237.36	4.6277	30.117	0.052918	supercritical
60.000	11.767	416.45	0.0024012	15.884	17.128	69.607	43.553	190.66	237.76	4.5929	30.282	0.053137	supercritical
60.000	11.800	419.03	0.0023865	15.859	17.099	69.509	43.568	191.20	238.18	4.5582	30.449	0.053353	supercritical
60.000	11.833	421.61	0.0023719	15.834	17.070	69.412	43.583	191.69	238.60	4.5235	30.616	0.053567	supercritical
60.000	11.867	424.18	0.0023575	15.810	17.041	69.315	43.596	192.15	239.04	4.4889	30.784	0.053778	supercritical
60.000	11.900	426.75	0.0023433	15.785	17.012	69.219	43.608	192.57	239.49	4.4544	30.954	0.053987	supercritical
60.000	11.933	429.32	0.0023293	15.760	16.984	69.123	43.619	192.96	239.95	4.4199	31.124	0.054194	supercritical
60.000	11.967	431.87	0.0023155	15.736	16.955	69.027	43.629	193.30	240.42	4.3856	31.295	0.054398	supercritical
60.000	12.000	434.43	0.0023019	15.711	16.927	68.933	43.637	193.60	240.91	4.3513	31.467	0.054600	supercritical
60.000	12.033	436.97	0.0022885	15.687	16.899	68.839	43.645	193.87	241.40	4.3172	31.639	0.054799	supercritical
60.000	12.067	439.51	0.0022753	15.663	16.871	68.745	43.651	194.09	241.91	4.2832	31.812	0.054996	supercritical
60.000	12.100	442.03	0.0022623	15.639	16.844	68.652	43.656	194.28	242.43	4.2493	31.986	0.055190	supercritical
60.000	12.133	444.55	0.0022494	15.615	16.816	68.560	43.660	194.43	242.96	4.2155	32.161	0.055381	supercritical
60.000	12.167	447.06	0.0022368	15.591	16.789	68.468	43.662	194.54	243.50	4.1819	32.335	0.055570	supercritical
60.000	12.200	449.56	0.0022244	15.568	16.762	68.377	43.664	194.61	244.05	4.1485	32.511	0.055757	supercritical
60.000	12.233	452.05	0.0022121	15.544	16.735	68.287	43.665	194.65	244.61	4.1152	32.687	0.055941	supercritical
60.000	12.267	454.53	0.0022001	15.521	16.709	68.198	43.664	194.65	245.19	4.0820	32.863	0.056122	supercritical
60.000	12.300	457.00	0.0021882	15.498	16.682	68.109	43.662	194.61	245.77	4.0491	33.039	0.056301	supercritical
60.000	12.333	459.45	0.0021765	15.475	16.656	68.021	43.660	194.54	246.36	4.0164	33.216	0.056478	supercritical
60.000	12.367	461.89	0.0021650	15.452	16.630	67.933	43.656	194.43	246.96	3.9838	33.393	0.056652	supercritical
60.000	12.400	464.32	0.0021537	15.429	16.604	67.847	43.651	194.30	247.58	3.9515	33.570	0.056824	supercritical
60.000	12.433	466.73	0.0021426	15.406	16.579	67.761	43.646	194.12	248.20	3.9193	33.748	0.056994	supercritical
60.000	12.467	469.13	0.0021316	15.384	16.554	67.676	43.639	193.92	248.83	3.8874	33.925	0.057161	supercritical
60.000	12.500	471.52	0.0021208	15.362	16.529	67.591	43.632	193.69	249.47	3.8558	34.103	0.057326	supercritical
60.000	12.533	473.89	0.0021102	15.340	16.504	67.507	43.623	193.44	250.12	3.8243	34.280	0.057489	supercritical
60.000	12.567	476.24	0.0020998	15.318	16.479	67.425	43.614	193.15	250.78	3.7931	34.458	0.057650	supercritical
60.000	12.600	478.58	0.0020895	15.296	16.455	67.342	43.604	192.84	251.45	3.7621	34.635	0.057809	supercritical
60.000	12.633	480.90	0.0020794	15.275	16.431	67.261	43.593	192.50	252.13	3.7314	34.812	0.057966	supercritical
60.000	12.667	483.21	0.0020695	15.253	16.407	67.180	43.581	192.14	252.81	3.7009	34.989	0.058121	supercritical
60.000	12.700	485.50	0.0020597	15.232	16.384	67.100	43.568	191.75	253.51	3.6707	35.166	0.058273	supercritical
60.000	12.733	487.78	0.0020501	15.211	16.360	67.021	43.555	191.34	254.21	3.6407	35.343	0.058425	supercritical
60.000	12.767	490.03	0.0020407	15.191	16.337	66.943	43.541	190.92	254.92	3.6110	35.519	0.058574	supercritical
60.000	12.800	492.28	0.0020314	15.170	16.314	66.865	43.527	190.47	255.63	3.5815	35.695	0.058721	supercritical
60.000	12.833	494.50	0.0020222	15.149	16.292	66.789	43.512	190.00	256.35	3.5524	35.871	0.058867	supercritical
60.000	12.867	496.70	0.0020133	15.129	16.269	66.713	43.496	189.52	257.08	3.5234	36.046	0.059011	supercritical
60.000	12.900	498.89	0.0020044	15.109	16.247	66.637	43.480	189.02	257.82	3.4948	36.221	0.059154	supercritical
60.000	12.933	501.06	0.0019957	15.089	16.225	66.563	43.464	188.50	258.56	3.4664	36.396	0.059295	supercritical
60.000	12.967	503.22	0.0019872	15.070	16.204	66.489	43.446	187.97	259.31	3.4383	36.570	0.059435	supercritical
60.000	13.000	505.35	0.0019788	15.050	16.182	66.416	43.429	187.42	260.07	3.4105	36.744	0.059573	supercritical
60.000	13.033	507.47	0.0019706	15.031	16.161	66.344	43.411	186.87	260.83	3.3829	36.917	0.059710	supercritical
60.000	13.067	509.57	0.0019624	15.011	16.140	66.272	43.393	186.30	261.59	3.3557	37.089	0.059845	supercritical
60.000	13.100	511.66	0.0019544	14.992	16.119	66.201	43.374	185.72	262.36	3.3287	37.261	0.059979	supercritical
60.000	13.133	513.72	0.0019466	14.974	16.099	66.131	43.355	185.13	263.14	3.3020	37.433	0.060112	supercritical
60.000	13.167	515.77	0.0019389	14.955	16.078	66.062	43.335	184.53	263.92	3.2755	37.604	0.060244	supercritical
60.000	13.200	517.80	0.0019313	14.937	16.058	65.993	43.316	183.93	264.70	3.2494	37.774	0.060375	supercritical
60.000	13.233	519.81	0.0019238	14.918	16.039	65.925	43.296	183.32	265.49	3.2235	37.944	0.060504	supercritical
60.000	13.267	521.80	0.0019164	14.900	16.019	65.858	43.276	182.70	266.28	3.1979	38.113	0.060633	supercritical
60.000	13.300	523.78	0.0019092	14.882	16.000	65.791	43.255	182.07	267.08	3.1726	38.281	0.060760	supercritical
60.000	13.333	525.73	0.0019021	14.864	15.981	65.725	43.235	181.44	267.87	3.1475	38.449	0.060886	supercritical
60.000	13.367	527.68	0.0018951	14.847	15.962	65.660	43.214	180.80	268.68	3.1228	38.616	0.061012	supercritical
60.000	13.400	529.60	0.0018882	14.829	15.943	65.596	43.193	180.16	269.48	3.0983	38.782	0.061136	supercritical
60.000	13.433	531.50	0.0018815	14.812	15.924	65.532	43.172	179.52	270.29	3.0740	38.948	0.061260	supercritical
60.000	13.467	533.39	0.0018748	14.795	15.906	65.469	43.151	178.87	271.10	3.0501	39.113	0.061382	supercritical
60.000	13.500	535.26	0.0018682	14.778	15.888	65.406	43.130	178.23	271.92	3.0264	39.277	0.061504	supercritical
60.000	13.533	537.12	0.0018618	14.761	15.870	65.344	43.108	177.58	272.73	3.0029	39.440	0.061625	supercritical
60.000	13.567	538.96	0.0018554	14.745	15.852	65.283	43.087	176.92	273.55	2.9798	39.603	0.061746	supercritical
60.000	13.600	540.78	0.0018492	14.728	15.835	65.223	43.065	176.27	274.37	2.9569	39.765	0.061865	supercritical
60.000	13.633	542.58	0.0018430	14.712	15.818	65.163	43.044	175.62	275.19	2.9342	39.926	0.061984	supercritical
60.000	13.667	544.37	0.0018370	14.696	15.801	65.103	43.022	174.96	276.02	2.9119	40.087	0.062102	supercritical
60.000	13.700	546.14	0.0018310	14.680	15.784	65.044	43.000	174.31	276.84	2.8897	40.246	0.062219	supercritical
60.000	13.733	547.89	0.0018252	14.664	15.767	64.986	42.979	173.66	277.67	2.8678	40.405	0.062336	supercritical
60.000	13.767	549.63	0.0018194	14.648	15.751	64.929	42.957	173.00	278.50	2.8462	40.564	0.062452	supercritical
60.000	13.800	551.36	0.0018137	14.633	15.734	64.872	42.935	172.35	279.33	2.8248	40.721	0.062567	supercritical
60.000	13.833	553.06	0.0018081	14.617	15.718	64.815	42.913	171.70	280.16	2.8037	40.878	0.062681	supercritical
60.000	13.867	554.75	0.0018026	14.602	15.702	64.759	42.892	171.05	280.99	2.7828	41.034	0.062796	supercritical
60.000	13.900	556.43	0.0017972	14.587	15.686	64.704	42.870	170.41	281.83	2.7621	41.189	0.062909	supercritical
60.000	13.933	558.09	0.0017918	14.572	15.671	64.649	42.848	169.76	282.66	2.7417	41.343	0.063022	supercritical
60.000	13.967	559.74	0.0017866	14.557	15.655	64.595	42.827	169.12	283.49	2.7215	41.496	0.063134	supercritical
60.000	14.000	561.37	0.0017814	14.543	15.640	64.542	42.805	168.48	284.33	2.7016	41.649	0.063246	supercritical
60.000	14.033	562.98	0.0017763	14.528	15.625	64.488	42.784	167.85	285.16	2.6818	41.801	0.063357	supercritical
60.000	14.067	564.58	0.0017712	14.514	15.610	64.436	42.762	167.21	286.00	2.6623	41.952	0.063468	supercritical
60.000	14.100	566.17	0.0017663	14.499	15.595	64.384	42.741	166.58	286.83	2.6430	42.103	0.063578	supercritical
60.000	14.133	567.74	0.0017614	14.485	15.581	64.332	42.720	165.95	287.67	2.6240	42.252	0.063688	supercritical
60.000	14.167	569.30	0.0017565	14.471	15.566	64.281	42.698	165.33	288.51	2.6051	42.401	0.063797	supercritical
60.000	14.200	570.84	0.0017518	14.457	15.552	64.231	42.677	164.71	289.34	2.5865	42.549	0.063905	supercritical
60.000	14.233	572.37	0.0017471	14.443	15.538	64.180	42.656	164.09	290.18	2.5681	42.697	0.064014	supercritical
60.000	14.267	573.89	0.0017425	14.430	15.524	64.131	42.635	163.48	291.01	2.5499	42.843	0.064121	supercritical
60.000	14.300	575.39	0.0017379	14.416	15.510	64.082	42.614	162.87	291.85	2.5319	42.989	0.064229	supercritical
60.000	14.333	576.88	0.0017335	14.403	15.496	64.033	42.593	162.27	292.68	2.5141	43.134	0.064335	supercritical
60.000	14.367	578.36	0.0017290	14.390	15.483	63.985	42.572	161.67	293.52	2.4965	43.278	0.064442	supercritical
60.000	14.400	579.82	0.0017247	14.377	15.470	63.937	42.552	161.07	294.35	2.4791	43.422	0.064548	supercritical
60.000	14.433	581.27	0.0017204	14.363	15.456	63.890	42.531	160.48	295.18	2.4619	43.565	0.064653	supercritical
60.000	14.467	582.71	0.0017161	14.351	15.443	63.843	42.511	159.89	296.01	2.4449	43.707	0.064758	supercritical
60.000	14.500	584.13	0.0017119	14.338	15.430	63.796	42.490	159.31	296.85	2.4281	43.848	0.064863	supercritical
60.000	14.533	585.54	0.0017078	14.325	15.417	63.750	42.470	158.73	297.68	2.4114	43.989	0.064967	supercritical
60.000	14.567	586.94	0.0017037	14.312	15.405	63.705	42.450	158.16	298.51	2.3950	44.128	0.065071	supercritical
60.000	14.600	588.33	0.0016997	14.300	15.392	63.659	42.430	157.59	299.34	2.3787	44.267	0.065175	supercritical
60.000	14.633	589.71	0.0016958	14.288	15.380	63.615	42.410	157.03	300.17	2.3627	44.406	0.065278	supercritical
60.000	14.667	591.07	0.0016918	14.275	15.367	63.570	42.390	156.47	300.99	2.3468	44.543	0.065380	supercritical
60.000	14.700	592.42	0.0016880	14.263	15.355	63.526	42.370	155.91	301.82	2.3310	44.680	0.065483	supercritical
60.000	14.733	593.76	0.0016842	14.251	15.343	63.483	42.351	155.36	302.64	2.3155	44.817	0.065585	supercritical
60.000	14.767	595.09	0.0016804	14.239	15.331	63.439	42.331	154.82	303.47	2.3001	44.952	0.065686	supercritical
60.000	14.800	596.41	0.0016767	14.227	15.319	63.397	42.312	154.28	304.29	2.2849	45.087	0.065788	supercritical
60.000	14.833	597.72	0.0016730	14.216	15.308	63.354	42.293	153.74	305.11	2.2699	45.221	0.065888	supercritical
60.000	14.867	599.01	0.0016694	14.204	15.296	63.312	42.274	153.21	305.93	2.2550	45.354	0.065989	supercritical
60.000	14.900	600.30	0.0016658	14.192	15.285	63.270	42.255	152.69	306.75	2.2403	45.487	0.066089	supercritical
60.000	14.933	601.57	0.0016623	14.181	15.273	63.229	42.236	152.16	307.57	2.2258	45.619	0.066189	supercritical
60.000	14.967	602.84	0.0016588	14.170	15.262	63.188	42.217	151.65	308.39	2.2114	45.751	0.066289	supercritical
60.000	15.000	604.09	0.0016554	14.158	15.251	63.147	42.199	151.14	309.20	2.1972	45.881	0.066388	supercritical
60.000	15.033	605.34	0.0016520	14.147	15.240	63.107	42.180	150.63	310.02	2.1831	46.011	0.066487	supercritical
60.000	15.067	606.57	0.0016486	14.136	15.229	63.067	42.162	150.13	310.83	2.1692	46.141	0.066585	supercritical
60.000	15.100	607.79	0.0016453	14.125	15.218	63.027	42.144	149.63	311.64	2.1554	46.269	0.066683	supercritical
60.000	15.133	609.01	0.0016420	14.114	15.208	62.988	42.126	149.14	312.45	2.1418	46.397	0.066781	supercritical
60.000	15.167	610.21	0.0016388	14.103	15.197	62.949	42.108	148.66	313.25	2.1283	46.525	0.066879	supercritical
60.000	15.200	611.41	0.0016356	14.092	15.186	62.910	42.090	148.17	314.06	2.1150	46.652	0.066976	supercritical
60.000	15.233	612.59	0.0016324	14.082	15.176	62.872	42.072	147.70	314.87	2.1018	46.778	0.067073	supercritical
60.000	15.267	613.77	0.0016293	14.071	15.166	62.834	42.055	147.22	315.67	2.0887	46.903	0.067169	supercritical
60.000	15.300	614.93	0.0016262	14.061	15.156	62.796	42.037	146.76	316.47	2.0758	47.028	0.067266	supercritical
60.000	15.333	616.09	0.0016231	14.050	15.145	62.758	42.020	146.29	317.27	2.0631	47.153	0.067361	supercritical
60.000	15.367	617.24	0.0016201	14.040	15.135	62.721	42.003	145.83	318.07	2.0504	47.276	0.067457	supercritical
60.000	15.400	618.38	0.0016171	14.030	15.126	62.684	41.986	145.38	318.86	2.0379	47.399	0.067552	supercritical
60.000	15.433	619.51	0.0016142	14.019	15.116	62.648	41.969	144.93	319.66	2.0255	47.522	0.067648	supercritical
60.000	15.467	620.63	0.0016113	14.009	15.106	62.611	41.952	144.49	320.45	2.0133	47.644	0.067742	supercritical
60.000	15.500	621.74	0.0016084	13.999	15.096	62.575	41.935	144.04	321.24	2.0012	47.765	0.067837	supercritical
60.000	15.533	622.85	0.0016055	13.989	15.087	62.539	41.919	143.61	322.03	1.9892	47.886	0.067931	supercritical
60.000	15.567	623.95	0.0016027	13.979	15.077	62.504	41.902	143.18	322.82	1.9773	48.006	0.068025	supercritical
60.000	15.600	625.04	0.0015999	13.969	15.068	62.469	41.886	142.75	323.60	1.9656	48.126	0.068118	supercritical
60.000	15.633	626.12	0.0015971	13.960	15.059	62.434	41.870	142.33	324.39	1.9539	48.245	0.068212	supercritical
60.000	15.667	627.19	0.0015944	13.950	15.049	62.399	41.854	141.91	325.17	1.9424	48.363	0.068305	supercritical
60.000	15.700	628.25	0.0015917	13.940	15.040	62.364	41.838	141.49	325.95	1.9310	48.481	0.068397	supercritical
60.000	15.733	629.31	0.0015890	13.931	15.031	62.330	41.822	141.08	326.73	1.9197	48.598	0.068490	supercritical
60.000	15.767	630.36	0.0015864	13.921	15.022	62.296	41.806	140.68	327.50	1.9086	48.715	0.068582	supercritical
60.000	15.800	631.40	0.0015838	13.912	15.013	62.263	41.791	140.28	328.28	1.8975	48.832	0.068674	supercritical
60.000	15.833	632.44	0.0015812	13.903	15.004	62.229	41.776	139.88	329.05	1.8866	48.947	0.068765	supercritical
60.000	15.867	633.47	0.0015786	13.893	14.996	62.196	41.760	139.48	329.82	1.8757	49.063	0.068856	supercritical
60.000	15.900	634.48	0.0015761	13.884	14.987	62.163	41.745	139.09	330.59	1.8650	49.177	0.068947	supercritical
60.000	15.933	635.50	0.0015736	13.875	14.978	62.130	41.730	138.71	331.36	1.8544	49.291	0.069038	supercritical
60.000	15.967	636.50	0.0015711	13.866	14.970	62.097	41.715	138.33	332.12	1.8439	49.405	0.069129	supercritical
60.000	16.000	637.50	0.0015686	13.857	14.961	62.065	41.700	137.95	332.89	1.8335	49.518	0.069219	supercritical
60.000	16.033	638.49	0.0015662	13.848	14.953	62.033	41.686	137.57	333.65	1.8231	49.631	0.069309	supercritical
60.000	16.067	639.48	0.0015638	13.839	14.945	62.001	41.671	137.20	334.41	1.8129	49.743	0.069398	supercritical
60.000	16.100	640.46	0.0015614	13.830	14.936	61.969	41.657	136.84	335.17	1.8028	49.855	0.069488	supercritical
60.000	16.133	641.43	0.0015590	13.821	14.928	61.938	41.642	136.47	335.92	1.7928	49.966	0.069577	supercritical
60.000	16.167	642.39	0.0015567	13.812	14.920	61.907	41.628	136.11	336.68	1.7829	50.077	0.069666	supercritical
60.000	16.200	643.35	0.0015544	13.804	14.912	61.876	41.614	135.76	337.43	1.7731	50.187	0.069754	supercritical
60.000	16.233	644.30	0.0015521	13.795	14.904	61.845	41.600	135.40	338.18	1.7633	50.296	0.069842	supercritical
60.000	16.267	645.25	0.0015498	13.787	14.896	61.814	41.586	135.05	338.93	1.7537	50.406	0.069930	supercritical
60.000	16.300	646.19	0.0015475	13.778	14.888	61.784	41.573	134.71	339.68	1.7441	50.515	0.070018	supercritical
60.000	16.333	647.12	0.0015453	13.770	14.880	61.754	41.559	134.36	340.42	1.7347	50.623	0.070106	supercritical
60.000	16.367	648.05	0.0015431	13.761	14.873	61.724	41.546	134.03	341.16	1.7253	50.731	0.070193	supercritical
60.000	16.400	648.97	0.0015409	13.753	14.865	61.694	41.532	133.69	341.90	1.7160	50.838	0.070280	supercritical
60.000	16.433	649.88	0.0015387	13.745	14.857	61.664	41.519	133.36	342.64	1.7068	50.945	0.070367	supercritical
60.000	16.467	650.79	0.0015366	13.736	14.850	61.635	41.506	133.03	343.38	1.6977	51.052	0.070453	supercritical
60.000	16.500	651.70	0.0015345	13.728	14.842	61.605	41.493	132.70	344.12	1.6886	51.158	0.070539	supercritical
60.000	16.533	652.59	0.0015324	13.720	14.835	61.576	41.480	132.38	344.85	1.6797	51.263	0.070625	supercritical
60.000	16.567	653.48	0.0015303	13.712	14.827	61.547	41.467	132.06	345.58	1.6708	51.368	0.070711	supercritical
60.000	16.600	654.37	0.0015282	13.704	14.820	61.519	41.454	131.74	346.31	1.6620	51.473	0.070796	supercritical
60.000	16.633	655.25	0.0015261	13.696	14.813	61.490	41.442	131.43	347.04	1.6533	51.578	0.070882	supercritical
60.000	16.667	656.13	0.0015241	13.688	14.806	61.462	41.429	131.11	347.77	1.6447	51.682	0.070966	supercritical
60.000	16.700	657.00	0.0015221	13.680	14.799	61.434	41.417	130.81	348.49	1.6361	51.785	0.071051	supercritical
60.000	16.733	657.86	0.0015201	13.672	14.791	61.406	41.404	130.50	349.21	1.6277	51.888	0.071136	supercritical
60.000	16.767	658.72	0.0015181	13.664	14.784	61.378	41.392	130.20	349.93	1.6192	51.991	0.071220	supercritical
60.000	16.800	659.57	0.0015161	13.656	14.777	61.350	41.380	129.90	350.65	1.6109	52.093	0.071304	supercritical
60.000	16.833	660.42	0.0015142	13.649	14.770	61.322	41.368	129.60	351.37	1.6027	52.195	0.071388	supercritical
60.000	16.867	661.26	0.0015123	13.641	14.764	61.295	41.356	129.31	352.09	1.5945	52.296	0.071471	supercritical
60.000	16.900	662.10	0.0015103	13.633	14.757	61.268	41.344	129.01	352.80	1.5863	52.397	0.071554	supercritical
60.000	16.933	662.94	0.0015084	13.626	14.750	61.241	41.333	128.73	353.51	1.5783	52.498	0.071637	supercritical
60.000	16.967	663.76	0.0015066	13.618	14.743	61.214	41.321	128.44	354.22	1.5703	52.598	0.071720	supercritical
60.000	17.000	664.59	0.0015047	13.611	14.736	61.187	41.309	128.16	354.93	1.5624	52.698	0.071803	supercritical
60.000	17.033	665.41	0.0015028	13.603	14.730	61.161	41.298	127.87	355.64	1.5546	52.798	0.071885	supercritical
60.000	17.067	666.22	0.0015010	13.596	14.723	61.134	41.287	127.60	356.34	1.5468	52.897	0.071967	supercritical
60.000	17.100	667.03	0.0014992	13.588	14.717	61.108	41.276	127.32	357.04	1.5391	52.996	0.072049	supercritical
60.000	17.133	667.83	0.0014974	13.581	14.710	61.082	41.264	127.05	357.74	1.5314	53.094	0.072130	supercritical
60.000	17.167	668.63	0.0014956	13.574	14.704	61.056	41.253	126.77	358.44	1.5239	53.192	0.072212	supercritical
60.000	17.200	669.43	0.0014938	13.566	14.697	61.030	41.242	126.51	359.14	1.5163	53.290	0.072293	supercritical
60.000	17.233	670.22	0.0014921	13.559	14.691	61.004	41.232	126.24	359.84	1.5089	53.387	0.072374	supercritical
60.000	17.267	671.00	0.0014903	13.552	14.685	60.979	41.221	125.97	360.53	1.5015	53.484	0.072454	supercritical
60.000	17.300	671.78	0.0014886	13.545	14.678	60.953	41.210	125.71	361.22	1.4941	53.581	0.072535	supercritical
60.000	17.333	672.56	0.0014869	13.538	14.672	60.928	41.199	125.45	361.91	1.4869	53.677	0.072615	supercritical
60.000	17.367	673.33	0.0014851	13.531	14.666	60.903	41.189	125.20	362.60	1.4797	53.773	0.072695	supercritical
60.000	17.400	674.10	0.0014835	13.524	14.660	60.878	41.179	124.94	363.29	1.4725	53.868	0.072775	supercritical
60.000	17.433	674.87	0.0014818	13.517	14.654	60.853	41.168	124.69	363.97	1.4654	53.964	0.072854	supercritical
60.000	17.467	675.63	0.0014801	13.510	14.647	60.828	41.158	124.44	364.66	1.4584	54.058	0.072933	supercritical
60.000	17.500	676.38	0.0014785	13.503	14.641	60.804	41.148	124.19	365.34	1.4514	54.153	0.073013	supercritical
60.000	17.533	677.13	0.0014768	13.496	14.635	60.779	41.138	123.94	366.02	1.4444	54.247	0.073091	supercritical
60.000	17.567	677.88	0.0014752	13.489	14.630	60.755	41.128	123.70	366.70	1.4376	54.341	0.073170	supercritical
60.000	17.600	678.63	0.0014736	13.482	14.624	60.731	41.118	123.45	367.38	1.4307	54.434	0.073248	supercritical
60.000	17.633	679.36	0.0014720	13.475	14.618	60.706	41.108	123.21	368.05	1.4240	54.528	0.073327	supercritical
60.000	17.667	680.10	0.0014704	13.469	14.612	60.682	41.098	122.97	368.72	1.4173	54.621	0.073405	supercritical
60.000	17.700	680.83	0.0014688	13.462	14.606	60.659	41.089	122.74	369.40	1.4106	54.713	0.073482	supercritical
60.000	17.733	681.56	0.0014672	13.455	14.600	60.635	41.079	122.50	370.07	1.4040	54.805	0.073560	supercritical
60.000	17.767	682.28	0.0014657	13.449	14.595	60.611	41.069	122.27	370.73	1.3974	54.897	0.073637	supercritical
60.000	17.800	683.00	0.0014641	13.442	14.589	60.588	41.060	122.04	371.40	1.3909	54.989	0.073715	supercritical
60.000	17.833	683.72	0.0014626	13.435	14.583	60.564	41.051	121.81	372.07	1.3845	55.080	0.073792	supercritical
60.000	17.867	684.43	0.0014611	13.429	14.578	60.541	41.041	121.58	372.73	1.3781	55.171	0.073868	supercritical
60.000	17.900	685.14	0.0014596	13.422	14.572	60.518	41.032	121.36	373.39	1.3717	55.262	0.073945	supercritical
60.000	17.933	685.85	0.0014581	13.416	14.567	60.495	41.023	121.14	374.05	1.3654	55.352	0.074021	supercritical
60.000	17.967	686.55	0.0014566	13.409	14.561	60.472	41.014	120.91	374.71	1.3591	55.442	0.074097	supercritical
60.000	18.000	687.25	0.0014551	13.403	14.556	60.449	41.005	120.69	375.37	1.3529	55.532	0.074173	supercritical
60.000	18.033	687.94	0.0014536	13.397	14.550	60.427	40.996	120.48	376.03	1.3467	55.621	0.074249	supercritical
60.000	18.067	688.63	0.0014522	13.390	14.545	60.404	40.987	120.26	376.68	1.3406	55.711	0.074324	supercritical
60.000	18.100	689.32	0.0014507	13.384	14.540	60.382	40.978	120.04	377.33	1.3345	55.800	0.074400	supercritical
60.000	18.133	690.00	0.0014493	13.378	14.534	60.359	40.970	119.83	377.98	1.3285	55.888	0.074475	supercritical
60.000	18.167	690.69	0.0014478	13.371	14.529	60.337	40.961	119.62	378.63	1.3225	55.976	0.074550	supercritical
60.000	18.200	691.36	0.0014464	13.365	14.524	60.315	40.952	119.41	379.28	1.3165	56.065	0.074625	supercritical
60.000	18.233	692.04	0.0014450	13.359	14.518	60.293	40.944	119.20	379.93	1.3106	56.152	0.074699	supercritical
60.000	18.267	692.71	0.0014436	13.353	14.513	60.271	40.936	119.00	380.57	1.3048	56.240	0.074773	supercritical
60.000	18.300	693.37	0.0014422	13.347	14.508	60.249	40.927	118.79	381.21	1.2990	56.327	0.074848	supercritical
60.000	18.333	694.04	0.0014408	13.340	14.503	60.227	40.919	118.59	381.86	1.2932	56.414	0.074921	supercritical
60.000	18.367	694.70	0.0014395	13.334	14.498	60.206	40.911	118.39	382.50	1.2875	56.501	0.074995	supercritical
60.000	18.400	695.36	0.0014381	13.328	14.493	60.184	40.902	118.19	383.13	1.2818	56.587	0.075069	supercritical
60.000	18.433	696.01	0.0014368	13.322	14.488	60.163	40.894	117.99	383.77	1.2761	56.673	0.075142	supercritical
60.000	18.467	696.66	0.0014354	13.316	14.483	60.141	40.886	117.79	384.41	1.2705	56.759	0.075215	supercritical
60.000	18.500	697.31	0.0014341	13.310	14.478	60.120	40.878	117.60	385.04	1.2649	56.844	0.075288	supercritical
60.000	18.533	697.96	0.0014328	13.304	14.473	60.099	40.870	117.40	385.67	1.2594	56.930	0.075361	supercritical
60.000	18.567	698.60	0.0014314	13.298	14.468	60.078	40.863	117.21	386.31	1.2539	57.015	0.075434	supercritical
60.000	18.600	699.24	0.0014301	13.292	14.463	60.057	40.855	117.02	386.93	1.2484	57.100	0.075506	supercritical
60.000	18.633	699.87	0.0014288	13.286	14.458	60.036	40.847	116.83	387.56	1.2430	57.184	0.075578	supercritical
60.000	18.667	700.51	0.0014275	13.281	14.453	60.015	40.839	116.64	388.19	1.2376	57.268	0.075651	supercritical
60.000	18.700	701.14	0.0014263	13.275	14.449	59.995	40.832	116.45	388.81	1.2323	57.352	0.075722	supercritical
60.000	18.733	701.77	0.0014250	13.269	14.444	59.974	40.824	116.27	389.44	1.2270	57.436	0.075794	supercritical
60.000	18.767	702.39	0.0014237	13.263	14.439	59.953	40.817	116.08	390.06	1.2217	57.520	0.075866	supercritical
60.000	18.800	703.01	0.0014225	13.257	14.434	59.933	40.809	115.90	390.68	1.2165	57.603	0.075937	supercritical
60.000	18.833	703.63	0.0014212	13.252	14.430	59.913	40.802	115.72	391.30	1.2113	57.686	0.076008	supercritical
60.000	18.867	704.25	0.0014200	13.246	14.425	59.892	40.795	115.54	391.92	1.2061	57.769	0.076079	supercritical
60.000	18.900	704.86	0.0014187	13.240	14.420	59.872	40.787	115.36	392.54	1.2010	57.851	0.076150	supercritical
60.000	18.933	705.47	0.0014175	13.235	14.416	59.852	40.780	115.18	393.15	1.1959	57.934	0.076221	supercritical
60.000	18.967	706.08	0.0014163	13.229	14.411	59.832	40.773	115.01	393.76	1.1909	58.016	0.076291	supercritical
60.000	19.000	706.68	0.0014151	13.223	14.407	59.812	40.766	114.83	394.38	1.1858	58.098	0.076362	supercritical
60.000	19.033	707.29	0.0014139	13.218	14.402	59.793	40.759	114.66	394.99	1.1808	58.179	0.076432	supercritical
60.000	19.067	707.88	0.0014127	13.212	14.398	59.773	40.752	114.48	395.60	1.1759	58.261	0.076502	supercritical
60.000	19.100	708.48	0.0014115	13.207	14.393	59.753	40.745	114.31	396.21	1.1710	58.342	0.076571	supercritical
60.000	19.133	709.08	0.0014103	13.201	14.389	59.734	40.738	114.14	396.81	1.1661	58.423	0.076641	supercritical
60.000	19.167	709.67	0.0014091	13.196	14.384	59.714	40.731	113.97	397.42	1.1612	58.503	0.076711	supercritical
60.000	19.200	710.26	0.0014079	13.190	14.380	59.695	40.725	113.81	398.02	1.1564	58.584	0.076780	supercritical
60.000	19.233	710.84	0.0014068	13.185	14.375	59.675	40.718	113.64	398.62	1.1516	58.664	0.076849	supercritical
60.000	19.267	711.43	0.0014056	13.179	14.371	59.656	40.711	113.47	399.23	1.1468	58.744	0.076918	supercritical
60.000	19.300	712.01	0.0014045	13.174	14.367	59.637	40.705	113.31	399.83	1.1421	58.824	0.076987	supercritical
60.000	19.333	712.59	0.0014033	13.168	14.362	59.618	40.698	113.15	400.42	1.1374	58.903	0.077055	supercritical
60.000	19.367	713.17	0.0014022	13.163	14.358	59.599	40.691	112.98	401.02	1.1327	58.983	0.077124	supercritical
60.000	19.400	713.74	0.0014011	13.158	14.354	59.580	40.685	112.82	401.62	1.1281	59.062	0.077192	supercritical
60.000	19.433	714.31	0.0013999	13.152	14.350	59.561	40.679	112.66	402.21	1.1234	59.141	0.077260	supercritical
60.000	19.467	714.88	0.0013988	13.147	14.346	59.542	40.672	112.50	402.81	1.1189	59.220	0.077328	supercritical
60.000	19.500	715.45	0.0013977	13.142	14.341	59.524	40.666	112.35	403.40	1.1143	59.298	0.077396	supercritical
60.000	19.533	716.01	0.0013966	13.137	14.337	59.505	40.660	112.19	403.99	1.1098	59.376	0.077464	supercritical
60.000	19.567	716.58	0.0013955	13.131	14.333	59.486	40.653	112.03	404.58	1.1053	59.454	0.077531	supercritical
60.000	19.600	717.14	0.0013944	13.126	14.329	59.468	40.647	111.88	405.17	1.1008	59.532	0.077599	supercritical
60.000	19.633	717.69	0.0013934	13.121	14.325	59.449	40.641	111.73	405.75	1.0964	59.610	0.077666	supercritical
60.000	19.667	718.25	0.0013923	13.116	14.321	59.431	40.635	111.57	406.34	1.0920	59.688	0.077733	supercritical
60.000	19.700	718.80	0.0013912	13.111	14.317	59.413	40.629	111.42	406.92	1.0876	59.765	0.077800	supercritical
60.000	19.733	719.35	0.0013901	13.105	14.313	59.395	40.623	111.27	407.51	1.0832	59.842	0.077867	supercritical
60.000	19.767	719.90	0.0013891	13.100	14.309	59.376	40.617	111.12	408.09	1.0789	59.919	0.077933	supercritical
60.000	19.800	720.45	0.0013880	13.095	14.305	59.358	40.611	110.98	408.67	1.0746	59.995	0.078000	supercritical
60.000	19.833	720.99	0.0013870	13.090	14.301	59.340	40.605	110.83	409.25	1.0703	60.072	0.078066	supercritical
60.000	19.867	721.53	0.0013859	13.085	14.297	59.322	40.600	110.68	409.83	1.0660	60.148	0.078132	supercritical
60.000	19.900	722.07	0.0013849	13.080	14.293	59.304	40.594	110.54	410.40	1.0618	60.224	0.078198	supercritical
60.000	19.933	722.61	0.0013839	13.075	14.289	59.287	40.588	110.39	410.98	1.0576	60.300	0.078264	supercritical
60.000	19.967	723.15	0.0013828	13.070	14.285	59.269	40.582	110.25	411.55	1.0534	60.376	0.078330	supercritical
60.000	20.000	723.68	0.0013818	13.065	14.281	59.251	40.577	110.11	412.13	1.0493	60.451	0.078395	supercritical
60.000	20.033	724.21	0.0013808	13.060	14.277	59.234	40.571	109.96	412.70	1.0452	60.527	0.078461	supercritical
60.000	20.067	724.74	0.0013798	13.055	14.274	59.216	40.566	109.82	413.27	1.0411	60.602	0.078526	supercritical
60.000	20.100	725.27	0.0013788	13.050	14.270	59.199	40.560	109.68	413.84	1.0370	60.677	0.078591	supercritical
60.000	20.133	725.80	0.0013778	13.045	14.266	59.181	40.555	109.55	414.41	1.0329	60.751	0.078656	supercritical
60.000	20.167	726.32	0.0013768	13.040	14.262	59.164	40.549	109.41	414.97	1.0289	60.826	0.078721	supercritical
60.000	20.200	726.84	0.0013758	13.035	14.258	59.147	40.544	109.27	415.54	1.0249	60.900	0.078785	supercritical
60.000	20.233	727.36	0.0013748	13.030	14.255	59.129	40.538	109.13	416.10	1.0209	60.974	0.078850	supercritical
60.000	20.267	727.88	0.0013739	13.026	14.251	59.112	40.533	109.00	416.67	1.0170	61.048	0.078914	supercritical
60.000	20.300	728.39	0.0013729	13.021	14.247	59.095	40.528	108.86	417.23	1.0130	61.122	0.078979	supercritical
60.000	20.333	728.91	0.0013719	13.016	14.244	59.078	40.523	108.73	417.79	1.0091	61.196	0.079043	supercritical
60.000	20.367	729.42	0.0013710	13.011	14.240	59.061	40.517	108.60	418.35	1.0053	61.269	0.079107	supercritical
60.000	20.400	729.93	0.0013700	13.006	14.236	59.044	40.512	108.47	418.91	1.0014	61.343	0.079171	supercritical
60.000	20.433	730.43	0.0013690	13.002	14.233	59.027	40.507	108.33	419.47	0.99755	61.416	0.079234	supercritical
60.000	20.467	730.94	0.0013681	12.997	14.229	59.010	40.502	108.20	420.02	0.99373	61.489	0.079298	supercritical
60.000	20.500	731.44	0.0013672	12.992	14.226	58.994	40.497	108.07	420.58	0.98993	61.562	0.079361	supercritical
60.000	20.533	731.95	0.0013662	12.987	14.222	58.977	40.492	107.95	421.13	0.98616	61.634	0.079425	supercritical
60.000	20.567	732.45	0.0013653	12.983	14.219	58.960	40.487	107.82	421.68	0.98241	61.707	0.079488	supercritical
60.000	20.600	732.94	0.0013644	12.978	14.215	58.944	40.482	107.69	422.24	0.97867	61.779	0.079551	supercritical
60.000	20.633	733.44	0.0013634	12.973	14.211	58.927	40.477	107.56	422.79	0.97496	61.851	0.079614	supercritical
60.000	20.667	733.94	0.0013625	12.969	14.208	58.911	40.472	107.44	423.34	0.97127	61.923	0.079677	supercritical
60.000	20.700	734.43	0.0013616	12.964	14.205	58.894	40.468	107.31	423.88	0.96761	61.995	0.079739	supercritical
60.000	20.733	734.92	0.0013607	12.959	14.201	58.878	40.463	107.19	424.43	0.96396	62.066	0.079802	supercritical
60.000	20.767	735.41	0.0013598	12.955	14.198	58.862	40.458	107.07	424.98	0.96033	62.138	0.079864	supercritical
60.000	20.800	735.90	0.0013589	12.950	14.194	58.845	40.453	106.94	425.52	0.95672	62.209	0.079926	supercritical
60.000	20.833	736.38	0.0013580	12.946	14.191	58.829	40.449	106.82	426.07	0.95314	62.280	0.079989	supercritical
60.000	20.867	736.87	0.0013571	12.941	14.187	58.813	40.444	106.70	426.61	0.94957	62.351	0.080051	supercritical
60.000	20.900	737.35	0.0013562	12.937	14.184	58.797	40.439	106.58	427.15	0.94602	62.422	0.080112	supercritical
60.000	20.933	737.83	0.0013553	12.932	14.181	58.781	40.435	106.46	427.69	0.94250	62.493	0.080174	supercritical
60.000	20.967	738.31	0.0013544	12.928	14.177	58.765	40.430	106.34	428.23	0.93899	62.563	0.080236	supercritical
60.000	21.000	738.78	0.0013536	12.923	14.174	58.749	40.426	106.22	428.77	0.93550	62.633	0.080297	supercritical
60.000	21.033	739.26	0.0013527	12.919	14.171	58.733	40.421	106.11	429.31	0.93203	62.704	0.080359	supercritical
60.000	21.067	739.73	0.0013518	12.914	14.167	58.717	40.417	105.99	429.84	0.92858	62.774	0.080420	supercritical
60.000	21.100	740.21	0.0013510	12.910	14.164	58.702	40.412	105.87	430.38	0.92515	62.843	0.080481	supercritical
60.000	21.133	740.68	0.0013501	12.905	14.161	58.686	40.408	105.76	430.91	0.92174	62.913	0.080542	supercritical
60.000	21.167	741.15	0.0013493	12.901	14.158	58.670	40.404	105.64	431.45	0.91835	62.983	0.080603	supercritical
60.000	21.200	741.61	0.0013484	12.896	14.154	58.654	40.399	105.53	431.98	0.91497	63.052	0.080664	supercritical
60.000	21.233	742.08	0.0013476	12.892	14.151	58.639	40.395	105.42	432.51	0.91162	63.121	0.080724	supercritical
60.000	21.267	742.54	0.0013467	12.888	14.148	58.623	40.391	105.30	433.04	0.90828	63.190	0.080785	supercritical
60.000	21.300	743.01	0.0013459	12.883	14.145	58.608	40.387	105.19	433.57	0.90496	63.259	0.080845	supercritical
60.000	21.333	743.47	0.0013450	12.879	14.142	58.592	40.382	105.08	434.10	0.90165	63.328	0.080906	supercritical
60.000	21.367	743.93	0.0013442	12.875	14.139	58.577	40.378	104.97	434.62	0.89837	63.397	0.080966	supercritical
60.000	21.400	744.39	0.0013434	12.870	14.135	58.562	40.374	104.86	435.15	0.89510	63.465	0.081026	supercritical
60.000	21.433	744.84	0.0013426	12.866	14.132	58.547	40.370	104.75	435.68	0.89185	63.534	0.081086	supercritical
60.000	21.467	745.30	0.0013417	12.862	14.129	58.531	40.366	104.64	436.20	0.88862	63.602	0.081146	supercritical
60.000	21.500	745.75	0.0013409	12.857	14.126	58.516	40.362	104.53	436.72	0.88540	63.670	0.081205	supercritical
60.000	21.533	746.20	0.0013401	12.853	14.123	58.501	40.358	104.42	437.24	0.88220	63.738	0.081265	supercritical
60.000	21.567	746.65	0.0013393	12.849	14.120	58.486	40.354	104.32	437.76	0.87902	63.806	0.081324	supercritical
60.000	21.600	747.10	0.0013385	12.845	14.117	58.471	40.350	104.21	438.28	0.87585	63.873	0.081384	supercritical
60.000	21.633	747.55	0.0013377	12.840	14.114	58.456	40.346	104.11	438.80	0.87270	63.941	0.081443	supercritical
60.000	21.667	747.99	0.0013369	12.836	14.111	58.441	40.342	104.00	439.32	0.86957	64.008	0.081502	supercritical
60.000	21.700	748.44	0.0013361	12.832	14.108	58.426	40.338	103.90	439.84	0.86645	64.076	0.081561	supercritical
60.000	21.733	748.88	0.0013353	12.828	14.105	58.411	40.334	103.79	440.35	0.86335	64.143	0.081620	supercritical
60.000	21.767	749.32	0.0013345	12.823	14.102	58.396	40.331	103.69	440.87	0.86027	64.210	0.081679	supercritical
60.000	21.800	749.76	0.0013338	12.819	14.099	58.381	40.327	103.59	441.38	0.85720	64.276	0.081738	supercritical
60.000	21.833	750.20	0.0013330	12.815	14.096	58.367	40.323	103.48	441.90	0.85415	64.343	0.081796	supercritical
60.000	21.867	750.64	0.0013322	12.811	14.093	58.352	40.319	103.38	442.41	0.85111	64.410	0.081855	supercritical
60.000	21.900	751.08	0.0013314	12.807	14.090	58.337	40.316	103.28	442.92	0.84809	64.476	0.081913	supercritical
60.000	21.933	751.51	0.0013307	12.803	14.087	58.323	40.312	103.18	443.43	0.84508	64.542	0.081971	supercritical
60.000	21.967	751.94	0.0013299	12.799	14.084	58.308	40.308	103.08	443.94	0.84209	64.609	0.082029	supercritical
60.000	22.000	752.38	0.0013291	12.795	14.081	58.294	40.305	102.98	444.45	0.83912	64.675	0.082087	supercritical
60.000	22.033	752.81	0.0013284	12.790	14.079	58.279	40.301	102.88	444.95	0.83616	64.741	0.082145	supercritical
60.000	22.067	753.24	0.0013276	12.786	14.076	58.265	40.297	102.78	445.46	0.83321	64.806	0.082203	supercritical
60.000	22.100	753.66	0.0013269	12.782	14.073	58.250	40.294	102.68	445.97	0.83028	64.872	0.082261	supercritical
60.000	22.133	754.09	0.0013261	12.778	14.070	58.236	40.290	102.59	446.47	0.82736	64.937	0.082318	supercritical
60.000	22.167	754.51	0.0013254	12.774	14.067	58.222	40.287	102.49	446.97	0.82446	65.003	0.082376	supercritical
60.000	22.200	754.94	0.0013246	12.770	14.064	58.207	40.283	102.39	447.48	0.82157	65.068	0.082433	supercritical
60.000	22.233	755.36	0.0013239	12.766	14.062	58.193	40.280	102.30	447.98	0.81870	65.133	0.082491	supercritical
60.000	22.267	755.78	0.0013231	12.762	14.059	58.179	40.277	102.20	448.48	0.81584	65.198	0.082548	supercritical
60.000	22.300	756.20	0.0013224	12.758	14.056	58.165	40.273	102.11	448.98	0.81300	65.263	0.082605	supercritical
60.000	22.333	756.62	0.0013217	12.754	14.053	58.151	40.270	102.01	449.48	0.81017	65.328	0.082662	supercritical
60.000	22.367	757.04	0.0013209	12.750	14.050	58.137	40.266	101.92	449.98	0.80735	65.393	0.082719	supercritical
60.000	22.400	757.45	0.0013202	12.746	14.048	58.123	40.263	101.83	450.47	0.80455	65.457	0.082776	supercritical
60.000	22.433	757.87	0.0013195	12.742	14.045	58.109	40.260	101.73	450.97	0.80176	65.521	0.082832	supercritical
60.000	22.467	758.28	0.0013188	12.738	14.042	58.095	40.257	101.64	451.46	0.79898	65.586	0.082889	supercritical
60.000	22.500	758.69	0.0013181	12.734	14.040	58.081	40.253	101.55	451.96	0.79622	65.650	0.082945	supercritical
60.000	22.533	759.11	0.0013173	12.731	14.037	58.067	40.250	101.46	452.45	0.79347	65.714	0.083002	supercritical
60.000	22.567	759.52	0.0013166	12.727	14.034	58.053	40.247	101.37	452.94	0.79074	65.778	0.083058	supercritical
60.000	22.600	759.92	0.0013159	12.723	14.032	58.039	40.244	101.28	453.44	0.78802	65.842	0.083114	supercritical
60.000	22.633	760.33	0.0013152	12.719	14.029	58.026	40.241	101.19	453.93	0.78531	65.905	0.083170	supercritical
60.000	22.667	760.74	0.0013145	12.715	14.026	58.012	40.237	101.10	454.42	0.78261	65.969	0.083226	supercritical
60.000	22.700	761.14	0.0013138	12.711	14.024	57.998	40.234	101.01	454.91	0.77993	66.032	0.083282	supercritical
60.000	22.733	761.55	0.0013131	12.707	14.021	57.984	40.231	100.92	455.39	0.77726	66.096	0.083338	supercritical
60.000	22.767	761.95	0.0013124	12.703	14.018	57.971	40.228	100.83	455.88	0.77460	66.159	0.083394	supercritical
60.000	22.800	762.35	0.0013117	12.700	14.016	57.957	40.225	100.75	456.37	0.77196	66.222	0.083449	supercritical
60.000	22.833	762.75	0.0013110	12.696	14.013	57.944	40.222	100.66	456.85	0.76933	66.285	0.083505	supercritical
60.000	22.867	763.15	0.0013104	12.692	14.011	57.930	40.219	100.57	457.34	0.76671	66.348	0.083560	supercritical
60.000	22.900	763.55	0.0013097	12.688	14.008	57.917	40.216	100.49	457.82	0.76410	66.411	0.083615	supercritical
60.000	22.933	763.94	0.0013090	12.684	14.006	57.903	40.213	100.40	458.31	0.76150	66.473	0.083671	supercritical
60.000	22.967	764.34	0.0013083	12.681	14.003	57.890	40.210	100.31	458.79	0.75892	66.536	0.083726	supercritical
60.000	23.000	764.73	0.0013076	12.677	14.000	57.877	40.207	100.23	459.27	0.75635	66.598	0.083781	supercritical
60.000	23.033	765.13	0.0013070	12.673	13.998	57.863	40.204	100.15	459.75	0.75379	66.660	0.083836	supercritical
60.000	23.067	765.52	0.0013063	12.669	13.995	57.850	40.202	100.06	460.23	0.75124	66.723	0.083891	supercritical
60.000	23.100	765.91	0.0013056	12.666	13.993	57.837	40.199	99.978	460.71	0.74871	66.785	0.083945	supercritical
60.000	23.133	766.30	0.0013050	12.662	13.990	57.823	40.196	99.894	461.19	0.74619	66.847	0.084000	supercritical
60.000	23.167	766.69	0.0013043	12.658	13.988	57.810	40.193	99.812	461.66	0.74367	66.909	0.084055	supercritical
60.000	23.200	767.08	0.0013036	12.654	13.985	57.797	40.190	99.729	462.14	0.74117	66.970	0.084109	supercritical
60.000	23.233	767.47	0.0013030	12.651	13.983	57.784	40.188	99.647	462.62	0.73869	67.032	0.084163	supercritical
60.000	23.267	767.85	0.0013023	12.647	13.981	57.771	40.185	99.566	463.09	0.73621	67.094	0.084218	supercritical
60.000	23.300	768.24	0.0013017	12.643	13.978	57.758	40.182	99.485	463.57	0.73374	67.155	0.084272	supercritical
60.000	23.333	768.62	0.0013010	12.640	13.976	57.745	40.179	99.404	464.04	0.73129	67.216	0.084326	supercritical
60.000	23.367	769.00	0.0013004	12.636	13.973	57.732	40.177	99.323	464.51	0.72885	67.278	0.084380	supercritical
60.000	23.400	769.38	0.0012997	12.632	13.971	57.719	40.174	99.243	464.98	0.72641	67.339	0.084434	supercritical
60.000	23.433	769.76	0.0012991	12.629	13.968	57.706	40.171	99.164	465.45	0.72399	67.400	0.084488	supercritical
60.000	23.467	770.14	0.0012985	12.625	13.966	57.693	40.169	99.085	465.92	0.72158	67.461	0.084542	supercritical
60.000	23.500	770.52	0.0012978	12.621	13.964	57.680	40.166	99.006	466.39	0.71918	67.522	0.084595	supercritical
60.000	23.533	770.90	0.0012972	12.618	13.961	57.667	40.164	98.927	466.86	0.71679	67.582	0.084649	supercritical
60.000	23.567	771.27	0.0012966	12.614	13.959	57.655	40.161	98.849	467.33	0.71442	67.643	0.084702	supercritical
60.000	23.600	771.65	0.0012959	12.611	13.957	57.642	40.158	98.772	467.79	0.71205	67.703	0.084756	supercritical
60.000	23.633	772.02	0.0012953	12.607	13.954	57.629	40.156	98.694	468.26	0.70969	67.764	0.084809	supercritical
60.000	23.667	772.40	0.0012947	12.603	13.952	57.616	40.153	98.618	468.73	0.70735	67.824	0.084862	supercritical
60.000	23.700	772.77	0.0012940	12.600	13.950	57.604	40.151	98.541	469.19	0.70501	67.884	0.084916	supercritical
60.000	23.733	773.14	0.0012934	12.596	13.947	57.591	40.148	98.465	469.65	0.70268	67.945	0.084969	supercritical
60.000	23.767	773.51	0.0012928	12.593	13.945	57.579	40.146	98.389	470.12	0.70037	68.005	0.085022	supercritical
60.000	23.800	773.88	0.0012922	12.589	13.943	57.566	40.143	98.314	470.58	0.69806	68.065	0.085075	supercritical
60.000	23.833	774.25	0.0012916	12.586	13.940	57.553	40.141	98.238	471.04	0.69577	68.124	0.085127	supercritical
60.000	23.867	774.61	0.0012910	12.582	13.938	57.541	40.139	98.164	471.50	0.69348	68.184	0.085180	supercritical
60.000	23.900	774.98	0.0012904	12.579	13.936	57.528	40.136	98.089	471.96	0.69121	68.244	0.085233	supercritical
60.000	23.933	775.35	0.0012897	12.575	13.934	57.516	40.134	98.015	472.42	0.68895	68.303	0.085285	supercritical
60.000	23.967	775.71	0.0012891	12.572	13.931	57.504	40.132	97.942	472.88	0.68669	68.363	0.085338	supercritical
60.000	24.000	776.07	0.0012885	12.568	13.929	57.491	40.129	97.868	473.34	0.68445	68.422	0.085390	supercritical
60.000	24.033	776.44	0.0012879	12.565	13.927	57.479	40.127	97.795	473.79	0.68221	68.481	0.085443	supercritical
60.000	24.067	776.80	0.0012873	12.561	13.925	57.467	40.125	97.723	474.25	0.67998	68.540	0.085495	supercritical
60.000	24.100	777.16	0.0012867	12.558	13.923	57.454	40.122	97.650	474.70	0.67777	68.600	0.085547	supercritical
60.000	24.133	777.52	0.0012861	12.554	13.920	57.442	40.120	97.578	475.16	0.67556	68.658	0.085599	supercritical
60.000	24.167	777.88	0.0012856	12.551	13.918	57.430	40.118	97.507	475.61	0.67336	68.717	0.085651	supercritical
60.000	24.200	778.23	0.0012850	12.547	13.916	57.417	40.116	97.435	476.07	0.67118	68.776	0.085703	supercritical
60.000	24.233	778.59	0.0012844	12.544	13.914	57.405	40.113	97.364	476.52	0.66900	68.835	0.085755	supercritical
60.000	24.267	778.95	0.0012838	12.541	13.912	57.393	40.111	97.294	476.97	0.66683	68.893	0.085807	supercritical
60.000	24.300	779.30	0.0012832	12.537	13.909	57.381	40.109	97.223	477.42	0.66467	68.952	0.085858	supercritical
60.000	24.333	779.65	0.0012826	12.534	13.907	57.369	40.107	97.153	477.87	0.66252	69.010	0.085910	supercritical
60.000	24.367	780.01	0.0012820	12.530	13.905	57.357	40.105	97.084	478.32	0.66038	69.069	0.085962	supercritical
60.000	24.400	780.36	0.0012815	12.527	13.903	57.345	40.102	97.014	478.77	0.65824	69.127	0.086013	supercritical
60.000	24.433	780.71	0.0012809	12.524	13.901	57.333	40.100	96.945	479.22	0.65612	69.185	0.086064	supercritical
60.000	24.467	781.06	0.0012803	12.520	13.899	57.321	40.098	96.877	479.66	0.65401	69.243	0.086116	supercritical
60.000	24.500	781.41	0.0012797	12.517	13.897	57.309	40.096	96.808	480.11	0.65190	69.301	0.086167	supercritical
60.000	24.533	781.76	0.0012792	12.513	13.895	57.297	40.094	96.740	480.56	0.64980	69.359	0.086218	supercritical
60.000	24.567	782.11	0.0012786	12.510	13.892	57.285	40.092	96.672	481.00	0.64772	69.417	0.086269	supercritical
60.000	24.600	782.46	0.0012780	12.507	13.890	57.273	40.090	96.605	481.45	0.64564	69.475	0.086320	supercritical
60.000	24.633	782.80	0.0012775	12.503	13.888	57.261	40.088	96.537	481.89	0.64357	69.532	0.086371	supercritical
60.000	24.667	783.15	0.0012769	12.500	13.886	57.249	40.086	96.471	482.33	0.64150	69.590	0.086422	supercritical
60.000	24.700	783.49	0.0012763	12.497	13.884	57.238	40.084	96.404	482.78	0.63945	69.647	0.086473	supercritical
60.000	24.733	783.83	0.0012758	12.493	13.882	57.226	40.082	96.338	483.22	0.63741	69.705	0.086523	supercritical
60.000	24.767	784.18	0.0012752	12.490	13.880	57.214	40.080	96.272	483.66	0.63537	69.762	0.086574	supercritical
60.000	24.800	784.52	0.0012747	12.487	13.878	57.202	40.078	96.206	484.10	0.63334	69.819	0.086625	supercritical
60.000	24.833	784.86	0.0012741	12.484	13.876	57.191	40.076	96.140	484.54	0.63132	69.876	0.086675	supercritical
60.000	24.867	785.20	0.0012736	12.480	13.874	57.179	40.074	96.075	484.98	0.62931	69.933	0.086726	supercritical
60.000	24.900	785.54	0.0012730	12.477	13.872	57.167	40.072	96.010	485.42	0.62730	69.990	0.086776	supercritical
60.000	24.933	785.88	0.0012725	12.474	13.870	57.156	40.070	95.946	485.85	0.62531	70.047	0.086826	supercritical
60.000	24.967	786.22	0.0012719	12.470	13.868	57.144	40.068	95.882	486.29	0.62332	70.104	0.086876	supercritical
60.000	25.000	786.55	0.0012714	12.467	13.866	57.133	40.067	95.818	486.73	0.62134	70.160	0.086926	supercritical
60.000	25.033	786.89	0.0012708	12.464	13.864	57.121	40.065	95.754	487.16	0.61937	70.217	0.086977	supercritical
60.000	25.067	787.22	0.0012703	12.461	13.862	57.110	40.063	95.690	487.60	0.61741	70.274	0.087026	supercritical
60.000	25.100	787.56	0.0012697	12.457	13.860	57.098	40.061	95.627	488.03	0.61545	70.330	0.087076	supercritical
60.000	25.133	787.89	0.0012692	12.454	13.858	57.087	40.059	95.564	488.47	0.61351	70.386	0.087126	supercritical
60.000	25.167	788.23	0.0012687	12.451	13.856	57.075	40.057	95.502	488.90	0.61157	70.443	0.087176	supercritical
60.000	25.200	788.56	0.0012681	12.448	13.854	57.064	40.056	95.439	489.33	0.60963	70.499	0.087226	supercritical
60.000	25.233	788.89	0.0012676	12.445	13.852	57.052	40.054	95.377	489.76	0.60771	70.555	0.087275	supercritical
60.000	25.267	789.22	0.0012671	12.441	13.850	57.041	40.052	95.315	490.19	0.60579	70.611	0.087325	supercritical
60.000	25.300	789.55	0.0012665	12.438	13.848	57.030	40.050	95.254	490.62	0.60388	70.667	0.087374	supercritical
60.000	25.333	789.88	0.0012660	12.435	13.847	57.018	40.049	95.193	491.05	0.60198	70.723	0.087424	supercritical
60.000	25.367	790.21	0.0012655	12.432	13.845	57.007	40.047	95.131	491.48	0.60009	70.779	0.087473	supercritical
60.000	25.400	790.53	0.0012650	12.429	13.843	56.996	40.045	95.071	491.91	0.59820	70.835	0.087522	supercritical
60.000	25.433	790.86	0.0012644	12.426	13.841	56.984	40.044	95.010	492.34	0.59632	70.890	0.087572	supercritical
60.000	25.467	791.19	0.0012639	12.422	13.839	56.973	40.042	94.950	492.77	0.59445	70.946	0.087621	supercritical
60.000	25.500	791.51	0.0012634	12.419	13.837	56.962	40.040	94.890	493.19	0.59259	71.001	0.087670	supercritical
60.000	25.533	791.84	0.0012629	12.416	13.835	56.951	40.039	94.830	493.62	0.59073	71.057	0.087719	supercritical
60.000	25.567	792.16	0.0012624	12.413	13.833	56.940	40.037	94.771	494.04	0.58888	71.112	0.087768	supercritical
60.000	25.600	792.48	0.0012619	12.410	13.831	56.929	40.035	94.711	494.47	0.58704	71.167	0.087817	supercritical
60.000	25.633	792.80	0.0012613	12.407	13.830	56.917	40.034	94.652	494.89	0.58520	71.223	0.087865	supercritical
60.000	25.667	793.13	0.0012608	12.404	13.828	56.906	40.032	94.594	495.32	0.58338	71.278	0.087914	supercritical
60.000	25.700	793.45	0.0012603	12.400	13.826	56.895	40.030	94.535	495.74	0.58155	71.333	0.087963	supercritical
60.000	25.733	793.77	0.0012598	12.397	13.824	56.884	40.029	94.477	496.16	0.57974	71.388	0.088011	supercritical
60.000	25.767	794.09	0.0012593	12.394	13.822	56.873	40.027	94.419	496.58	0.57793	71.443	0.088060	supercritical
60.000	25.800	794.40	0.0012588	12.391	13.821	56.862	40.026	94.361	497.00	0.57613	71.497	0.088108	supercritical
60.000	25.833	794.72	0.0012583	12.388	13.819	56.851	40.024	94.303	497.42	0.57434	71.552	0.088157	supercritical
60.000	25.867	795.04	0.0012578	12.385	13.817	56.840	40.023	94.246	497.84	0.57255	71.607	0.088205	supercritical
60.000	25.900	795.36	0.0012573	12.382	13.815	56.829	40.021	94.189	498.26	0.57077	71.662	0.088253	supercritical
60.000	25.933	795.67	0.0012568	12.379	13.813	56.818	40.020	94.132	498.68	0.56900	71.716	0.088302	supercritical
60.000	25.967	795.99	0.0012563	12.376	13.812	56.808	40.018	94.076	499.10	0.56724	71.771	0.088350	supercritical
60.000	26.000	796.30	0.0012558	12.373	13.810	56.797	40.017	94.019	499.52	0.56548	71.825	0.088398	supercritical
60.000	26.033	796.61	0.0012553	12.370	13.808	56.786	40.015	93.963	499.93	0.56372	71.879	0.088446	supercritical
60.000	26.067	796.93	0.0012548	12.367	13.806	56.775	40.014	93.907	500.35	0.56198	71.933	0.088494	supercritical
60.000	26.100	797.24	0.0012543	12.364	13.804	56.764	40.012	93.851	500.76	0.56024	71.988	0.088542	supercritical
60.000	26.133	797.55	0.0012538	12.361	13.803	56.754	40.011	93.796	501.18	0.55851	72.042	0.088590	supercritical
60.000	26.167	797.86	0.0012534	12.358	13.801	56.743	40.009	93.741	501.59	0.55678	72.096	0.088637	supercritical
60.000	26.200	798.17	0.0012529	12.355	13.799	56.732	40.008	93.686	502.01	0.55506	72.150	0.088685	supercritical
60.000	26.233	798.48	0.0012524	12.352	13.798	56.721	40.007	93.631	502.42	0.55335	72.204	0.088733	supercritical
60.000	26.267	798.79	0.0012519	12.349	13.796	56.711	40.005	93.576	502.83	0.55164	72.257	0.088780	supercritical
60.000	26.300	799.10	0.0012514	12.346	13.794	56.700	40.004	93.522	503.24	0.54994	72.311	0.088828	supercritical
60.000	26.333	799.40	0.0012509	12.343	13.792	56.689	40.002	93.468	503.65	0.54824	72.365	0.088875	supercritical
60.000	26.367	799.71	0.0012505	12.340	13.791	56.679	40.001	93.414	504.07	0.54656	72.419	0.088923	supercritical
60.000	26.400	800.02	0.0012500	12.337	13.789	56.668	40.000	93.360	504.48	0.54487	72.472	0.088970	supercritical
60.000	26.433	800.32	0.0012495	12.334	13.787	56.658	39.998	93.306	504.89	0.54320	72.526	0.089017	supercritical
60.000	26.467	800.63	0.0012490	12.331	13.786	56.647	39.997	93.253	505.29	0.54153	72.579	0.089064	supercritical
60.000	26.500	800.93	0.0012485	12.328	13.784	56.636	39.996	93.200	505.70	0.53987	72.632	0.089112	supercritical
60.000	26.533	801.23	0.0012481	12.325	13.782	56.626	39.994	93.147	506.11	0.53821	72.686	0.089159	supercritical
60.000	26.567	801.54	0.0012476	12.322	13.781	56.615	39.993	93.095	506.52	0.53656	72.739	0.089206	supercritical
60.000	26.600	801.84	0.0012471	12.319	13.779	56.605	39.992	93.042	506.92	0.53491	72.792	0.089253	supercritical
60.000	26.633	802.14	0.0012467	12.316	13.777	56.594	39.991	92.990	507.33	0.53327	72.845	0.089300	supercritical
60.000	26.667	802.44	0.0012462	12.313	13.776	56.584	39.989	92.938	507.74	0.53164	72.898	0.089347	supercritical
60.000	26.700	802.74	0.0012457	12.310	13.774	56.574	39.988	92.886	508.14	0.53001	72.951	0.089393	supercritical
60.000	26.733	803.04	0.0012453	12.307	13.772	56.563	39.987	92.834	508.55	0.52839	73.004	0.089440	supercritical
60.000	26.767	803.34	0.0012448	12.304	13.771	56.553	39.986	92.783	508.95	0.52678	73.057	0.089487	supercritical
60.000	26.800	803.64	0.0012443	12.301	13.769	56.542	39.984	92.731	509.35	0.52517	73.109	0.089533	supercritical
60.000	26.833	803.94	0.0012439	12.298	13.767	56.532	39.983	92.680	509.75	0.52356	73.162	0.089580	supercritical
60.000	26.867	804.23	0.0012434	12.296	13.766	56.522	39.982	92.630	510.16	0.52197	73.215	0.089626	supercritical
60.000	26.900	804.53	0.0012430	12.293	13.764	56.511	39.981	92.579	510.56	0.52037	73.267	0.089673	supercritical
60.000	26.933	804.83	0.0012425	12.290	13.763	56.501	39.979	92.528	510.96	0.51879	73.320	0.089719	supercritical
60.000	26.967	805.12	0.0012420	12.287	13.761	56.491	39.978	92.478	511.36	0.51721	73.372	0.089766	supercritical
60.000	27.000	805.42	0.0012416	12.284	13.759	56.481	39.977	92.428	511.76	0.51563	73.425	0.089812	supercritical
60.000	27.033	805.71	0.0012411	12.281	13.758	56.470	39.976	92.378	512.16	0.51406	73.477	0.089858	supercritical
60.000	27.067	806.00	0.0012407	12.278	13.756	56.460	39.975	92.328	512.56	0.51250	73.529	0.089904	supercritical
60.000	27.100	806.30	0.0012402	12.275	13.755	56.450	39.974	92.279	512.96	0.51094	73.581	0.089950	supercritical
60.000	27.133	806.59	0.0012398	12.273	13.753	56.440	39.973	92.230	513.35	0.50939	73.633	0.089996	supercritical
60.000	27.167	806.88	0.0012393	12.270	13.752	56.430	39.971	92.180	513.75	0.50784	73.685	0.090042	supercritical
60.000	27.200	807.17	0.0012389	12.267	13.750	56.420	39.970	92.131	514.15	0.50630	73.737	0.090088	supercritical
60.000	27.233	807.46	0.0012385	12.264	13.748	56.409	39.969	92.083	514.55	0.50476	73.789	0.090134	supercritical
60.000	27.267	807.75	0.0012380	12.261	13.747	56.399	39.968	92.034	514.94	0.50323	73.841	0.090180	supercritical
60.000	27.300	808.04	0.0012376	12.258	13.745	56.389	39.967	91.986	515.34	0.50170	73.893	0.090226	supercritical
60.000	27.333	808.33	0.0012371	12.256	13.744	56.379	39.966	91.937	515.73	0.50018	73.945	0.090271	supercritical
60.000	27.367	808.62	0.0012367	12.253	13.742	56.369	39.965	91.889	516.12	0.49867	73.996	0.090317	supercritical
60.000	27.400	808.90	0.0012362	12.250	13.741	56.359	39.964	91.842	516.52	0.49716	74.048	0.090363	supercritical
60.000	27.433	809.19	0.0012358	12.247	13.739	56.349	39.963	91.794	516.91	0.49565	74.100	0.090408	supercritical
60.000	27.467	809.48	0.0012354	12.244	13.738	56.339	39.962	91.746	517.30	0.49416	74.151	0.090454	supercritical
60.000	27.500	809.76	0.0012349	12.242	13.736	56.329	39.961	91.699	517.70	0.49266	74.203	0.090499	supercritical
60.000	27.533	810.05	0.0012345	12.239	13.735	56.319	39.960	91.652	518.09	0.49117	74.254	0.090545	supercritical
60.000	27.567	810.33	0.0012341	12.236	13.733	56.309	39.959	91.605	518.48	0.48969	74.305	0.090590	supercritical
60.000	27.600	810.62	0.0012336	12.233	13.732	56.299	39.958	91.558	518.87	0.48821	74.357	0.090635	supercritical
60.000	27.633	810.90	0.0012332	12.230	13.730	56.290	39.957	91.511	519.26	0.48674	74.408	0.090680	supercritical
60.000	27.667	811.18	0.0012328	12.228	13.729	56.280	39.956	91.465	519.65	0.48527	74.459	0.090726	supercritical
60.000	27.700	811.46	0.0012323	12.225	13.727	56.270	39.955	91.419	520.04	0.48380	74.510	0.090771	supercritical
60.000	27.733	811.75	0.0012319	12.222	13.726	56.260	39.954	91.372	520.43	0.48235	74.561	0.090816	supercritical
60.000	27.767	812.03	0.0012315	12.219	13.724	56.250	39.953	91.327	520.81	0.48089	74.612	0.090861	supercritical
60.000	27.800	812.31	0.0012311	12.217	13.723	56.240	39.952	91.281	521.20	0.47944	74.663	0.090906	supercritical
60.000	27.833	812.59	0.0012306	12.214	13.721	56.231	39.951	91.235	521.59	0.47800	74.714	0.090951	supercritical
60.000	27.867	812.87	0.0012302	12.211	13.720	56.221	39.950	91.190	521.97	0.47656	74.765	0.090995	supercritical
60.000	27.900	813.15	0.0012298	12.208	13.719	56.211	39.949	91.144	522.36	0.47513	74.815	0.091040	supercritical
60.000	27.933	813.42	0.0012294	12.206	13.717	56.201	39.948	91.099	522.74	0.47370	74.866	0.091085	supercritical
60.000	27.967	813.70	0.0012290	12.203	13.716	56.192	39.947	91.054	523.13	0.47228	74.917	0.091130	supercritical
60.000	28.000	813.98	0.0012285	12.200	13.714	56.182	39.946	91.009	523.51	0.47086	74.967	0.091174	supercritical
60.000	28.033	814.26	0.0012281	12.198	13.713	56.172	39.945	90.965	523.90	0.46944	75.018	0.091219	supercritical
60.000	28.067	814.53	0.0012277	12.195	13.711	56.162	39.944	90.920	524.28	0.46803	75.068	0.091263	supercritical
60.000	28.100	814.81	0.0012273	12.192	13.710	56.153	39.943	90.876	524.66	0.46663	75.119	0.091308	supercritical
60.000	28.133	815.08	0.0012269	12.189	13.709	56.143	39.943	90.832	525.05	0.46523	75.169	0.091352	supercritical
60.000	28.167	815.36	0.0012265	12.187	13.707	56.134	39.942	90.788	525.43	0.46383	75.219	0.091397	supercritical
60.000	28.200	815.63	0.0012260	12.184	13.706	56.124	39.941	90.744	525.81	0.46244	75.269	0.091441	supercritical
60.000	28.233	815.91	0.0012256	12.181	13.704	56.114	39.940	90.700	526.19	0.46105	75.320	0.091485	supercritical
60.000	28.267	816.18	0.0012252	12.179	13.703	56.105	39.939	90.656	526.57	0.45967	75.370	0.091530	supercritical
60.000	28.300	816.45	0.0012248	12.176	13.702	56.095	39.938	90.613	526.95	0.45829	75.420	0.091574	supercritical
60.000	28.333	816.72	0.0012244	12.173	13.700	56.086	39.937	90.570	527.33	0.45692	75.470	0.091618	supercritical
60.000	28.367	817.00	0.0012240	12.171	13.699	56.076	39.937	90.527	527.71	0.45555	75.520	0.091662	supercritical
60.000	28.400	817.27	0.0012236	12.168	13.697	56.067	39.936	90.484	528.09	0.45419	75.570	0.091706	supercritical
60.000	28.433	817.54	0.0012232	12.165	13.696	56.057	39.935	90.441	528.47	0.45283	75.620	0.091750	supercritical
60.000	28.467	817.81	0.0012228	12.163	13.695	56.048	39.934	90.398	528.84	0.45147	75.669	0.091794	supercritical
60.000	28.500	818.08	0.0012224	12.160	13.693	56.038	39.933	90.356	529.22	0.45012	75.719	0.091838	supercritical
60.000	28.533	818.35	0.0012220	12.157	13.692	56.029	39.933	90.313	529.60	0.44878	75.769	0.091882	supercritical
60.000	28.567	818.62	0.0012216	12.155	13.691	56.019	39.932	90.271	529.97	0.44744	75.818	0.091926	supercritical
60.000	28.600	818.88	0.0012212	12.152	13.689	56.010	39.931	90.229	530.35	0.44610	75.868	0.091969	supercritical
60.000	28.633	819.15	0.0012208	12.150	13.688	56.001	39.930	90.187	530.73	0.44477	75.918	0.092013	supercritical
60.000	28.667	819.42	0.0012204	12.147	13.687	55.991	39.929	90.145	531.10	0.44344	75.967	0.092057	supercritical
60.000	28.700	819.68	0.0012200	12.144	13.685	55.982	39.929	90.104	531.47	0.44211	76.016	0.092100	supercritical
60.000	28.733	819.95	0.0012196	12.142	13.684	55.972	39.928	90.062	531.85	0.44079	76.066	0.092144	supercritical
60.000	28.767	820.22	0.0012192	12.139	13.683	55.963	39.927	90.021	532.22	0.43948	76.115	0.092187	supercritical
60.000	28.800	820.48	0.0012188	12.137	13.681	55.954	39.926	89.980	532.59	0.43817	76.164	0.092231	supercritical
60.000	28.833	820.75	0.0012184	12.134	13.680	55.945	39.926	89.939	532.97	0.43686	76.214	0.092274	supercritical
60.000	28.867	821.01	0.0012180	12.131	13.679	55.935	39.925	89.898	533.34	0.43556	76.263	0.092318	supercritical
60.000	28.900	821.27	0.0012176	12.129	13.677	55.926	39.924	89.857	533.71	0.43426	76.312	0.092361	supercritical
60.000	28.933	821.54	0.0012172	12.126	13.676	55.917	39.924	89.816	534.08	0.43296	76.361	0.092404	supercritical
60.000	28.967	821.80	0.0012168	12.124	13.675	55.907	39.923	89.776	534.45	0.43167	76.410	0.092447	supercritical
60.000	29.000	822.06	0.0012165	12.121	13.674	55.898	39.922	89.735	534.82	0.43039	76.459	0.092490	supercritical
60.000	29.033	822.32	0.0012161	12.118	13.672	55.889	39.922	89.695	535.19	0.42910	76.508	0.092534	supercritical
60.000	29.067	822.58	0.0012157	12.116	13.671	55.880	39.921	89.655	535.56	0.42783	76.557	0.092577	supercritical
60.000	29.100	822.84	0.0012153	12.113	13.670	55.871	39.920	89.615	535.93	0.42655	76.606	0.092620	supercritical
60.000	29.133	823.11	0.0012149	12.111	13.668	55.861	39.919	89.575	536.30	0.42528	76.654	0.092663	supercritical
60.000	29.167	823.36	0.0012145	12.108	13.667	55.852	39.919	89.536	536.67	0.42402	76.703	0.092706	supercritical
60.000	29.200	823.62	0.0012141	12.106	13.666	55.843	39.918	89.496	537.03	0.42275	76.752	0.092749	supercritical
60.000	29.233	823.88	0.0012138	12.103	13.665	55.834	39.918	89.457	537.40	0.42150	76.800	0.092791	supercritical
60.000	29.267	824.14	0.0012134	12.100	13.663	55.825	39.917	89.417	537.77	0.42024	76.849	0.092834	supercritical
60.000	29.300	824.40	0.0012130	12.098	13.662	55.816	39.916	89.378	538.13	0.41899	76.898	0.092877	supercritical
60.000	29.333	824.66	0.0012126	12.095	13.661	55.807	39.916	89.339	538.50	0.41775	76.946	0.092920	supercritical
60.000	29.367	824.91	0.0012122	12.093	13.660	55.798	39.915	89.300	538.87	0.41650	76.994	0.092962	supercritical
60.000	29.400	825.17	0.0012119	12.090	13.658	55.789	39.914	89.261	539.23	0.41526	77.043	0.093005	supercritical
60.000	29.433	825.43	0.0012115	12.088	13.657	55.780	39.914	89.223	539.60	0.41403	77.091	0.093048	supercritical
60.000	29.467	825.68	0.0012111	12.085	13.656	55.771	39.913	89.184	539.96	0.41280	77.139	0.093090	supercritical
60.000	29.500	825.94	0.0012107	12.083	13.655	55.762	39.913	89.146	540.32	0.41157	77.188	0.093133	supercritical
60.000	29.533	826.19	0.0012104	12.080	13.653	55.753	39.912	89.108	540.69	0.41035	77.236	0.093175	supercritical
60.000	29.567	826.45	0.0012100	12.078	13.652	55.744	39.911	89.069	541.05	0.40913	77.284	0.093217	supercritical
60.000	29.600	826.70	0.0012096	12.075	13.651	55.735	39.911	89.031	541.41	0.40791	77.332	0.093260	supercritical
60.000	29.633	826.95	0.0012093	12.073	13.650	55.726	39.910	88.993	541.77	0.40670	77.380	0.093302	supercritical
60.000	29.667	827.21	0.0012089	12.070	13.649	55.717	39.910	88.956	542.13	0.40549	77.428	0.093344	supercritical
60.000	29.700	827.46	0.0012085	12.068	13.647	55.708	39.909	88.918	542.50	0.40429	77.476	0.093387	supercritical
60.000	29.733	827.71	0.0012081	12.065	13.646	55.699	39.908	88.881	542.86	0.40309	77.524	0.093429	supercritical
60.000	29.767	827.96	0.0012078	12.063	13.645	55.690	39.908	88.843	543.22	0.40189	77.572	0.093471	supercritical
60.000	29.800	828.22	0.0012074	12.060	13.644	55.681	39.907	88.806	543.58	0.40070	77.620	0.093513	supercritical
60.000	29.833	828.47	0.0012071	12.058	13.643	55.672	39.907	88.769	543.94	0.39951	77.667	0.093555	supercritical
60.000	29.867	828.72	0.0012067	12.055	13.641	55.663	39.906	88.732	544.29	0.39832	77.715	0.093597	supercritical
60.000	29.900	828.97	0.0012063	12.053	13.640	55.655	39.906	88.695	544.65	0.39714	77.763	0.093639	supercritical
60.000	29.933	829.22	0.0012060	12.050	13.639	55.646	39.905	88.658	545.01	0.39596	77.810	0.093681	supercritical
60.000	29.967	829.46	0.0012056	12.048	13.638	55.637	39.905	88.621	545.37	0.39478	77.858	0.093723	supercritical
60.000	30.000	829.71	0.0012052	12.046	13.637	55.628	39.904	88.585	545.73	0.39361	77.906	0.093765	supercritical
