Temperature (C)	Pressure (MPa)	Density (kg/m3)	Volume (m3/kg)	Internal Energy (kJ/mol)	Enthalpy (kJ/mol)	Entropy (J/mol*K)	Cv (J/mol*K)	Cp (J/mol*K)	Sound Spd. (m/s)	Joule-Thomson (K/MPa)	Viscosity (uPa*s)	Therm. Cond. (W/m*K)	Phase
70.000	10.000	247.77	0.0040360	18.057	19.833	78.354	39.186	97.755	241.62	6.2095	22.350	0.035571	supercritical
70.000	10.033	249.20	0.0040128	18.041	19.813	78.278	39.223	98.281	241.56	6.1935	22.403	0.035705	supercritical
70.000	10.067	250.63	0.0039899	18.025	19.793	78.202	39.260	98.812	241.51	6.1774	22.457	0.035839	supercritical
70.000	10.100	252.08	0.0039670	18.009	19.772	78.125	39.297	99.346	241.45	6.1612	22.511	0.035974	supercritical
70.000	10.133	253.53	0.0039444	17.993	19.752	78.049	39.334	99.884	241.40	6.1448	22.565	0.036110	supercritical
70.000	10.167	254.98	0.0039218	17.976	19.731	77.972	39.371	100.43	241.35	6.1283	22.621	0.036247	supercritical
70.000	10.200	256.44	0.0038995	17.960	19.711	77.896	39.408	100.97	241.31	6.1117	22.676	0.036385	supercritical
70.000	10.233	257.92	0.0038772	17.944	19.690	77.819	39.444	101.52	241.26	6.0949	22.733	0.036523	supercritical
70.000	10.267	259.39	0.0038552	17.928	19.669	77.742	39.481	102.07	241.22	6.0780	22.790	0.036663	supercritical
70.000	10.300	260.88	0.0038332	17.911	19.649	77.666	39.518	102.63	241.18	6.0610	22.848	0.036804	supercritical
70.000	10.333	262.37	0.0038114	17.895	19.628	77.589	39.555	103.19	241.15	6.0438	22.906	0.036945	supercritical
70.000	10.367	263.87	0.0037898	17.878	19.607	77.512	39.591	103.76	241.11	6.0266	22.965	0.037088	supercritical
70.000	10.400	265.37	0.0037683	17.862	19.586	77.435	39.628	104.32	241.08	6.0091	23.024	0.037231	supercritical
70.000	10.433	266.89	0.0037469	17.845	19.565	77.358	39.664	104.90	241.05	5.9916	23.084	0.037375	supercritical
70.000	10.467	268.41	0.0037257	17.828	19.544	77.281	39.700	105.47	241.03	5.9739	23.145	0.037521	supercritical
70.000	10.500	269.94	0.0037046	17.811	19.523	77.203	39.737	106.05	241.00	5.9560	23.206	0.037667	supercritical
70.000	10.533	271.47	0.0036836	17.795	19.502	77.126	39.773	106.63	240.98	5.9381	23.268	0.037814	supercritical
70.000	10.567	273.01	0.0036628	17.778	19.481	77.049	39.809	107.21	240.96	5.9200	23.331	0.037961	supercritical
70.000	10.600	274.56	0.0036421	17.761	19.460	76.972	39.845	107.80	240.95	5.9018	23.394	0.038110	supercritical
70.000	10.633	276.12	0.0036216	17.744	19.439	76.894	39.881	108.39	240.93	5.8834	23.458	0.038259	supercritical
70.000	10.667	277.69	0.0036012	17.727	19.417	76.817	39.917	108.99	240.93	5.8649	23.522	0.038410	supercritical
70.000	10.700	279.26	0.0035809	17.710	19.396	76.739	39.953	109.58	240.92	5.8463	23.587	0.038561	supercritical
70.000	10.733	280.84	0.0035608	17.693	19.375	76.662	39.989	110.18	240.92	5.8275	23.653	0.038713	supercritical
70.000	10.767	282.42	0.0035408	17.676	19.353	76.584	40.024	110.78	240.92	5.8086	23.720	0.038866	supercritical
70.000	10.800	284.02	0.0035209	17.658	19.332	76.506	40.060	111.39	240.92	5.7896	23.787	0.039019	supercritical
70.000	10.833	285.62	0.0035012	17.641	19.310	76.429	40.095	112.00	240.92	5.7704	23.855	0.039174	supercritical
70.000	10.867	287.22	0.0034816	17.624	19.289	76.351	40.130	112.61	240.93	5.7511	23.924	0.039329	supercritical
70.000	10.900	288.84	0.0034621	17.606	19.267	76.273	40.165	113.22	240.95	5.7317	23.993	0.039485	supercritical
70.000	10.933	290.46	0.0034428	17.589	19.246	76.195	40.200	113.83	240.96	5.7122	24.063	0.039641	supercritical
70.000	10.967	292.09	0.0034236	17.571	19.224	76.117	40.235	114.45	240.98	5.6925	24.134	0.039799	supercritical
70.000	11.000	293.73	0.0034045	17.554	19.202	76.039	40.269	115.07	241.00	5.6727	24.205	0.039957	supercritical
70.000	11.033	295.37	0.0033856	17.536	19.180	75.961	40.304	115.69	241.03	5.6527	24.277	0.040116	supercritical
70.000	11.067	297.02	0.0033668	17.519	19.158	75.883	40.338	116.31	241.06	5.6327	24.350	0.040275	supercritical
70.000	11.100	298.68	0.0033481	17.501	19.137	75.805	40.372	116.93	241.09	5.6125	24.424	0.040435	supercritical
70.000	11.133	300.34	0.0033295	17.483	19.115	75.727	40.406	117.55	241.13	5.5922	24.498	0.040596	supercritical
70.000	11.167	302.01	0.0033111	17.466	19.093	75.649	40.439	118.18	241.17	5.5717	24.573	0.040758	supercritical
70.000	11.200	303.69	0.0032928	17.448	19.071	75.571	40.473	118.80	241.21	5.5512	24.649	0.040920	supercritical
70.000	11.233	305.38	0.0032746	17.430	19.049	75.493	40.506	119.43	241.26	5.5305	24.725	0.041082	supercritical
70.000	11.267	307.07	0.0032566	17.412	19.027	75.415	40.539	120.06	241.31	5.5097	24.803	0.041245	supercritical
70.000	11.300	308.77	0.0032387	17.394	19.005	75.337	40.572	120.68	241.37	5.4888	24.881	0.041409	supercritical
70.000	11.333	310.47	0.0032209	17.376	18.983	75.258	40.605	121.31	241.43	5.4677	24.960	0.041574	supercritical
70.000	11.367	312.18	0.0032032	17.358	18.961	75.180	40.637	121.94	241.49	5.4466	25.039	0.041738	supercritical
70.000	11.400	313.90	0.0031857	17.340	18.938	75.102	40.669	122.57	241.56	5.4253	25.119	0.041904	supercritical
70.000	11.433	315.63	0.0031683	17.322	18.916	75.024	40.701	123.19	241.63	5.4039	25.201	0.042069	supercritical
70.000	11.467	317.36	0.0031510	17.304	18.894	74.946	40.732	123.82	241.71	5.3824	25.282	0.042236	supercritical
70.000	11.500	319.10	0.0031339	17.286	18.872	74.867	40.764	124.44	241.79	5.3608	25.365	0.042402	supercritical
70.000	11.533	320.84	0.0031168	17.267	18.850	74.789	40.795	125.07	241.88	5.3391	25.448	0.042569	supercritical
70.000	11.567	322.59	0.0030999	17.249	18.827	74.711	40.826	125.69	241.97	5.3173	25.533	0.042737	supercritical
70.000	11.600	324.35	0.0030831	17.231	18.805	74.633	40.856	126.31	242.06	5.2953	25.617	0.042905	supercritical
70.000	11.633	326.11	0.0030665	17.213	18.783	74.555	40.886	126.93	242.16	5.2733	25.703	0.043073	supercritical
70.000	11.667	327.87	0.0030499	17.194	18.760	74.477	40.916	127.55	242.26	5.2512	25.790	0.043241	supercritical
70.000	11.700	329.65	0.0030335	17.176	18.738	74.398	40.946	128.17	242.37	5.2289	25.877	0.043410	supercritical
70.000	11.733	331.43	0.0030173	17.158	18.716	74.320	40.975	128.78	242.48	5.2066	25.965	0.043579	supercritical
70.000	11.767	333.21	0.0030011	17.139	18.693	74.242	41.004	129.39	242.60	5.1842	26.054	0.043748	supercritical
70.000	11.800	335.00	0.0029851	17.121	18.671	74.164	41.032	130.00	242.72	5.1617	26.144	0.043917	supercritical
70.000	11.833	336.80	0.0029692	17.102	18.649	74.086	41.060	130.60	242.85	5.1391	26.234	0.044087	supercritical
70.000	11.867	338.60	0.0029534	17.084	18.626	74.009	41.088	131.20	242.98	5.1164	26.325	0.044256	supercritical
70.000	11.900	340.40	0.0029377	17.065	18.604	73.931	41.116	131.80	243.12	5.0936	26.417	0.044426	supercritical
70.000	11.933	342.21	0.0029222	17.047	18.581	73.853	41.143	132.39	243.26	5.0708	26.510	0.044596	supercritical
70.000	11.967	344.03	0.0029067	17.028	18.559	73.775	41.170	132.98	243.40	5.0478	26.603	0.044766	supercritical
70.000	12.000	345.85	0.0028915	17.010	18.537	73.698	41.196	133.57	243.56	5.0248	26.698	0.044936	supercritical
70.000	12.033	347.67	0.0028763	16.991	18.514	73.620	41.222	134.15	243.71	5.0018	26.793	0.045106	supercritical
70.000	12.067	349.50	0.0028612	16.972	18.492	73.543	41.248	134.72	243.87	4.9786	26.888	0.045276	supercritical
70.000	12.100	351.33	0.0028463	16.954	18.470	73.466	41.273	135.29	244.04	4.9554	26.985	0.045446	supercritical
70.000	12.133	353.17	0.0028315	16.935	18.447	73.388	41.298	135.85	244.21	4.9321	27.082	0.045616	supercritical
70.000	12.167	355.01	0.0028168	16.917	18.425	73.311	41.322	136.41	244.39	4.9088	27.181	0.045786	supercritical
70.000	12.200	356.85	0.0028023	16.898	18.403	73.234	41.346	136.97	244.58	4.8854	27.279	0.045955	supercritical
70.000	12.233	358.70	0.0027878	16.879	18.380	73.157	41.370	137.51	244.76	4.8619	27.379	0.046125	supercritical
70.000	12.267	360.55	0.0027735	16.861	18.358	73.080	41.393	138.05	244.96	4.8384	27.479	0.046294	supercritical
70.000	12.300	362.41	0.0027593	16.842	18.336	73.004	41.416	138.58	245.16	4.8148	27.581	0.046463	supercritical
70.000	12.333	364.26	0.0027453	16.823	18.314	72.927	41.438	139.11	245.36	4.7912	27.682	0.046632	supercritical
70.000	12.367	366.12	0.0027313	16.805	18.291	72.851	41.460	139.63	245.57	4.7676	27.785	0.046801	supercritical
70.000	12.400	367.99	0.0027175	16.786	18.269	72.774	41.481	140.14	245.79	4.7439	27.888	0.046969	supercritical
70.000	12.433	369.85	0.0027038	16.768	18.247	72.698	41.502	140.64	246.01	4.7202	27.992	0.047137	supercritical
70.000	12.467	371.72	0.0026902	16.749	18.225	72.622	41.523	141.14	246.24	4.6964	28.097	0.047305	supercritical
70.000	12.500	373.59	0.0026767	16.730	18.203	72.547	41.543	141.62	246.47	4.6726	28.203	0.047472	supercritical
70.000	12.533	375.46	0.0026634	16.712	18.181	72.471	41.562	142.10	246.71	4.6488	28.309	0.047639	supercritical
70.000	12.567	377.33	0.0026502	16.693	18.159	72.395	41.582	142.57	246.96	4.6250	28.416	0.047806	supercritical
70.000	12.600	379.21	0.0026371	16.675	18.137	72.320	41.600	143.04	247.21	4.6011	28.523	0.047972	supercritical
70.000	12.633	381.08	0.0026241	16.656	18.115	72.245	41.618	143.49	247.47	4.5772	28.631	0.048138	supercritical
70.000	12.667	382.96	0.0026112	16.637	18.093	72.170	41.636	143.93	247.73	4.5533	28.740	0.048303	supercritical
70.000	12.700	384.84	0.0025985	16.619	18.071	72.095	41.653	144.36	248.00	4.5294	28.850	0.048467	supercritical
70.000	12.733	386.72	0.0025859	16.600	18.049	72.021	41.670	144.79	248.27	4.5055	28.960	0.048632	supercritical
70.000	12.767	388.60	0.0025734	16.582	18.028	71.947	41.687	145.20	248.55	4.4816	29.071	0.048795	supercritical
70.000	12.800	390.48	0.0025610	16.563	18.006	71.872	41.703	145.61	248.84	4.4577	29.182	0.048958	supercritical
70.000	12.833	392.36	0.0025487	16.545	17.984	71.799	41.718	146.00	249.13	4.4338	29.294	0.049121	supercritical
70.000	12.867	394.24	0.0025365	16.527	17.963	71.725	41.733	146.39	249.43	4.4099	29.407	0.049283	supercritical
70.000	12.900	396.12	0.0025245	16.508	17.941	71.651	41.747	146.76	249.73	4.3860	29.520	0.049444	supercritical
70.000	12.933	397.99	0.0025126	16.490	17.920	71.578	41.761	147.12	250.04	4.3621	29.634	0.049605	supercritical
70.000	12.967	399.87	0.0025008	16.472	17.899	71.505	41.775	147.48	250.36	4.3383	29.749	0.049765	supercritical
70.000	13.000	401.75	0.0024891	16.453	17.877	71.433	41.788	147.82	250.68	4.3144	29.864	0.049924	supercritical
70.000	13.033	403.62	0.0024775	16.435	17.856	71.360	41.801	148.15	251.01	4.2906	29.979	0.050083	supercritical
70.000	13.067	405.50	0.0024661	16.417	17.835	71.288	41.813	148.47	251.34	4.2668	30.095	0.050241	supercritical
70.000	13.100	407.37	0.0024548	16.399	17.814	71.216	41.824	148.78	251.68	4.2430	30.212	0.050398	supercritical
70.000	13.133	409.24	0.0024435	16.381	17.793	71.144	41.836	149.07	252.03	4.2193	30.329	0.050555	supercritical
70.000	13.167	411.11	0.0024324	16.362	17.772	71.073	41.846	149.36	252.38	4.1956	30.446	0.050711	supercritical
70.000	13.200	412.98	0.0024214	16.344	17.751	71.002	41.857	149.63	252.74	4.1719	30.565	0.050866	supercritical
70.000	13.233	414.84	0.0024106	16.326	17.730	70.931	41.866	149.90	253.10	4.1483	30.683	0.051020	supercritical
70.000	13.267	416.70	0.0023998	16.309	17.710	70.860	41.876	150.15	253.47	4.1247	30.802	0.051174	supercritical
70.000	13.300	418.56	0.0023891	16.291	17.689	70.790	41.885	150.39	253.85	4.1012	30.922	0.051326	supercritical
70.000	13.333	420.42	0.0023786	16.273	17.669	70.720	41.893	150.62	254.23	4.0777	31.041	0.051478	supercritical
70.000	13.367	422.27	0.0023681	16.255	17.648	70.650	41.901	150.84	254.61	4.0543	31.162	0.051630	supercritical
70.000	13.400	424.12	0.0023578	16.237	17.628	70.581	41.909	151.04	255.01	4.0309	31.282	0.051780	supercritical
70.000	13.433	425.97	0.0023476	16.220	17.608	70.512	41.916	151.24	255.40	4.0076	31.404	0.051929	supercritical
70.000	13.467	427.81	0.0023375	16.202	17.587	70.443	41.923	151.42	255.81	3.9844	31.525	0.052078	supercritical
70.000	13.500	429.65	0.0023275	16.184	17.567	70.375	41.929	151.59	256.22	3.9612	31.647	0.052226	supercritical
70.000	13.533	431.48	0.0023176	16.167	17.547	70.307	41.935	151.75	256.63	3.9381	31.769	0.052373	supercritical
70.000	13.567	433.31	0.0023078	16.150	17.528	70.239	41.940	151.90	257.05	3.9150	31.891	0.052519	supercritical
70.000	13.600	435.13	0.0022981	16.132	17.508	70.171	41.945	152.03	257.48	3.8921	32.014	0.052665	supercritical
70.000	13.633	436.95	0.0022886	16.115	17.488	70.104	41.950	152.16	257.91	3.8692	32.137	0.052809	supercritical
70.000	13.667	438.77	0.0022791	16.098	17.468	70.037	41.954	152.27	258.35	3.8463	32.261	0.052953	supercritical
70.000	13.700	440.58	0.0022697	16.081	17.449	69.971	41.958	152.38	258.79	3.8236	32.384	0.053096	supercritical
70.000	13.733	442.38	0.0022605	16.063	17.430	69.905	41.961	152.47	259.24	3.8009	32.508	0.053237	supercritical
70.000	13.767	444.18	0.0022513	16.046	17.410	69.839	41.964	152.55	259.69	3.7784	32.632	0.053379	supercritical
70.000	13.800	445.98	0.0022423	16.029	17.391	69.774	41.967	152.62	260.15	3.7559	32.757	0.053519	supercritical
70.000	13.833	447.77	0.0022333	16.013	17.372	69.709	41.969	152.68	260.62	3.7335	32.881	0.053658	supercritical
70.000	13.867	449.55	0.0022245	15.996	17.353	69.644	41.971	152.72	261.08	3.7112	33.006	0.053797	supercritical
70.000	13.900	451.32	0.0022157	15.979	17.334	69.579	41.973	152.76	261.56	3.6890	33.131	0.053935	supercritical
70.000	13.933	453.09	0.0022070	15.962	17.316	69.515	41.974	152.79	262.04	3.6669	33.256	0.054071	supercritical
70.000	13.967	454.86	0.0021985	15.946	17.297	69.452	41.975	152.80	262.52	3.6448	33.381	0.054208	supercritical
70.000	14.000	456.62	0.0021900	15.929	17.279	69.388	41.975	152.81	263.01	3.6229	33.507	0.054343	supercritical
70.000	14.033	458.37	0.0021817	15.913	17.260	69.325	41.976	152.81	263.50	3.6011	33.632	0.054477	supercritical
70.000	14.067	460.11	0.0021734	15.896	17.242	69.263	41.975	152.79	264.00	3.5794	33.758	0.054611	supercritical
70.000	14.100	461.85	0.0021652	15.880	17.224	69.201	41.975	152.77	264.50	3.5578	33.883	0.054743	supercritical
70.000	14.133	463.58	0.0021571	15.864	17.206	69.139	41.974	152.74	265.01	3.5363	34.009	0.054875	supercritical
70.000	14.167	465.30	0.0021491	15.848	17.188	69.077	41.973	152.70	265.52	3.5149	34.135	0.055007	supercritical
70.000	14.200	467.02	0.0021412	15.832	17.170	69.016	41.971	152.64	266.03	3.4936	34.261	0.055137	supercritical
70.000	14.233	468.73	0.0021334	15.816	17.152	68.955	41.970	152.58	266.55	3.4725	34.387	0.055266	supercritical
70.000	14.267	470.43	0.0021257	15.800	17.134	68.895	41.968	152.51	267.08	3.4514	34.513	0.055395	supercritical
70.000	14.300	472.12	0.0021181	15.784	17.117	68.835	41.965	152.44	267.61	3.4305	34.639	0.055523	supercritical
70.000	14.333	473.81	0.0021105	15.768	17.100	68.775	41.963	152.35	268.14	3.4097	34.765	0.055650	supercritical
70.000	14.367	475.49	0.0021031	15.753	17.082	68.716	41.960	152.26	268.68	3.3890	34.891	0.055777	supercritical
70.000	14.400	477.16	0.0020957	15.737	17.065	68.657	41.957	152.15	269.22	3.3684	35.017	0.055902	supercritical
70.000	14.433	478.83	0.0020884	15.722	17.048	68.598	41.953	152.04	269.76	3.3479	35.143	0.056027	supercritical
70.000	14.467	480.48	0.0020812	15.706	17.031	68.540	41.950	151.92	270.31	3.3276	35.268	0.056152	supercritical
70.000	14.500	482.13	0.0020741	15.691	17.015	68.482	41.946	151.80	270.86	3.3074	35.394	0.056275	supercritical
70.000	14.533	483.77	0.0020671	15.676	16.998	68.425	41.942	151.67	271.41	3.2873	35.520	0.056398	supercritical
70.000	14.567	485.40	0.0020601	15.661	16.981	68.368	41.937	151.53	271.97	3.2674	35.646	0.056520	supercritical
70.000	14.600	487.03	0.0020533	15.646	16.965	68.311	41.933	151.38	272.53	3.2475	35.771	0.056641	supercritical
70.000	14.633	488.64	0.0020465	15.631	16.948	68.255	41.928	151.23	273.10	3.2278	35.897	0.056762	supercritical
70.000	14.667	490.25	0.0020398	15.616	16.932	68.199	41.923	151.07	273.67	3.2082	36.022	0.056882	supercritical
70.000	14.700	491.85	0.0020331	15.601	16.916	68.143	41.917	150.90	274.24	3.1888	36.147	0.057002	supercritical
70.000	14.733	493.44	0.0020266	15.586	16.900	68.088	41.912	150.73	274.81	3.1695	36.272	0.057120	supercritical
70.000	14.767	495.03	0.0020201	15.572	16.884	68.033	41.906	150.56	275.39	3.1503	36.397	0.057238	supercritical
70.000	14.800	496.60	0.0020137	15.557	16.869	67.978	41.901	150.37	275.97	3.1312	36.522	0.057356	supercritical
70.000	14.833	498.17	0.0020074	15.543	16.853	67.924	41.895	150.19	276.56	3.1123	36.647	0.057473	supercritical
70.000	14.867	499.73	0.0020011	15.528	16.837	67.871	41.888	149.99	277.14	3.0935	36.771	0.057589	supercritical
70.000	14.900	501.28	0.0019949	15.514	16.822	67.817	41.882	149.80	277.73	3.0748	36.896	0.057705	supercritical
70.000	14.933	502.82	0.0019888	15.500	16.807	67.764	41.875	149.59	278.32	3.0563	37.020	0.057820	supercritical
70.000	14.967	504.35	0.0019827	15.486	16.792	67.711	41.869	149.39	278.92	3.0379	37.144	0.057934	supercritical
70.000	15.000	505.88	0.0019768	15.471	16.776	67.659	41.862	149.18	279.51	3.0196	37.268	0.058048	supercritical
70.000	15.033	507.39	0.0019709	15.458	16.761	67.607	41.855	148.96	280.11	3.0015	37.391	0.058161	supercritical
70.000	15.067	508.90	0.0019650	15.444	16.747	67.555	41.848	148.74	280.71	2.9835	37.515	0.058274	supercritical
70.000	15.100	510.40	0.0019593	15.430	16.732	67.504	41.841	148.52	281.31	2.9656	37.638	0.058386	supercritical
70.000	15.133	511.89	0.0019535	15.416	16.717	67.453	41.833	148.29	281.92	2.9479	37.761	0.058498	supercritical
70.000	15.167	513.37	0.0019479	15.403	16.703	67.402	41.826	148.06	282.53	2.9303	37.883	0.058609	supercritical
70.000	15.200	514.85	0.0019423	15.389	16.688	67.352	41.818	147.83	283.14	2.9128	38.006	0.058719	supercritical
70.000	15.233	516.31	0.0019368	15.376	16.674	67.302	41.810	147.59	283.75	2.8955	38.128	0.058829	supercritical
70.000	15.267	517.77	0.0019314	15.362	16.660	67.252	41.803	147.35	284.36	2.8782	38.250	0.058939	supercritical
70.000	15.300	519.22	0.0019260	15.349	16.646	67.203	41.795	147.11	284.97	2.8612	38.372	0.059048	supercritical
70.000	15.333	520.66	0.0019206	15.336	16.632	67.154	41.787	146.86	285.59	2.8442	38.493	0.059157	supercritical
70.000	15.367	522.09	0.0019154	15.323	16.618	67.105	41.778	146.61	286.21	2.8274	38.614	0.059265	supercritical
70.000	15.400	523.51	0.0019102	15.310	16.604	67.057	41.770	146.36	286.83	2.8107	38.735	0.059372	supercritical
70.000	15.433	524.93	0.0019050	15.297	16.591	67.009	41.762	146.11	287.45	2.7941	38.856	0.059479	supercritical
70.000	15.467	526.34	0.0018999	15.284	16.577	66.962	41.754	145.86	288.07	2.7777	38.976	0.059586	supercritical
70.000	15.500	527.74	0.0018949	15.271	16.564	66.914	41.745	145.60	288.70	2.7614	39.096	0.059692	supercritical
70.000	15.533	529.13	0.0018899	15.258	16.550	66.867	41.736	145.34	289.32	2.7452	39.216	0.059798	supercritical
70.000	15.567	530.51	0.0018850	15.246	16.537	66.821	41.728	145.08	289.95	2.7292	39.336	0.059903	supercritical
70.000	15.600	531.88	0.0018801	15.233	16.524	66.774	41.719	144.82	290.58	2.7133	39.455	0.060008	supercritical
70.000	15.633	533.25	0.0018753	15.220	16.511	66.728	41.710	144.56	291.21	2.6975	39.574	0.060113	supercritical
70.000	15.667	534.61	0.0018705	15.208	16.498	66.682	41.702	144.29	291.84	2.6818	39.693	0.060217	supercritical
70.000	15.700	535.96	0.0018658	15.196	16.485	66.637	41.693	144.03	292.47	2.6663	39.811	0.060320	supercritical
70.000	15.733	537.30	0.0018612	15.183	16.472	66.592	41.684	143.76	293.10	2.6508	39.929	0.060423	supercritical
70.000	15.767	538.64	0.0018565	15.171	16.460	66.547	41.675	143.49	293.74	2.6355	40.047	0.060526	supercritical
70.000	15.800	539.96	0.0018520	15.159	16.447	66.502	41.666	143.22	294.37	2.6204	40.164	0.060628	supercritical
70.000	15.833	541.28	0.0018475	15.147	16.434	66.458	41.657	142.95	295.01	2.6053	40.281	0.060730	supercritical
70.000	15.867	542.59	0.0018430	15.135	16.422	66.414	41.647	142.68	295.65	2.5904	40.398	0.060832	supercritical
70.000	15.900	543.89	0.0018386	15.123	16.410	66.371	41.638	142.41	296.28	2.5755	40.515	0.060933	supercritical
70.000	15.933	545.19	0.0018342	15.111	16.398	66.327	41.629	142.13	296.92	2.5608	40.631	0.061034	supercritical
70.000	15.967	546.47	0.0018299	15.100	16.386	66.284	41.620	141.86	297.56	2.5463	40.747	0.061134	supercritical
70.000	16.000	547.75	0.0018256	15.088	16.374	66.242	41.611	141.59	298.20	2.5318	40.862	0.061234	supercritical
70.000	16.033	549.03	0.0018214	15.076	16.362	66.199	41.601	141.31	298.84	2.5175	40.977	0.061334	supercritical
70.000	16.067	550.29	0.0018172	15.065	16.350	66.157	41.592	141.04	299.48	2.5032	41.092	0.061433	supercritical
70.000	16.100	551.55	0.0018131	15.053	16.338	66.115	41.583	140.76	300.12	2.4891	41.207	0.061532	supercritical
70.000	16.133	552.80	0.0018090	15.042	16.327	66.073	41.573	140.49	300.77	2.4751	41.321	0.061630	supercritical
70.000	16.167	554.04	0.0018049	15.031	16.315	66.032	41.564	140.21	301.41	2.4612	41.435	0.061728	supercritical
70.000	16.200	555.27	0.0018009	15.020	16.303	65.991	41.554	139.94	302.05	2.4474	41.548	0.061826	supercritical
70.000	16.233	556.50	0.0017970	15.008	16.292	65.950	41.545	139.66	302.70	2.4338	41.662	0.061924	supercritical
70.000	16.267	557.72	0.0017930	14.997	16.281	65.909	41.536	139.39	303.34	2.4202	41.774	0.062021	supercritical
70.000	16.300	558.93	0.0017891	14.986	16.270	65.869	41.526	139.11	303.98	2.4068	41.887	0.062118	supercritical
70.000	16.333	560.13	0.0017853	14.975	16.259	65.829	41.517	138.84	304.63	2.3934	41.999	0.062214	supercritical
70.000	16.367	561.33	0.0017815	14.964	16.247	65.789	41.507	138.56	305.27	2.3802	42.111	0.062310	supercritical
70.000	16.400	562.52	0.0017777	14.953	16.237	65.750	41.498	138.29	305.92	2.3671	42.223	0.062406	supercritical
70.000	16.433	563.71	0.0017740	14.943	16.226	65.710	41.488	138.02	306.56	2.3541	42.334	0.062501	supercritical
70.000	16.467	564.88	0.0017703	14.932	16.215	65.671	41.479	137.74	307.21	2.3411	42.445	0.062596	supercritical
70.000	16.500	566.05	0.0017666	14.921	16.204	65.633	41.469	137.47	307.85	2.3283	42.555	0.062691	supercritical
70.000	16.533	567.21	0.0017630	14.911	16.194	65.594	41.460	137.20	308.50	2.3156	42.665	0.062786	supercritical
70.000	16.567	568.37	0.0017594	14.900	16.183	65.556	41.451	136.92	309.15	2.3030	42.775	0.062880	supercritical
70.000	16.600	569.52	0.0017559	14.890	16.173	65.518	41.441	136.65	309.79	2.2905	42.885	0.062974	supercritical
70.000	16.633	570.66	0.0017524	14.879	16.162	65.480	41.432	136.38	310.44	2.2781	42.994	0.063067	supercritical
70.000	16.667	571.79	0.0017489	14.869	16.152	65.442	41.422	136.11	311.08	2.2658	43.103	0.063160	supercritical
70.000	16.700	572.92	0.0017454	14.859	16.142	65.405	41.413	135.84	311.73	2.2536	43.211	0.063253	supercritical
70.000	16.733	574.05	0.0017420	14.849	16.131	65.368	41.403	135.57	312.37	2.2415	43.320	0.063346	supercritical
70.000	16.767	575.16	0.0017386	14.838	16.121	65.331	41.394	135.30	313.02	2.2295	43.427	0.063438	supercritical
70.000	16.800	576.27	0.0017353	14.828	16.111	65.295	41.385	135.03	313.67	2.2176	43.535	0.063530	supercritical
70.000	16.833	577.37	0.0017320	14.818	16.101	65.258	41.375	134.76	314.31	2.2057	43.642	0.063622	supercritical
70.000	16.867	578.47	0.0017287	14.808	16.091	65.222	41.366	134.50	314.96	2.1940	43.749	0.063713	supercritical
70.000	16.900	579.56	0.0017255	14.798	16.082	65.186	41.357	134.23	315.60	2.1824	43.855	0.063804	supercritical
70.000	16.933	580.64	0.0017222	14.788	16.072	65.150	41.347	133.97	316.25	2.1708	43.962	0.063895	supercritical
70.000	16.967	581.72	0.0017191	14.779	16.062	65.115	41.338	133.70	316.89	2.1594	44.067	0.063985	supercritical
70.000	17.000	582.79	0.0017159	14.769	16.053	65.080	41.329	133.44	317.54	2.1480	44.173	0.064076	supercritical
70.000	17.033	583.85	0.0017128	14.759	16.043	65.045	41.319	133.18	318.18	2.1368	44.278	0.064166	supercritical
70.000	17.067	584.91	0.0017097	14.750	16.034	65.010	41.310	132.92	318.82	2.1256	44.383	0.064255	supercritical
70.000	17.100	585.96	0.0017066	14.740	16.024	64.975	41.301	132.66	319.47	2.1145	44.488	0.064345	supercritical
70.000	17.133	587.01	0.0017036	14.730	16.015	64.941	41.292	132.40	320.11	2.1035	44.592	0.064434	supercritical
70.000	17.167	588.05	0.0017005	14.721	16.006	64.906	41.283	132.14	320.75	2.0926	44.696	0.064523	supercritical
70.000	17.200	589.08	0.0016976	14.712	15.997	64.872	41.273	131.88	321.39	2.0818	44.799	0.064611	supercritical
70.000	17.233	590.11	0.0016946	14.702	15.987	64.838	41.264	131.62	322.04	2.0710	44.902	0.064699	supercritical
70.000	17.267	591.13	0.0016917	14.693	15.978	64.805	41.255	131.37	322.68	2.0604	45.005	0.064787	supercritical
70.000	17.300	592.15	0.0016888	14.684	15.969	64.771	41.246	131.12	323.32	2.0498	45.108	0.064875	supercritical
70.000	17.333	593.16	0.0016859	14.674	15.960	64.738	41.237	130.86	323.96	2.0393	45.210	0.064963	supercritical
70.000	17.367	594.16	0.0016830	14.665	15.952	64.705	41.228	130.61	324.60	2.0289	45.312	0.065050	supercritical
70.000	17.400	595.16	0.0016802	14.656	15.943	64.672	41.219	130.36	325.24	2.0186	45.413	0.065137	supercritical
70.000	17.433	596.16	0.0016774	14.647	15.934	64.640	41.210	130.11	325.88	2.0083	45.515	0.065224	supercritical
70.000	17.467	597.15	0.0016746	14.638	15.925	64.607	41.201	129.86	326.52	1.9981	45.616	0.065310	supercritical
70.000	17.500	598.13	0.0016719	14.629	15.917	64.575	41.192	129.61	327.15	1.9881	45.716	0.065396	supercritical
70.000	17.533	599.11	0.0016692	14.620	15.908	64.543	41.184	129.37	327.79	1.9780	45.817	0.065482	supercritical
70.000	17.567	600.08	0.0016665	14.611	15.900	64.511	41.175	129.12	328.43	1.9681	45.917	0.065568	supercritical
70.000	17.600	601.04	0.0016638	14.603	15.891	64.479	41.166	128.88	329.06	1.9583	46.016	0.065654	supercritical
70.000	17.633	602.00	0.0016611	14.594	15.883	64.448	41.157	128.64	329.70	1.9485	46.116	0.065739	supercritical
70.000	17.667	602.96	0.0016585	14.585	15.875	64.416	41.148	128.40	330.33	1.9388	46.215	0.065824	supercritical
70.000	17.700	603.91	0.0016559	14.576	15.866	64.385	41.140	128.16	330.97	1.9292	46.313	0.065909	supercritical
70.000	17.733	604.86	0.0016533	14.568	15.858	64.354	41.131	127.92	331.60	1.9196	46.412	0.065993	supercritical
70.000	17.767	605.80	0.0016507	14.559	15.850	64.323	41.122	127.68	332.23	1.9101	46.510	0.066077	supercritical
70.000	17.800	606.73	0.0016482	14.551	15.842	64.293	41.114	127.44	332.87	1.9007	46.608	0.066161	supercritical
70.000	17.833	607.66	0.0016457	14.542	15.834	64.262	41.105	127.21	333.50	1.8914	46.705	0.066245	supercritical
70.000	17.867	608.59	0.0016432	14.534	15.826	64.232	41.097	126.97	334.13	1.8821	46.802	0.066329	supercritical
70.000	17.900	609.51	0.0016407	14.525	15.818	64.202	41.088	126.74	334.76	1.8729	46.899	0.066412	supercritical
70.000	17.933	610.42	0.0016382	14.517	15.810	64.172	41.080	126.51	335.39	1.8638	46.996	0.066495	supercritical
70.000	17.967	611.33	0.0016358	14.509	15.802	64.142	41.072	126.28	336.01	1.8548	47.092	0.066578	supercritical
70.000	18.000	612.24	0.0016334	14.500	15.794	64.112	41.063	126.05	336.64	1.8458	47.188	0.066661	supercritical
70.000	18.033	613.14	0.0016310	14.492	15.787	64.083	41.055	125.82	337.27	1.8369	47.284	0.066743	supercritical
70.000	18.067	614.03	0.0016286	14.484	15.779	64.053	41.047	125.60	337.89	1.8280	47.379	0.066825	supercritical
70.000	18.100	614.92	0.0016262	14.476	15.771	64.024	41.038	125.37	338.52	1.8192	47.475	0.066907	supercritical
70.000	18.133	615.81	0.0016239	14.468	15.764	63.995	41.030	125.15	339.14	1.8105	47.569	0.066989	supercritical
70.000	18.167	616.69	0.0016216	14.460	15.756	63.966	41.022	124.92	339.77	1.8019	47.664	0.067070	supercritical
70.000	18.200	617.57	0.0016193	14.452	15.749	63.938	41.014	124.70	340.39	1.7933	47.758	0.067152	supercritical
70.000	18.233	618.44	0.0016170	14.444	15.741	63.909	41.006	124.48	341.01	1.7848	47.852	0.067233	supercritical
70.000	18.267	619.31	0.0016147	14.436	15.734	63.881	40.998	124.26	341.63	1.7763	47.946	0.067313	supercritical
70.000	18.300	620.17	0.0016125	14.428	15.727	63.852	40.990	124.05	342.25	1.7679	48.039	0.067394	supercritical
70.000	18.333	621.03	0.0016102	14.420	15.719	63.824	40.982	123.83	342.87	1.7596	48.132	0.067474	supercritical
70.000	18.367	621.89	0.0016080	14.412	15.712	63.796	40.974	123.61	343.49	1.7513	48.225	0.067555	supercritical
70.000	18.400	622.74	0.0016058	14.405	15.705	63.768	40.966	123.40	344.11	1.7431	48.318	0.067635	supercritical
70.000	18.433	623.58	0.0016036	14.397	15.698	63.741	40.958	123.19	344.73	1.7350	48.410	0.067714	supercritical
70.000	18.467	624.42	0.0016015	14.389	15.691	63.713	40.950	122.98	345.34	1.7269	48.502	0.067794	supercritical
70.000	18.500	625.26	0.0015993	14.381	15.684	63.686	40.943	122.77	345.96	1.7188	48.594	0.067873	supercritical
70.000	18.533	626.09	0.0015972	14.374	15.677	63.658	40.935	122.56	346.57	1.7109	48.685	0.067953	supercritical
70.000	18.567	626.92	0.0015951	14.366	15.670	63.631	40.927	122.35	347.18	1.7030	48.776	0.068032	supercritical
70.000	18.600	627.75	0.0015930	14.359	15.663	63.604	40.919	122.14	347.79	1.6951	48.867	0.068110	supercritical
70.000	18.633	628.57	0.0015909	14.351	15.656	63.578	40.912	121.94	348.41	1.6873	48.958	0.068189	supercritical
70.000	18.667	629.38	0.0015889	14.344	15.649	63.551	40.904	121.74	349.02	1.6796	49.048	0.068267	supercritical
70.000	18.700	630.20	0.0015868	14.336	15.642	63.524	40.897	121.53	349.63	1.6719	49.138	0.068345	supercritical
70.000	18.733	631.01	0.0015848	14.329	15.635	63.498	40.889	121.33	350.23	1.6643	49.228	0.068423	supercritical
70.000	18.767	631.81	0.0015828	14.321	15.629	63.471	40.882	121.13	350.84	1.6567	49.318	0.068501	supercritical
70.000	18.800	632.61	0.0015808	14.314	15.622	63.445	40.874	120.93	351.45	1.6492	49.407	0.068578	supercritical
70.000	18.833	633.41	0.0015788	14.307	15.615	63.419	40.867	120.73	352.05	1.6417	49.496	0.068656	supercritical
70.000	18.867	634.20	0.0015768	14.300	15.609	63.393	40.860	120.54	352.66	1.6343	49.585	0.068733	supercritical
70.000	18.900	634.99	0.0015748	14.292	15.602	63.367	40.853	120.34	353.26	1.6270	49.673	0.068810	supercritical
70.000	18.933	635.77	0.0015729	14.285	15.596	63.342	40.845	120.15	353.86	1.6197	49.762	0.068887	supercritical
70.000	18.967	636.55	0.0015710	14.278	15.589	63.316	40.838	119.96	354.47	1.6124	49.850	0.068963	supercritical
70.000	19.000	637.33	0.0015690	14.271	15.583	63.291	40.831	119.76	355.07	1.6052	49.938	0.069040	supercritical
70.000	19.033	638.11	0.0015671	14.264	15.576	63.265	40.824	119.57	355.67	1.5981	50.025	0.069116	supercritical
70.000	19.067	638.88	0.0015653	14.257	15.570	63.240	40.817	119.38	356.27	1.5910	50.112	0.069192	supercritical
70.000	19.100	639.64	0.0015634	14.250	15.564	63.215	40.810	119.19	356.86	1.5839	50.199	0.069268	supercritical
70.000	19.133	640.40	0.0015615	14.243	15.558	63.190	40.803	119.01	357.46	1.5769	50.286	0.069343	supercritical
70.000	19.167	641.16	0.0015597	14.236	15.551	63.165	40.796	118.82	358.06	1.5700	50.373	0.069419	supercritical
70.000	19.200	641.92	0.0015578	14.229	15.545	63.141	40.789	118.64	358.65	1.5630	50.459	0.069494	supercritical
70.000	19.233	642.67	0.0015560	14.222	15.539	63.116	40.782	118.45	359.25	1.5562	50.545	0.069569	supercritical
70.000	19.267	643.42	0.0015542	14.215	15.533	63.091	40.775	118.27	359.84	1.5494	50.631	0.069644	supercritical
70.000	19.300	644.16	0.0015524	14.208	15.527	63.067	40.768	118.09	360.43	1.5426	50.716	0.069719	supercritical
70.000	19.333	644.91	0.0015506	14.201	15.521	63.043	40.762	117.91	361.02	1.5359	50.802	0.069793	supercritical
70.000	19.367	645.64	0.0015488	14.195	15.515	63.019	40.755	117.73	361.61	1.5292	50.887	0.069867	supercritical
70.000	19.400	646.38	0.0015471	14.188	15.509	62.995	40.748	117.55	362.20	1.5226	50.972	0.069942	supercritical
70.000	19.433	647.11	0.0015453	14.181	15.503	62.971	40.742	117.37	362.79	1.5160	51.056	0.070016	supercritical
70.000	19.467	647.84	0.0015436	14.174	15.497	62.947	40.735	117.20	363.38	1.5095	51.141	0.070089	supercritical
70.000	19.500	648.56	0.0015419	14.168	15.491	62.923	40.728	117.02	363.96	1.5030	51.225	0.070163	supercritical
70.000	19.533	649.28	0.0015402	14.161	15.485	62.899	40.722	116.85	364.55	1.4966	51.309	0.070236	supercritical
70.000	19.567	650.00	0.0015385	14.154	15.479	62.876	40.716	116.67	365.13	1.4902	51.392	0.070310	supercritical
70.000	19.600	650.72	0.0015368	14.148	15.473	62.852	40.709	116.50	365.72	1.4838	51.476	0.070383	supercritical
70.000	19.633	651.43	0.0015351	14.141	15.468	62.829	40.703	116.33	366.30	1.4775	51.559	0.070456	supercritical
70.000	19.667	652.14	0.0015334	14.135	15.462	62.806	40.696	116.16	366.88	1.4712	51.642	0.070528	supercritical
70.000	19.700	652.84	0.0015318	14.128	15.456	62.783	40.690	115.99	367.46	1.4650	51.725	0.070601	supercritical
70.000	19.733	653.54	0.0015301	14.122	15.451	62.760	40.684	115.82	368.04	1.4588	51.808	0.070673	supercritical
70.000	19.767	654.24	0.0015285	14.115	15.445	62.737	40.678	115.66	368.62	1.4527	51.890	0.070746	supercritical
70.000	19.800	654.94	0.0015269	14.109	15.439	62.714	40.671	115.49	369.20	1.4465	51.972	0.070818	supercritical
70.000	19.833	655.63	0.0015252	14.103	15.434	62.691	40.665	115.33	369.77	1.4405	52.054	0.070890	supercritical
70.000	19.867	656.32	0.0015236	14.096	15.428	62.669	40.659	115.16	370.35	1.4344	52.136	0.070961	supercritical
70.000	19.900	657.01	0.0015220	14.090	15.423	62.646	40.653	115.00	370.92	1.4285	52.217	0.071033	supercritical
70.000	19.933	657.69	0.0015205	14.084	15.417	62.624	40.647	114.84	371.50	1.4225	52.298	0.071104	supercritical
70.000	19.967	658.37	0.0015189	14.077	15.412	62.602	40.641	114.68	372.07	1.4166	52.380	0.071175	supercritical
70.000	20.000	659.05	0.0015173	14.071	15.407	62.579	40.635	114.52	372.64	1.4107	52.460	0.071247	supercritical
70.000	20.033	659.73	0.0015158	14.065	15.401	62.557	40.629	114.36	373.21	1.4049	52.541	0.071317	supercritical
70.000	20.067	660.40	0.0015142	14.059	15.396	62.535	40.623	114.20	373.78	1.3991	52.621	0.071388	supercritical
70.000	20.100	661.07	0.0015127	14.052	15.391	62.513	40.617	114.04	374.35	1.3933	52.702	0.071459	supercritical
70.000	20.133	661.73	0.0015112	14.046	15.385	62.491	40.611	113.89	374.92	1.3876	52.782	0.071529	supercritical
70.000	20.167	662.40	0.0015097	14.040	15.380	62.470	40.606	113.73	375.49	1.3819	52.861	0.071599	supercritical
70.000	20.200	663.06	0.0015082	14.034	15.375	62.448	40.600	113.58	376.05	1.3763	52.941	0.071669	supercritical
70.000	20.233	663.72	0.0015067	14.028	15.370	62.426	40.594	113.42	376.62	1.3706	53.020	0.071739	supercritical
70.000	20.267	664.37	0.0015052	14.022	15.364	62.405	40.589	113.27	377.18	1.3651	53.100	0.071809	supercritical
70.000	20.300	665.02	0.0015037	14.016	15.359	62.383	40.583	113.12	377.75	1.3595	53.179	0.071879	supercritical
70.000	20.333	665.67	0.0015022	14.010	15.354	62.362	40.577	112.97	378.31	1.3540	53.257	0.071948	supercritical
70.000	20.367	666.32	0.0015008	14.004	15.349	62.341	40.572	112.82	378.87	1.3485	53.336	0.072018	supercritical
70.000	20.400	666.97	0.0014993	13.998	15.344	62.320	40.566	112.67	379.43	1.3431	53.414	0.072087	supercritical
70.000	20.433	667.61	0.0014979	13.992	15.339	62.299	40.561	112.52	379.99	1.3377	53.493	0.072156	supercritical
70.000	20.467	668.25	0.0014965	13.986	15.334	62.278	40.555	112.37	380.55	1.3323	53.571	0.072225	supercritical
70.000	20.500	668.88	0.0014950	13.980	15.329	62.257	40.550	112.23	381.10	1.3270	53.649	0.072293	supercritical
70.000	20.533	669.52	0.0014936	13.974	15.324	62.236	40.544	112.08	381.66	1.3217	53.726	0.072362	supercritical
70.000	20.567	670.15	0.0014922	13.969	15.319	62.215	40.539	111.94	382.22	1.3164	53.804	0.072430	supercritical
70.000	20.600	670.78	0.0014908	13.963	15.314	62.195	40.534	111.79	382.77	1.3111	53.881	0.072498	supercritical
70.000	20.633	671.40	0.0014894	13.957	15.309	62.174	40.528	111.65	383.33	1.3059	53.958	0.072566	supercritical
70.000	20.667	672.03	0.0014880	13.951	15.305	62.154	40.523	111.51	383.88	1.3007	54.035	0.072634	supercritical
70.000	20.700	672.65	0.0014867	13.945	15.300	62.133	40.518	111.36	384.43	1.2956	54.111	0.072702	supercritical
70.000	20.733	673.27	0.0014853	13.940	15.295	62.113	40.513	111.22	384.98	1.2905	54.188	0.072770	supercritical
70.000	20.767	673.88	0.0014839	13.934	15.290	62.093	40.508	111.08	385.53	1.2854	54.264	0.072837	supercritical
70.000	20.800	674.50	0.0014826	13.928	15.285	62.072	40.502	110.94	386.08	1.2803	54.340	0.072905	supercritical
70.000	20.833	675.11	0.0014812	13.923	15.281	62.052	40.497	110.81	386.63	1.2753	54.416	0.072972	supercritical
70.000	20.867	675.72	0.0014799	13.917	15.276	62.032	40.492	110.67	387.18	1.2703	54.492	0.073039	supercritical
70.000	20.900	676.32	0.0014786	13.911	15.271	62.012	40.487	110.53	387.72	1.2653	54.568	0.073106	supercritical
70.000	20.933	676.93	0.0014773	13.906	15.267	61.992	40.482	110.40	388.27	1.2604	54.643	0.073172	supercritical
70.000	20.967	677.53	0.0014760	13.900	15.262	61.973	40.477	110.26	388.81	1.2555	54.718	0.073239	supercritical
70.000	21.000	678.13	0.0014746	13.895	15.257	61.953	40.472	110.13	389.36	1.2506	54.793	0.073306	supercritical
70.000	21.033	678.73	0.0014733	13.889	15.253	61.933	40.468	109.99	389.90	1.2458	54.868	0.073372	supercritical
70.000	21.067	679.32	0.0014721	13.884	15.248	61.914	40.463	109.86	390.44	1.2410	54.943	0.073438	supercritical
70.000	21.100	679.91	0.0014708	13.878	15.244	61.894	40.458	109.73	390.98	1.2362	55.017	0.073504	supercritical
70.000	21.133	680.50	0.0014695	13.873	15.239	61.875	40.453	109.59	391.52	1.2314	55.092	0.073570	supercritical
70.000	21.167	681.09	0.0014682	13.867	15.235	61.855	40.448	109.46	392.06	1.2267	55.166	0.073636	supercritical
70.000	21.200	681.68	0.0014670	13.862	15.230	61.836	40.444	109.33	392.60	1.2220	55.240	0.073701	supercritical
70.000	21.233	682.26	0.0014657	13.856	15.226	61.817	40.439	109.20	393.14	1.2173	55.314	0.073767	supercritical
70.000	21.267	682.84	0.0014645	13.851	15.221	61.798	40.434	109.08	393.67	1.2126	55.387	0.073832	supercritical
70.000	21.300	683.42	0.0014632	13.845	15.217	61.779	40.430	108.95	394.21	1.2080	55.461	0.073897	supercritical
70.000	21.333	684.00	0.0014620	13.840	15.213	61.760	40.425	108.82	394.74	1.2034	55.534	0.073963	supercritical
70.000	21.367	684.57	0.0014608	13.835	15.208	61.741	40.420	108.69	395.28	1.1988	55.607	0.074028	supercritical
70.000	21.400	685.15	0.0014595	13.829	15.204	61.722	40.416	108.57	395.81	1.1943	55.680	0.074092	supercritical
70.000	21.433	685.72	0.0014583	13.824	15.200	61.703	40.411	108.44	396.34	1.1897	55.753	0.074157	supercritical
70.000	21.467	686.28	0.0014571	13.819	15.195	61.684	40.407	108.32	396.87	1.1852	55.826	0.074222	supercritical
70.000	21.500	686.85	0.0014559	13.814	15.191	61.666	40.402	108.19	397.40	1.1808	55.898	0.074286	supercritical
70.000	21.533	687.41	0.0014547	13.808	15.187	61.647	40.398	108.07	397.93	1.1763	55.970	0.074350	supercritical
70.000	21.567	687.98	0.0014535	13.803	15.183	61.629	40.394	107.95	398.46	1.1719	56.043	0.074414	supercritical
70.000	21.600	688.54	0.0014524	13.798	15.178	61.610	40.389	107.83	398.99	1.1675	56.115	0.074478	supercritical
70.000	21.633	689.10	0.0014512	13.793	15.174	61.592	40.385	107.70	399.51	1.1631	56.186	0.074542	supercritical
70.000	21.667	689.65	0.0014500	13.787	15.170	61.573	40.381	107.58	400.04	1.1588	56.258	0.074606	supercritical
70.000	21.700	690.20	0.0014488	13.782	15.166	61.555	40.376	107.46	400.57	1.1544	56.330	0.074670	supercritical
70.000	21.733	690.76	0.0014477	13.777	15.162	61.537	40.372	107.34	401.09	1.1501	56.401	0.074733	supercritical
70.000	21.767	691.31	0.0014465	13.772	15.158	61.519	40.368	107.23	401.61	1.1459	56.472	0.074796	supercritical
70.000	21.800	691.85	0.0014454	13.767	15.154	61.501	40.364	107.11	402.14	1.1416	56.543	0.074860	supercritical
70.000	21.833	692.40	0.0014443	13.762	15.150	61.483	40.359	106.99	402.66	1.1374	56.614	0.074923	supercritical
70.000	21.867	692.94	0.0014431	13.757	15.146	61.465	40.355	106.87	403.18	1.1332	56.685	0.074986	supercritical
70.000	21.900	693.49	0.0014420	13.752	15.142	61.447	40.351	106.76	403.70	1.1290	56.755	0.075049	supercritical
70.000	21.933	694.03	0.0014409	13.747	15.138	61.429	40.347	106.64	404.22	1.1248	56.826	0.075111	supercritical
70.000	21.967	694.57	0.0014397	13.742	15.134	61.411	40.343	106.53	404.73	1.1207	56.896	0.075174	supercritical
70.000	22.000	695.10	0.0014386	13.737	15.130	61.393	40.339	106.41	405.25	1.1166	56.966	0.075236	supercritical
70.000	22.033	695.64	0.0014375	13.732	15.126	61.376	40.335	106.30	405.77	1.1125	57.036	0.075299	supercritical
70.000	22.067	696.17	0.0014364	13.727	15.122	61.358	40.331	106.18	406.28	1.1084	57.106	0.075361	supercritical
70.000	22.100	696.70	0.0014353	13.722	15.118	61.341	40.327	106.07	406.80	1.1044	57.176	0.075423	supercritical
70.000	22.133	697.23	0.0014343	13.717	15.114	61.323	40.323	105.96	407.31	1.1003	57.245	0.075485	supercritical
70.000	22.167	697.76	0.0014332	13.712	15.110	61.306	40.319	105.85	407.83	1.0963	57.315	0.075547	supercritical
70.000	22.200	698.28	0.0014321	13.707	15.106	61.288	40.315	105.74	408.34	1.0923	57.384	0.075609	supercritical
70.000	22.233	698.80	0.0014310	13.702	15.102	61.271	40.311	105.63	408.85	1.0884	57.453	0.075670	supercritical
70.000	22.267	699.33	0.0014299	13.697	15.098	61.254	40.308	105.52	409.36	1.0844	57.522	0.075732	supercritical
70.000	22.300	699.85	0.0014289	13.692	15.095	61.236	40.304	105.41	409.87	1.0805	57.591	0.075793	supercritical
70.000	22.333	700.36	0.0014278	13.687	15.091	61.219	40.300	105.30	410.38	1.0766	57.660	0.075855	supercritical
70.000	22.367	700.88	0.0014268	13.683	15.087	61.202	40.296	105.19	410.89	1.0727	57.728	0.075916	supercritical
70.000	22.400	701.39	0.0014257	13.678	15.083	61.185	40.293	105.08	411.40	1.0689	57.796	0.075977	supercritical
70.000	22.433	701.91	0.0014247	13.673	15.080	61.168	40.289	104.98	411.90	1.0650	57.865	0.076038	supercritical
70.000	22.467	702.42	0.0014237	13.668	15.076	61.151	40.285	104.87	412.41	1.0612	57.933	0.076098	supercritical
70.000	22.500	702.93	0.0014226	13.663	15.072	61.134	40.281	104.76	412.91	1.0574	58.001	0.076159	supercritical
70.000	22.533	703.44	0.0014216	13.659	15.068	61.118	40.278	104.66	413.42	1.0536	58.069	0.076220	supercritical
70.000	22.567	703.94	0.0014206	13.654	15.065	61.101	40.274	104.55	413.92	1.0499	58.136	0.076280	supercritical
70.000	22.600	704.45	0.0014196	13.649	15.061	61.084	40.271	104.45	414.42	1.0461	58.204	0.076341	supercritical
70.000	22.633	704.95	0.0014185	13.645	15.058	61.067	40.267	104.34	414.92	1.0424	58.271	0.076401	supercritical
70.000	22.667	705.45	0.0014175	13.640	15.054	61.051	40.264	104.24	415.43	1.0387	58.339	0.076461	supercritical
70.000	22.700	705.95	0.0014165	13.635	15.050	61.034	40.260	104.14	415.93	1.0350	58.406	0.076521	supercritical
70.000	22.733	706.45	0.0014155	13.631	15.047	61.018	40.257	104.04	416.43	1.0314	58.473	0.076581	supercritical
70.000	22.767	706.94	0.0014145	13.626	15.043	61.001	40.253	103.93	416.92	1.0277	58.540	0.076640	supercritical
70.000	22.800	707.44	0.0014136	13.621	15.040	60.985	40.250	103.83	417.42	1.0241	58.606	0.076700	supercritical
70.000	22.833	707.93	0.0014126	13.617	15.036	60.969	40.246	103.73	417.92	1.0205	58.673	0.076760	supercritical
70.000	22.867	708.42	0.0014116	13.612	15.033	60.952	40.243	103.63	418.41	1.0169	58.739	0.076819	supercritical
70.000	22.900	708.91	0.0014106	13.607	15.029	60.936	40.239	103.53	418.91	1.0133	58.806	0.076878	supercritical
70.000	22.933	709.40	0.0014096	13.603	15.026	60.920	40.236	103.43	419.41	1.0097	58.872	0.076938	supercritical
70.000	22.967	709.88	0.0014087	13.598	15.022	60.904	40.233	103.33	419.90	1.0062	58.938	0.076997	supercritical
70.000	23.000	710.37	0.0014077	13.594	15.019	60.888	40.229	103.24	420.39	1.0027	59.004	0.077056	supercritical
70.000	23.033	710.85	0.0014068	13.589	15.015	60.872	40.226	103.14	420.88	0.99919	59.070	0.077115	supercritical
70.000	23.067	711.33	0.0014058	13.585	15.012	60.856	40.223	103.04	421.38	0.99570	59.136	0.077173	supercritical
70.000	23.100	711.81	0.0014049	13.580	15.008	60.840	40.220	102.94	421.87	0.99224	59.201	0.077232	supercritical
70.000	23.133	712.29	0.0014039	13.576	15.005	60.824	40.216	102.85	422.36	0.98879	59.267	0.077291	supercritical
70.000	23.167	712.77	0.0014030	13.571	15.002	60.808	40.213	102.75	422.85	0.98535	59.332	0.077349	supercritical
70.000	23.200	713.24	0.0014020	13.567	14.998	60.792	40.210	102.65	423.33	0.98194	59.397	0.077408	supercritical
70.000	23.233	713.72	0.0014011	13.562	14.995	60.776	40.207	102.56	423.82	0.97854	59.462	0.077466	supercritical
70.000	23.267	714.19	0.0014002	13.558	14.992	60.761	40.204	102.47	424.31	0.97515	59.527	0.077524	supercritical
70.000	23.300	714.66	0.0013993	13.553	14.988	60.745	40.201	102.37	424.80	0.97179	59.592	0.077582	supercritical
70.000	23.333	715.13	0.0013983	13.549	14.985	60.729	40.198	102.28	425.28	0.96844	59.657	0.077640	supercritical
70.000	23.367	715.60	0.0013974	13.545	14.982	60.714	40.195	102.18	425.77	0.96511	59.721	0.077698	supercritical
70.000	23.400	716.07	0.0013965	13.540	14.978	60.698	40.191	102.09	426.25	0.96179	59.786	0.077756	supercritical
70.000	23.433	716.53	0.0013956	13.536	14.975	60.683	40.188	102.00	426.73	0.95849	59.850	0.077813	supercritical
70.000	23.467	717.00	0.0013947	13.531	14.972	60.667	40.185	101.91	427.22	0.95520	59.914	0.077871	supercritical
70.000	23.500	717.46	0.0013938	13.527	14.969	60.652	40.182	101.82	427.70	0.95193	59.978	0.077928	supercritical
70.000	23.533	717.92	0.0013929	13.523	14.965	60.637	40.179	101.72	428.18	0.94868	60.042	0.077985	supercritical
70.000	23.567	718.38	0.0013920	13.518	14.962	60.621	40.176	101.63	428.66	0.94544	60.106	0.078043	supercritical
70.000	23.600	718.84	0.0013911	13.514	14.959	60.606	40.174	101.54	429.14	0.94222	60.170	0.078100	supercritical
70.000	23.633	719.29	0.0013903	13.510	14.956	60.591	40.171	101.45	429.62	0.93901	60.234	0.078157	supercritical
70.000	23.667	719.75	0.0013894	13.505	14.953	60.576	40.168	101.36	430.10	0.93582	60.297	0.078214	supercritical
70.000	23.700	720.20	0.0013885	13.501	14.949	60.560	40.165	101.28	430.57	0.93265	60.360	0.078271	supercritical
70.000	23.733	720.66	0.0013876	13.497	14.946	60.545	40.162	101.19	431.05	0.92948	60.424	0.078327	supercritical
70.000	23.767	721.11	0.0013868	13.493	14.943	60.530	40.159	101.10	431.53	0.92634	60.487	0.078384	supercritical
70.000	23.800	721.56	0.0013859	13.488	14.940	60.515	40.156	101.01	432.00	0.92321	60.550	0.078441	supercritical
70.000	23.833	722.01	0.0013850	13.484	14.937	60.500	40.154	100.92	432.48	0.92009	60.613	0.078497	supercritical
70.000	23.867	722.45	0.0013842	13.480	14.934	60.485	40.151	100.84	432.95	0.91699	60.676	0.078553	supercritical
70.000	23.900	722.90	0.0013833	13.476	14.931	60.471	40.148	100.75	433.42	0.91390	60.738	0.078610	supercritical
70.000	23.933	723.34	0.0013825	13.472	14.928	60.456	40.145	100.66	433.89	0.91083	60.801	0.078666	supercritical
70.000	23.967	723.79	0.0013816	13.467	14.925	60.441	40.143	100.58	434.37	0.90777	60.864	0.078722	supercritical
70.000	24.000	724.23	0.0013808	13.463	14.922	60.426	40.140	100.49	434.84	0.90472	60.926	0.078778	supercritical
70.000	24.033	724.67	0.0013799	13.459	14.919	60.411	40.137	100.41	435.31	0.90169	60.988	0.078834	supercritical
70.000	24.067	725.11	0.0013791	13.455	14.916	60.397	40.134	100.32	435.78	0.89868	61.050	0.078889	supercritical
70.000	24.100	725.55	0.0013783	13.451	14.913	60.382	40.132	100.24	436.25	0.89568	61.112	0.078945	supercritical
70.000	24.133	725.98	0.0013774	13.447	14.910	60.368	40.129	100.16	436.71	0.89269	61.174	0.079001	supercritical
70.000	24.167	726.42	0.0013766	13.442	14.907	60.353	40.127	100.07	437.18	0.88971	61.236	0.079056	supercritical
70.000	24.200	726.85	0.0013758	13.438	14.904	60.338	40.124	99.990	437.65	0.88675	61.298	0.079112	supercritical
70.000	24.233	727.29	0.0013750	13.434	14.901	60.324	40.121	99.908	438.11	0.88381	61.359	0.079167	supercritical
70.000	24.267	727.72	0.0013742	13.430	14.898	60.310	40.119	99.826	438.58	0.88087	61.421	0.079222	supercritical
70.000	24.300	728.15	0.0013733	13.426	14.895	60.295	40.116	99.744	439.04	0.87795	61.482	0.079277	supercritical
70.000	24.333	728.58	0.0013725	13.422	14.892	60.281	40.114	99.662	439.51	0.87505	61.544	0.079332	supercritical
70.000	24.367	729.01	0.0013717	13.418	14.889	60.266	40.111	99.581	439.97	0.87215	61.605	0.079387	supercritical
70.000	24.400	729.43	0.0013709	13.414	14.886	60.252	40.109	99.500	440.43	0.86927	61.666	0.079442	supercritical
70.000	24.433	729.86	0.0013701	13.410	14.883	60.238	40.106	99.420	440.90	0.86640	61.727	0.079497	supercritical
70.000	24.467	730.28	0.0013693	13.406	14.880	60.224	40.104	99.340	441.36	0.86355	61.788	0.079551	supercritical
70.000	24.500	730.71	0.0013685	13.402	14.878	60.210	40.101	99.260	441.82	0.86071	61.849	0.079606	supercritical
70.000	24.533	731.13	0.0013677	13.398	14.875	60.195	40.099	99.181	442.28	0.85788	61.909	0.079660	supercritical
70.000	24.567	731.55	0.0013670	13.394	14.872	60.181	40.096	99.102	442.74	0.85506	61.970	0.079715	supercritical
70.000	24.600	731.97	0.0013662	13.390	14.869	60.167	40.094	99.024	443.19	0.85226	62.030	0.079769	supercritical
70.000	24.633	732.39	0.0013654	13.386	14.866	60.153	40.092	98.945	443.65	0.84947	62.091	0.079823	supercritical
70.000	24.667	732.81	0.0013646	13.382	14.863	60.139	40.089	98.868	444.11	0.84669	62.151	0.079878	supercritical
70.000	24.700	733.22	0.0013638	13.378	14.861	60.125	40.087	98.790	444.57	0.84392	62.211	0.079932	supercritical
70.000	24.733	733.64	0.0013631	13.374	14.858	60.111	40.085	98.713	445.02	0.84117	62.271	0.079986	supercritical
70.000	24.767	734.05	0.0013623	13.370	14.855	60.098	40.082	98.636	445.48	0.83843	62.331	0.080039	supercritical
70.000	24.800	734.46	0.0013615	13.366	14.852	60.084	40.080	98.560	445.93	0.83570	62.391	0.080093	supercritical
70.000	24.833	734.88	0.0013608	13.362	14.850	60.070	40.078	98.483	446.39	0.83298	62.451	0.080147	supercritical
70.000	24.867	735.29	0.0013600	13.359	14.847	60.056	40.075	98.408	446.84	0.83027	62.510	0.080201	supercritical
70.000	24.900	735.70	0.0013593	13.355	14.844	60.042	40.073	98.332	447.29	0.82758	62.570	0.080254	supercritical
70.000	24.933	736.10	0.0013585	13.351	14.841	60.029	40.071	98.257	447.74	0.82490	62.629	0.080308	supercritical
70.000	24.967	736.51	0.0013578	13.347	14.839	60.015	40.069	98.182	448.19	0.82223	62.689	0.080361	supercritical
70.000	25.000	736.92	0.0013570	13.343	14.836	60.001	40.067	98.108	448.64	0.81957	62.748	0.080414	supercritical
70.000	25.033	737.32	0.0013563	13.339	14.833	59.988	40.064	98.033	449.09	0.81692	62.807	0.080467	supercritical
70.000	25.067	737.73	0.0013555	13.335	14.831	59.974	40.062	97.959	449.54	0.81429	62.866	0.080520	supercritical
70.000	25.100	738.13	0.0013548	13.332	14.828	59.961	40.060	97.886	449.99	0.81166	62.925	0.080574	supercritical
70.000	25.133	738.53	0.0013540	13.328	14.825	59.947	40.058	97.813	450.44	0.80905	62.984	0.080626	supercritical
70.000	25.167	738.93	0.0013533	13.324	14.823	59.934	40.056	97.740	450.89	0.80645	63.043	0.080679	supercritical
70.000	25.200	739.33	0.0013526	13.320	14.820	59.920	40.054	97.667	451.33	0.80386	63.102	0.080732	supercritical
70.000	25.233	739.73	0.0013518	13.316	14.818	59.907	40.051	97.595	451.78	0.80128	63.160	0.080785	supercritical
70.000	25.267	740.13	0.0013511	13.313	14.815	59.894	40.049	97.523	452.23	0.79871	63.219	0.080837	supercritical
70.000	25.300	740.52	0.0013504	13.309	14.812	59.880	40.047	97.451	452.67	0.79615	63.277	0.080890	supercritical
70.000	25.333	740.92	0.0013497	13.305	14.810	59.867	40.045	97.380	453.12	0.79361	63.336	0.080942	supercritical
70.000	25.367	741.31	0.0013490	13.301	14.807	59.854	40.043	97.309	453.56	0.79107	63.394	0.080995	supercritical
70.000	25.400	741.71	0.0013482	13.298	14.805	59.841	40.041	97.238	454.00	0.78855	63.452	0.081047	supercritical
70.000	25.433	742.10	0.0013475	13.294	14.802	59.827	40.039	97.168	454.44	0.78603	63.510	0.081099	supercritical
70.000	25.467	742.49	0.0013468	13.290	14.800	59.814	40.037	97.098	454.89	0.78353	63.568	0.081151	supercritical
70.000	25.500	742.88	0.0013461	13.286	14.797	59.801	40.035	97.028	455.33	0.78104	63.626	0.081204	supercritical
70.000	25.533	743.27	0.0013454	13.283	14.795	59.788	40.033	96.958	455.77	0.77856	63.684	0.081256	supercritical
70.000	25.567	743.66	0.0013447	13.279	14.792	59.775	40.031	96.889	456.21	0.77608	63.741	0.081307	supercritical
70.000	25.600	744.04	0.0013440	13.275	14.790	59.762	40.029	96.820	456.65	0.77362	63.799	0.081359	supercritical
70.000	25.633	744.43	0.0013433	13.272	14.787	59.749	40.027	96.751	457.08	0.77117	63.857	0.081411	supercritical
70.000	25.667	744.82	0.0013426	13.268	14.785	59.736	40.025	96.683	457.52	0.76873	63.914	0.081463	supercritical
70.000	25.700	745.20	0.0013419	13.264	14.782	59.723	40.023	96.615	457.96	0.76630	63.971	0.081514	supercritical
70.000	25.733	745.58	0.0013412	13.261	14.780	59.710	40.021	96.547	458.40	0.76388	64.029	0.081566	supercritical
70.000	25.767	745.96	0.0013405	13.257	14.777	59.697	40.020	96.480	458.83	0.76147	64.086	0.081617	supercritical
70.000	25.800	746.35	0.0013399	13.253	14.775	59.684	40.018	96.412	459.27	0.75907	64.143	0.081669	supercritical
70.000	25.833	746.73	0.0013392	13.250	14.772	59.671	40.016	96.345	459.70	0.75668	64.200	0.081720	supercritical
70.000	25.867	747.11	0.0013385	13.246	14.770	59.659	40.014	96.279	460.14	0.75430	64.257	0.081771	supercritical
70.000	25.900	747.48	0.0013378	13.243	14.767	59.646	40.012	96.212	460.57	0.75193	64.314	0.081822	supercritical
70.000	25.933	747.86	0.0013371	13.239	14.765	59.633	40.010	96.146	461.00	0.74957	64.370	0.081873	supercritical
70.000	25.967	748.24	0.0013365	13.235	14.763	59.620	40.008	96.080	461.44	0.74722	64.427	0.081924	supercritical
70.000	26.000	748.61	0.0013358	13.232	14.760	59.608	40.007	96.015	461.87	0.74488	64.484	0.081975	supercritical
70.000	26.033	748.99	0.0013351	13.228	14.758	59.595	40.005	95.949	462.30	0.74254	64.540	0.082026	supercritical
70.000	26.067	749.36	0.0013345	13.225	14.756	59.582	40.003	95.884	462.73	0.74022	64.596	0.082077	supercritical
70.000	26.100	749.73	0.0013338	13.221	14.753	59.570	40.001	95.820	463.16	0.73791	64.653	0.082128	supercritical
70.000	26.133	750.11	0.0013331	13.218	14.751	59.557	40.000	95.755	463.59	0.73560	64.709	0.082178	supercritical
70.000	26.167	750.48	0.0013325	13.214	14.748	59.545	39.998	95.691	464.02	0.73331	64.765	0.082229	supercritical
70.000	26.200	750.85	0.0013318	13.210	14.746	59.532	39.996	95.627	464.45	0.73103	64.821	0.082279	supercritical
70.000	26.233	751.22	0.0013312	13.207	14.744	59.520	39.994	95.563	464.88	0.72875	64.877	0.082330	supercritical
70.000	26.267	751.58	0.0013305	13.203	14.741	59.507	39.993	95.500	465.30	0.72648	64.933	0.082380	supercritical
70.000	26.300	751.95	0.0013299	13.200	14.739	59.495	39.991	95.436	465.73	0.72423	64.989	0.082430	supercritical
70.000	26.333	752.32	0.0013292	13.196	14.737	59.483	39.989	95.374	466.15	0.72198	65.045	0.082480	supercritical
70.000	26.367	752.68	0.0013286	13.193	14.735	59.470	39.988	95.311	466.58	0.71974	65.100	0.082530	supercritical
70.000	26.400	753.05	0.0013279	13.189	14.732	59.458	39.986	95.248	467.01	0.71751	65.156	0.082580	supercritical
70.000	26.433	753.41	0.0013273	13.186	14.730	59.446	39.984	95.186	467.43	0.71529	65.212	0.082630	supercritical
70.000	26.467	753.77	0.0013267	13.182	14.728	59.433	39.983	95.124	467.85	0.71307	65.267	0.082680	supercritical
70.000	26.500	754.14	0.0013260	13.179	14.726	59.421	39.981	95.063	468.28	0.71087	65.322	0.082730	supercritical
70.000	26.533	754.50	0.0013254	13.176	14.723	59.409	39.979	95.001	468.70	0.70867	65.378	0.082780	supercritical
70.000	26.567	754.86	0.0013248	13.172	14.721	59.397	39.978	94.940	469.12	0.70649	65.433	0.082830	supercritical
70.000	26.600	755.22	0.0013241	13.169	14.719	59.385	39.976	94.879	469.54	0.70431	65.488	0.082879	supercritical
70.000	26.633	755.57	0.0013235	13.165	14.717	59.372	39.975	94.818	469.96	0.70214	65.543	0.082929	supercritical
70.000	26.667	755.93	0.0013229	13.162	14.714	59.360	39.973	94.758	470.38	0.69998	65.598	0.082978	supercritical
70.000	26.700	756.29	0.0013222	13.158	14.712	59.348	39.971	94.698	470.80	0.69783	65.653	0.083028	supercritical
70.000	26.733	756.64	0.0013216	13.155	14.710	59.336	39.970	94.638	471.22	0.69568	65.708	0.083077	supercritical
70.000	26.767	757.00	0.0013210	13.152	14.708	59.324	39.968	94.578	471.64	0.69355	65.762	0.083126	supercritical
70.000	26.800	757.35	0.0013204	13.148	14.706	59.312	39.967	94.518	472.06	0.69142	65.817	0.083176	supercritical
70.000	26.833	757.71	0.0013198	13.145	14.703	59.300	39.965	94.459	472.48	0.68930	65.872	0.083225	supercritical
70.000	26.867	758.06	0.0013192	13.141	14.701	59.288	39.964	94.400	472.89	0.68719	65.926	0.083274	supercritical
70.000	26.900	758.41	0.0013185	13.138	14.699	59.276	39.962	94.341	473.31	0.68509	65.980	0.083323	supercritical
70.000	26.933	758.76	0.0013179	13.135	14.697	59.264	39.961	94.283	473.73	0.68300	66.035	0.083372	supercritical
70.000	26.967	759.11	0.0013173	13.131	14.695	59.252	39.959	94.224	474.14	0.68091	66.089	0.083421	supercritical
70.000	27.000	759.46	0.0013167	13.128	14.693	59.241	39.958	94.166	474.56	0.67883	66.143	0.083469	supercritical
70.000	27.033	759.81	0.0013161	13.125	14.691	59.229	39.956	94.108	474.97	0.67676	66.197	0.083518	supercritical
70.000	27.067	760.16	0.0013155	13.121	14.688	59.217	39.955	94.051	475.38	0.67470	66.251	0.083567	supercritical
70.000	27.100	760.50	0.0013149	13.118	14.686	59.205	39.954	93.993	475.80	0.67265	66.305	0.083615	supercritical
70.000	27.133	760.85	0.0013143	13.115	14.684	59.193	39.952	93.936	476.21	0.67060	66.359	0.083664	supercritical
70.000	27.167	761.20	0.0013137	13.111	14.682	59.182	39.951	93.879	476.62	0.66856	66.413	0.083713	supercritical
70.000	27.200	761.54	0.0013131	13.108	14.680	59.170	39.949	93.822	477.03	0.66653	66.467	0.083761	supercritical
70.000	27.233	761.88	0.0013125	13.105	14.678	59.158	39.948	93.766	477.44	0.66451	66.521	0.083809	supercritical
70.000	27.267	762.23	0.0013119	13.102	14.676	59.147	39.947	93.710	477.85	0.66249	66.574	0.083858	supercritical
70.000	27.300	762.57	0.0013114	13.098	14.674	59.135	39.945	93.653	478.26	0.66049	66.628	0.083906	supercritical
70.000	27.333	762.91	0.0013108	13.095	14.672	59.123	39.944	93.598	478.67	0.65849	66.681	0.083954	supercritical
70.000	27.367	763.25	0.0013102	13.092	14.670	59.112	39.942	93.542	479.08	0.65650	66.735	0.084002	supercritical
70.000	27.400	763.59	0.0013096	13.088	14.668	59.100	39.941	93.486	479.49	0.65451	66.788	0.084050	supercritical
70.000	27.433	763.93	0.0013090	13.085	14.666	59.089	39.940	93.431	479.90	0.65253	66.841	0.084098	supercritical
70.000	27.467	764.27	0.0013084	13.082	14.664	59.077	39.938	93.376	480.31	0.65056	66.895	0.084146	supercritical
70.000	27.500	764.60	0.0013079	13.079	14.662	59.066	39.937	93.321	480.71	0.64860	66.948	0.084194	supercritical
70.000	27.533	764.94	0.0013073	13.075	14.660	59.054	39.936	93.267	481.12	0.64665	67.001	0.084242	supercritical
70.000	27.567	765.28	0.0013067	13.072	14.658	59.043	39.934	93.212	481.53	0.64470	67.054	0.084289	supercritical
70.000	27.600	765.61	0.0013061	13.069	14.656	59.032	39.933	93.158	481.93	0.64276	67.107	0.084337	supercritical
70.000	27.633	765.95	0.0013056	13.066	14.654	59.020	39.932	93.104	482.33	0.64082	67.159	0.084385	supercritical
70.000	27.667	766.28	0.0013050	13.063	14.652	59.009	39.931	93.050	482.74	0.63890	67.212	0.084432	supercritical
70.000	27.700	766.61	0.0013044	13.059	14.650	58.997	39.929	92.997	483.14	0.63698	67.265	0.084480	supercritical
70.000	27.733	766.95	0.0013039	13.056	14.648	58.986	39.928	92.943	483.55	0.63507	67.318	0.084527	supercritical
70.000	27.767	767.28	0.0013033	13.053	14.646	58.975	39.927	92.890	483.95	0.63316	67.370	0.084574	supercritical
70.000	27.800	767.61	0.0013027	13.050	14.644	58.964	39.926	92.837	484.35	0.63126	67.423	0.084622	supercritical
70.000	27.833	767.94	0.0013022	13.047	14.642	58.952	39.924	92.784	484.75	0.62937	67.475	0.084669	supercritical
70.000	27.867	768.27	0.0013016	13.043	14.640	58.941	39.923	92.732	485.15	0.62749	67.527	0.084716	supercritical
70.000	27.900	768.60	0.0013011	13.040	14.638	58.930	39.922	92.679	485.55	0.62561	67.580	0.084763	supercritical
70.000	27.933	768.92	0.0013005	13.037	14.636	58.919	39.921	92.627	485.95	0.62374	67.632	0.084810	supercritical
70.000	27.967	769.25	0.0013000	13.034	14.634	58.907	39.920	92.575	486.35	0.62188	67.684	0.084857	supercritical
70.000	28.000	769.58	0.0012994	13.031	14.632	58.896	39.918	92.523	486.75	0.62002	67.736	0.084904	supercritical
70.000	28.033	769.90	0.0012989	13.028	14.630	58.885	39.917	92.472	487.15	0.61817	67.788	0.084951	supercritical
70.000	28.067	770.23	0.0012983	13.025	14.628	58.874	39.916	92.420	487.55	0.61633	67.840	0.084998	supercritical
70.000	28.100	770.55	0.0012978	13.021	14.626	58.863	39.915	92.369	487.95	0.61449	67.892	0.085045	supercritical
70.000	28.133	770.88	0.0012972	13.018	14.624	58.852	39.914	92.318	488.34	0.61267	67.944	0.085091	supercritical
70.000	28.167	771.20	0.0012967	13.015	14.623	58.841	39.913	92.267	488.74	0.61084	67.996	0.085138	supercritical
70.000	28.200	771.52	0.0012961	13.012	14.621	58.830	39.911	92.217	489.14	0.60903	68.048	0.085184	supercritical
70.000	28.233	771.84	0.0012956	13.009	14.619	58.819	39.910	92.166	489.53	0.60722	68.099	0.085231	supercritical
70.000	28.267	772.16	0.0012951	13.006	14.617	58.808	39.909	92.116	489.93	0.60541	68.151	0.085277	supercritical
70.000	28.300	772.48	0.0012945	13.003	14.615	58.797	39.908	92.066	490.32	0.60362	68.202	0.085324	supercritical
70.000	28.333	772.80	0.0012940	13.000	14.613	58.786	39.907	92.016	490.72	0.60183	68.254	0.085370	supercritical
70.000	28.367	773.12	0.0012935	12.997	14.611	58.775	39.906	91.966	491.11	0.60004	68.305	0.085416	supercritical
70.000	28.400	773.44	0.0012929	12.994	14.610	58.764	39.905	91.916	491.50	0.59826	68.357	0.085463	supercritical
70.000	28.433	773.76	0.0012924	12.991	14.608	58.754	39.904	91.867	491.90	0.59649	68.408	0.085509	supercritical
70.000	28.467	774.07	0.0012919	12.987	14.606	58.743	39.903	91.818	492.29	0.59473	68.459	0.085555	supercritical
70.000	28.500	774.39	0.0012913	12.984	14.604	58.732	39.902	91.769	492.68	0.59297	68.510	0.085601	supercritical
70.000	28.533	774.71	0.0012908	12.981	14.602	58.721	39.901	91.720	493.07	0.59122	68.561	0.085647	supercritical
70.000	28.567	775.02	0.0012903	12.978	14.601	58.710	39.900	91.671	493.46	0.58947	68.612	0.085693	supercritical
70.000	28.600	775.33	0.0012898	12.975	14.599	58.700	39.899	91.623	493.85	0.58773	68.663	0.085739	supercritical
70.000	28.633	775.65	0.0012892	12.972	14.597	58.689	39.898	91.574	494.24	0.58600	68.714	0.085785	supercritical
70.000	28.667	775.96	0.0012887	12.969	14.595	58.678	39.896	91.526	494.63	0.58427	68.765	0.085830	supercritical
70.000	28.700	776.27	0.0012882	12.966	14.593	58.667	39.895	91.478	495.02	0.58255	68.816	0.085876	supercritical
70.000	28.733	776.59	0.0012877	12.963	14.592	58.657	39.894	91.430	495.41	0.58083	68.867	0.085922	supercritical
70.000	28.767	776.90	0.0012872	12.960	14.590	58.646	39.893	91.383	495.80	0.57912	68.917	0.085968	supercritical
70.000	28.800	777.21	0.0012867	12.957	14.588	58.635	39.892	91.335	496.18	0.57742	68.968	0.086013	supercritical
70.000	28.833	777.52	0.0012861	12.954	14.586	58.625	39.892	91.288	496.57	0.57572	69.018	0.086059	supercritical
70.000	28.867	777.83	0.0012856	12.951	14.585	58.614	39.891	91.241	496.96	0.57403	69.069	0.086104	supercritical
70.000	28.900	778.13	0.0012851	12.948	14.583	58.604	39.890	91.194	497.34	0.57234	69.119	0.086149	supercritical
70.000	28.933	778.44	0.0012846	12.945	14.581	58.593	39.889	91.147	497.73	0.57066	69.170	0.086195	supercritical
70.000	28.967	778.75	0.0012841	12.942	14.579	58.583	39.888	91.101	498.11	0.56899	69.220	0.086240	supercritical
70.000	29.000	779.05	0.0012836	12.939	14.578	58.572	39.887	91.054	498.50	0.56732	69.270	0.086285	supercritical
70.000	29.033	779.36	0.0012831	12.936	14.576	58.562	39.886	91.008	498.88	0.56565	69.320	0.086330	supercritical
70.000	29.067	779.67	0.0012826	12.933	14.574	58.551	39.885	90.962	499.27	0.56400	69.370	0.086376	supercritical
70.000	29.100	779.97	0.0012821	12.931	14.572	58.541	39.884	90.916	499.65	0.56235	69.421	0.086421	supercritical
70.000	29.133	780.27	0.0012816	12.928	14.571	58.530	39.883	90.870	500.03	0.56070	69.471	0.086466	supercritical
70.000	29.167	780.58	0.0012811	12.925	14.569	58.520	39.882	90.824	500.41	0.55906	69.520	0.086511	supercritical
70.000	29.200	780.88	0.0012806	12.922	14.567	58.509	39.881	90.779	500.80	0.55743	69.570	0.086556	supercritical
70.000	29.233	781.18	0.0012801	12.919	14.566	58.499	39.880	90.733	501.18	0.55580	69.620	0.086600	supercritical
70.000	29.267	781.49	0.0012796	12.916	14.564	58.489	39.879	90.688	501.56	0.55417	69.670	0.086645	supercritical
70.000	29.300	781.79	0.0012791	12.913	14.562	58.478	39.879	90.643	501.94	0.55256	69.720	0.086690	supercritical
70.000	29.333	782.09	0.0012786	12.910	14.561	58.468	39.878	90.598	502.32	0.55094	69.769	0.086735	supercritical
70.000	29.367	782.39	0.0012781	12.907	14.559	58.458	39.877	90.554	502.70	0.54934	69.819	0.086779	supercritical
70.000	29.400	782.69	0.0012777	12.904	14.557	58.447	39.876	90.509	503.08	0.54774	69.869	0.086824	supercritical
70.000	29.433	782.98	0.0012772	12.901	14.556	58.437	39.875	90.465	503.46	0.54614	69.918	0.086869	supercritical
70.000	29.467	783.28	0.0012767	12.898	14.554	58.427	39.874	90.420	503.83	0.54455	69.968	0.086913	supercritical
70.000	29.500	783.58	0.0012762	12.896	14.552	58.417	39.873	90.376	504.21	0.54296	70.017	0.086958	supercritical
70.000	29.533	783.88	0.0012757	12.893	14.551	58.406	39.873	90.332	504.59	0.54138	70.066	0.087002	supercritical
70.000	29.567	784.17	0.0012752	12.890	14.549	58.396	39.872	90.289	504.97	0.53981	70.116	0.087046	supercritical
70.000	29.600	784.47	0.0012747	12.887	14.548	58.386	39.871	90.245	505.34	0.53824	70.165	0.087091	supercritical
70.000	29.633	784.76	0.0012743	12.884	14.546	58.376	39.870	90.201	505.72	0.53668	70.214	0.087135	supercritical
70.000	29.667	785.06	0.0012738	12.881	14.544	58.366	39.869	90.158	506.09	0.53512	70.263	0.087179	supercritical
70.000	29.700	785.35	0.0012733	12.878	14.543	58.356	39.868	90.115	506.47	0.53356	70.312	0.087223	supercritical
70.000	29.733	785.65	0.0012728	12.876	14.541	58.346	39.868	90.072	506.84	0.53201	70.361	0.087267	supercritical
70.000	29.767	785.94	0.0012724	12.873	14.540	58.335	39.867	90.029	507.22	0.53047	70.410	0.087311	supercritical
70.000	29.800	786.23	0.0012719	12.870	14.538	58.325	39.866	89.986	507.59	0.52893	70.459	0.087355	supercritical
70.000	29.833	786.52	0.0012714	12.867	14.536	58.315	39.865	89.944	507.97	0.52740	70.508	0.087399	supercritical
70.000	29.867	786.81	0.0012709	12.864	14.535	58.305	39.865	89.901	508.34	0.52587	70.557	0.087443	supercritical
70.000	29.900	787.10	0.0012705	12.861	14.533	58.295	39.864	89.859	508.71	0.52435	70.605	0.087487	supercritical
70.000	29.933	787.39	0.0012700	12.859	14.532	58.285	39.863	89.817	509.08	0.52283	70.654	0.087531	supercritical
70.000	29.967	787.68	0.0012695	12.856	14.530	58.275	39.862	89.775	509.46	0.52132	70.703	0.087575	supercritical
70.000	30.000	787.97	0.0012691	12.853	14.529	58.265	39.862	89.733	509.83	0.51981	70.751	0.087618	supercritical
