Temperature (C)	Pressure (MPa)	Density (kg/m3)	Volume (m3/kg)	Internal Energy (kJ/mol)	Enthalpy (kJ/mol)	Entropy (J/mol*K)	Cv (J/mol*K)	Cp (J/mol*K)	Sound Spd. (m/s)	Joule-Thomson (K/MPa)	Viscosity (uPa*s)	Therm. Cond. (W/m*K)	Phase
80.000	10.000	221.60	0.0045126	18.736	20.722	80.908	38.027	81.740	251.63	5.9546	21.945	0.033366	supercritical
80.000	10.033	222.74	0.0044896	18.723	20.706	80.844	38.054	82.049	251.57	5.9433	21.983	0.033458	supercritical
80.000	10.067	223.88	0.0044668	18.710	20.689	80.779	38.081	82.360	251.52	5.9319	22.022	0.033551	supercritical
80.000	10.100	225.02	0.0044441	18.698	20.673	80.714	38.108	82.673	251.47	5.9205	22.060	0.033645	supercritical
80.000	10.133	226.16	0.0044216	18.685	20.657	80.650	38.135	82.987	251.42	5.9090	22.099	0.033739	supercritical
80.000	10.167	227.31	0.0043992	18.672	20.640	80.585	38.162	83.303	251.37	5.8974	22.138	0.033834	supercritical
80.000	10.200	228.47	0.0043770	18.659	20.624	80.520	38.189	83.621	251.33	5.8857	22.178	0.033929	supercritical
80.000	10.233	229.62	0.0043550	18.646	20.608	80.456	38.216	83.940	251.28	5.8740	22.218	0.034025	supercritical
80.000	10.267	230.78	0.0043331	18.633	20.591	80.391	38.242	84.261	251.24	5.8621	22.258	0.034121	supercritical
80.000	10.300	231.95	0.0043113	18.620	20.575	80.326	38.269	84.584	251.20	5.8503	22.298	0.034218	supercritical
80.000	10.333	233.12	0.0042896	18.607	20.558	80.262	38.296	84.908	251.16	5.8383	22.339	0.034316	supercritical
80.000	10.367	234.29	0.0042682	18.594	20.542	80.197	38.323	85.234	251.12	5.8262	22.380	0.034414	supercritical
80.000	10.400	235.47	0.0042468	18.581	20.525	80.133	38.349	85.561	251.08	5.8141	22.422	0.034513	supercritical
80.000	10.433	236.65	0.0042256	18.568	20.508	80.068	38.376	85.891	251.05	5.8019	22.463	0.034612	supercritical
80.000	10.467	237.84	0.0042045	18.555	20.492	80.004	38.403	86.222	251.01	5.7897	22.506	0.034711	supercritical
80.000	10.500	239.03	0.0041836	18.542	20.475	79.939	38.429	86.554	250.98	5.7773	22.548	0.034812	supercritical
80.000	10.533	240.22	0.0041628	18.529	20.459	79.874	38.456	86.888	250.95	5.7649	22.591	0.034912	supercritical
80.000	10.567	241.42	0.0041422	18.516	20.442	79.810	38.482	87.224	250.92	5.7524	22.634	0.035014	supercritical
80.000	10.600	242.62	0.0041216	18.502	20.425	79.745	38.509	87.561	250.89	5.7398	22.678	0.035116	supercritical
80.000	10.633	243.83	0.0041013	18.489	20.408	79.681	38.535	87.900	250.87	5.7272	22.721	0.035218	supercritical
80.000	10.667	245.04	0.0040810	18.476	20.391	79.616	38.562	88.240	250.84	5.7145	22.766	0.035321	supercritical
80.000	10.700	246.25	0.0040609	18.462	20.375	79.552	38.588	88.582	250.82	5.7017	22.810	0.035424	supercritical
80.000	10.733	247.47	0.0040409	18.449	20.358	79.487	38.614	88.925	250.80	5.6888	22.855	0.035529	supercritical
80.000	10.767	248.69	0.0040210	18.436	20.341	79.422	38.640	89.270	250.78	5.6758	22.900	0.035633	supercritical
80.000	10.800	249.92	0.0040013	18.422	20.324	79.358	38.667	89.616	250.76	5.6628	22.946	0.035738	supercritical
80.000	10.833	251.15	0.0039817	18.409	20.307	79.293	38.693	89.964	250.75	5.6497	22.992	0.035844	supercritical
80.000	10.867	252.39	0.0039622	18.395	20.290	79.229	38.719	90.313	250.73	5.6365	23.039	0.035950	supercritical
80.000	10.900	253.62	0.0039428	18.382	20.273	79.164	38.745	90.663	250.72	5.6232	23.085	0.036057	supercritical
80.000	10.933	254.87	0.0039236	18.368	20.256	79.100	38.771	91.015	250.71	5.6099	23.132	0.036164	supercritical
80.000	10.967	256.11	0.0039045	18.355	20.239	79.035	38.796	91.368	250.71	5.5965	23.180	0.036272	supercritical
80.000	11.000	257.36	0.0038855	18.341	20.222	78.971	38.822	91.723	250.70	5.5830	23.228	0.036380	supercritical
80.000	11.033	258.62	0.0038667	18.327	20.205	78.906	38.848	92.078	250.70	5.5694	23.276	0.036489	supercritical
80.000	11.067	259.88	0.0038479	18.314	20.188	78.842	38.874	92.435	250.69	5.5558	23.325	0.036598	supercritical
80.000	11.100	261.14	0.0038293	18.300	20.171	78.778	38.899	92.794	250.69	5.5421	23.374	0.036708	supercritical
80.000	11.133	262.41	0.0038108	18.286	20.154	78.713	38.925	93.153	250.70	5.5283	23.423	0.036818	supercritical
80.000	11.167	263.68	0.0037925	18.273	20.136	78.649	38.950	93.514	250.70	5.5144	23.473	0.036929	supercritical
80.000	11.200	264.96	0.0037742	18.259	20.119	78.584	38.975	93.875	250.71	5.5005	23.523	0.037040	supercritical
80.000	11.233	266.24	0.0037561	18.245	20.102	78.520	39.001	94.238	250.72	5.4865	23.574	0.037152	supercritical
80.000	11.267	267.52	0.0037381	18.231	20.085	78.455	39.026	94.602	250.73	5.4724	23.625	0.037264	supercritical
80.000	11.300	268.81	0.0037202	18.217	20.067	78.391	39.051	94.967	250.74	5.4583	23.676	0.037377	supercritical
80.000	11.333	270.10	0.0037024	18.204	20.050	78.327	39.076	95.333	250.75	5.4440	23.728	0.037490	supercritical
80.000	11.367	271.39	0.0036847	18.190	20.033	78.262	39.101	95.700	250.77	5.4297	23.780	0.037604	supercritical
80.000	11.400	272.69	0.0036671	18.176	20.016	78.198	39.126	96.068	250.79	5.4153	23.833	0.037718	supercritical
80.000	11.433	274.00	0.0036497	18.162	19.998	78.134	39.150	96.437	250.81	5.4009	23.886	0.037832	supercritical
80.000	11.467	275.30	0.0036324	18.148	19.981	78.069	39.175	96.806	250.83	5.3863	23.939	0.037947	supercritical
80.000	11.500	276.61	0.0036151	18.134	19.963	78.005	39.200	97.176	250.86	5.3717	23.993	0.038063	supercritical
80.000	11.533	277.93	0.0035980	18.120	19.946	77.941	39.224	97.547	250.89	5.3571	24.047	0.038179	supercritical
80.000	11.567	279.25	0.0035810	18.106	19.929	77.877	39.248	97.919	250.92	5.3423	24.102	0.038295	supercritical
80.000	11.600	280.57	0.0035642	18.092	19.911	77.812	39.272	98.292	250.95	5.3275	24.157	0.038412	supercritical
80.000	11.633	281.90	0.0035474	18.078	19.894	77.748	39.297	98.665	250.99	5.3126	24.213	0.038530	supercritical
80.000	11.667	283.23	0.0035307	18.063	19.876	77.684	39.321	99.038	251.02	5.2977	24.268	0.038647	supercritical
80.000	11.700	284.56	0.0035142	18.049	19.859	77.620	39.344	99.412	251.06	5.2826	24.325	0.038766	supercritical
80.000	11.733	285.90	0.0034977	18.035	19.841	77.556	39.368	99.787	251.11	5.2675	24.382	0.038884	supercritical
80.000	11.767	287.24	0.0034814	18.021	19.824	77.491	39.392	100.16	251.15	5.2524	24.439	0.039003	supercritical
80.000	11.800	288.59	0.0034652	18.007	19.806	77.427	39.415	100.54	251.20	5.2371	24.496	0.039122	supercritical
80.000	11.833	289.94	0.0034490	17.992	19.789	77.363	39.439	100.91	251.25	5.2218	24.554	0.039242	supercritical
80.000	11.867	291.29	0.0034330	17.978	19.771	77.299	39.462	101.29	251.30	5.2065	24.613	0.039362	supercritical
80.000	11.900	292.65	0.0034171	17.964	19.753	77.235	39.485	101.66	251.36	5.1910	24.672	0.039483	supercritical
80.000	11.933	294.01	0.0034013	17.950	19.736	77.171	39.508	102.04	251.41	5.1755	24.731	0.039604	supercritical
80.000	11.967	295.37	0.0033856	17.935	19.718	77.107	39.531	102.42	251.48	5.1599	24.791	0.039725	supercritical
80.000	12.000	296.74	0.0033700	17.921	19.701	77.043	39.553	102.79	251.54	5.1443	24.851	0.039847	supercritical
80.000	12.033	298.11	0.0033545	17.906	19.683	76.979	39.576	103.17	251.60	5.1286	24.912	0.039969	supercritical
80.000	12.067	299.48	0.0033391	17.892	19.665	76.916	39.598	103.54	251.67	5.1128	24.973	0.040091	supercritical
80.000	12.100	300.86	0.0033238	17.878	19.648	76.852	39.621	103.92	251.74	5.0970	25.035	0.040214	supercritical
80.000	12.133	302.24	0.0033086	17.863	19.630	76.788	39.643	104.30	251.82	5.0811	25.097	0.040337	supercritical
80.000	12.167	303.63	0.0032935	17.849	19.612	76.724	39.665	104.67	251.89	5.0652	25.159	0.040460	supercritical
80.000	12.200	305.01	0.0032785	17.834	19.595	76.660	39.687	105.05	251.97	5.0492	25.222	0.040583	supercritical
80.000	12.233	306.41	0.0032636	17.820	19.577	76.597	39.708	105.42	252.06	5.0331	25.285	0.040707	supercritical
80.000	12.267	307.80	0.0032489	17.805	19.559	76.533	39.730	105.79	252.14	5.0170	25.349	0.040831	supercritical
80.000	12.300	309.20	0.0032342	17.791	19.542	76.470	39.751	106.17	252.23	5.0008	25.413	0.040956	supercritical
80.000	12.333	310.60	0.0032196	17.776	19.524	76.406	39.772	106.54	252.32	4.9845	25.478	0.041081	supercritical
80.000	12.367	312.00	0.0032051	17.762	19.506	76.343	39.793	106.91	252.41	4.9682	25.543	0.041206	supercritical
80.000	12.400	313.41	0.0031907	17.747	19.488	76.279	39.814	107.28	252.51	4.9519	25.609	0.041331	supercritical
80.000	12.433	314.82	0.0031764	17.733	19.471	76.216	39.835	107.65	252.61	4.9354	25.675	0.041456	supercritical
80.000	12.467	316.23	0.0031622	17.718	19.453	76.152	39.855	108.02	252.71	4.9190	25.741	0.041582	supercritical
80.000	12.500	317.65	0.0031481	17.704	19.435	76.089	39.875	108.39	252.82	4.9024	25.808	0.041708	supercritical
80.000	12.533	319.07	0.0031341	17.689	19.418	76.026	39.895	108.75	252.93	4.8859	25.875	0.041834	supercritical
80.000	12.567	320.49	0.0031202	17.674	19.400	75.963	39.915	109.12	253.04	4.8692	25.943	0.041960	supercritical
80.000	12.600	321.92	0.0031064	17.660	19.382	75.900	39.935	109.48	253.15	4.8526	26.011	0.042087	supercritical
80.000	12.633	323.34	0.0030927	17.645	19.365	75.837	39.955	109.85	253.27	4.8358	26.080	0.042213	supercritical
80.000	12.667	324.77	0.0030791	17.630	19.347	75.774	39.974	110.21	253.39	4.8191	26.149	0.042340	supercritical
80.000	12.700	326.20	0.0030656	17.616	19.329	75.711	39.993	110.57	253.52	4.8022	26.219	0.042467	supercritical
80.000	12.733	327.64	0.0030521	17.601	19.311	75.648	40.012	110.93	253.64	4.7854	26.289	0.042594	supercritical
80.000	12.767	329.08	0.0030388	17.586	19.294	75.585	40.031	111.28	253.78	4.7685	26.359	0.042722	supercritical
80.000	12.800	330.52	0.0030256	17.572	19.276	75.523	40.050	111.64	253.91	4.7515	26.430	0.042849	supercritical
80.000	12.833	331.96	0.0030124	17.557	19.258	75.460	40.068	111.99	254.05	4.7345	26.502	0.042977	supercritical
80.000	12.867	333.40	0.0029994	17.542	19.241	75.398	40.086	112.34	254.19	4.7175	26.573	0.043104	supercritical
80.000	12.900	334.85	0.0029864	17.528	19.223	75.335	40.104	112.69	254.33	4.7004	26.646	0.043232	supercritical
80.000	12.933	336.30	0.0029735	17.513	19.205	75.273	40.122	113.04	254.48	4.6833	26.718	0.043360	supercritical
80.000	12.967	337.75	0.0029608	17.498	19.188	75.211	40.140	113.38	254.63	4.6661	26.792	0.043488	supercritical
80.000	13.000	339.21	0.0029481	17.483	19.170	75.148	40.157	113.72	254.78	4.6489	26.865	0.043616	supercritical
80.000	13.033	340.66	0.0029355	17.469	19.152	75.086	40.174	114.06	254.94	4.6317	26.939	0.043744	supercritical
80.000	13.067	342.12	0.0029230	17.454	19.135	75.024	40.191	114.40	255.10	4.6144	27.014	0.043872	supercritical
80.000	13.100	343.58	0.0029106	17.439	19.117	74.962	40.208	114.74	255.26	4.5971	27.089	0.044000	supercritical
80.000	13.133	345.04	0.0028982	17.425	19.100	74.900	40.224	115.07	255.43	4.5798	27.164	0.044128	supercritical
80.000	13.167	346.50	0.0028860	17.410	19.082	74.839	40.240	115.40	255.60	4.5624	27.240	0.044256	supercritical
80.000	13.200	347.96	0.0028739	17.395	19.065	74.777	40.257	115.73	255.77	4.5450	27.316	0.044385	supercritical
80.000	13.233	349.43	0.0028618	17.380	19.047	74.716	40.272	116.05	255.95	4.5276	27.393	0.044513	supercritical
80.000	13.267	350.90	0.0028498	17.366	19.030	74.654	40.288	116.37	256.13	4.5102	27.470	0.044641	supercritical
80.000	13.300	352.36	0.0028380	17.351	19.012	74.593	40.303	116.69	256.31	4.4927	27.547	0.044769	supercritical
80.000	13.333	353.83	0.0028262	17.336	18.995	74.532	40.319	117.01	256.50	4.4752	27.625	0.044897	supercritical
80.000	13.367	355.31	0.0028145	17.322	18.977	74.470	40.334	117.32	256.69	4.4577	27.703	0.045025	supercritical
80.000	13.400	356.78	0.0028029	17.307	18.960	74.409	40.348	117.63	256.89	4.4402	27.782	0.045153	supercritical
80.000	13.433	358.25	0.0027913	17.292	18.942	74.349	40.363	117.94	257.08	4.4227	27.861	0.045281	supercritical
80.000	13.467	359.72	0.0027799	17.277	18.925	74.288	40.377	118.24	257.28	4.4051	27.941	0.045409	supercritical
80.000	13.500	361.20	0.0027686	17.263	18.908	74.227	40.391	118.54	257.49	4.3875	28.021	0.045536	supercritical
80.000	13.533	362.68	0.0027573	17.248	18.890	74.167	40.405	118.83	257.70	4.3699	28.101	0.045664	supercritical
80.000	13.567	364.15	0.0027461	17.233	18.873	74.106	40.418	119.13	257.91	4.3523	28.182	0.045792	supercritical
80.000	13.600	365.63	0.0027350	17.219	18.856	74.046	40.432	119.41	258.12	4.3347	28.263	0.045919	supercritical
80.000	13.633	367.11	0.0027240	17.204	18.839	73.986	40.445	119.70	258.34	4.3171	28.345	0.046046	supercritical
80.000	13.667	368.59	0.0027131	17.190	18.821	73.926	40.458	119.98	258.57	4.2994	28.427	0.046174	supercritical
80.000	13.700	370.06	0.0027022	17.175	18.804	73.866	40.471	120.26	258.79	4.2818	28.509	0.046301	supercritical
80.000	13.733	371.54	0.0026915	17.160	18.787	73.806	40.483	120.53	259.02	4.2641	28.592	0.046427	supercritical
80.000	13.767	373.02	0.0026808	17.146	18.770	73.746	40.495	120.80	259.26	4.2465	28.675	0.046554	supercritical
80.000	13.800	374.50	0.0026702	17.131	18.753	73.687	40.507	121.07	259.49	4.2288	28.758	0.046681	supercritical
80.000	13.833	375.98	0.0026597	17.117	18.736	73.628	40.519	121.33	259.73	4.2112	28.842	0.046807	supercritical
80.000	13.867	377.46	0.0026493	17.102	18.719	73.568	40.530	121.59	259.98	4.1935	28.926	0.046933	supercritical
80.000	13.900	378.94	0.0026389	17.087	18.702	73.509	40.542	121.84	260.22	4.1758	29.011	0.047059	supercritical
80.000	13.933	380.42	0.0026287	17.073	18.685	73.450	40.553	122.09	260.47	4.1582	29.096	0.047185	supercritical
80.000	13.967	381.90	0.0026185	17.058	18.668	73.392	40.563	122.34	260.73	4.1405	29.181	0.047311	supercritical
80.000	14.000	383.38	0.0026084	17.044	18.651	73.333	40.574	122.58	260.99	4.1229	29.267	0.047436	supercritical
80.000	14.033	384.86	0.0025984	17.029	18.634	73.275	40.584	122.82	261.25	4.1052	29.353	0.047561	supercritical
80.000	14.067	386.33	0.0025884	17.015	18.617	73.216	40.594	123.05	261.51	4.0876	29.439	0.047686	supercritical
80.000	14.100	387.81	0.0025786	17.001	18.601	73.158	40.604	123.28	261.78	4.0700	29.526	0.047811	supercritical
80.000	14.133	389.29	0.0025688	16.986	18.584	73.100	40.614	123.50	262.06	4.0524	29.613	0.047935	supercritical
80.000	14.167	390.76	0.0025591	16.972	18.567	73.042	40.623	123.72	262.33	4.0348	29.701	0.048059	supercritical
80.000	14.200	392.24	0.0025495	16.957	18.551	72.985	40.633	123.94	262.61	4.0172	29.788	0.048183	supercritical
80.000	14.233	393.71	0.0025399	16.943	18.534	72.927	40.642	124.15	262.89	3.9996	29.876	0.048307	supercritical
80.000	14.267	395.18	0.0025305	16.929	18.518	72.870	40.650	124.35	263.18	3.9821	29.965	0.048430	supercritical
80.000	14.300	396.66	0.0025211	16.915	18.501	72.813	40.659	124.55	263.47	3.9646	30.053	0.048553	supercritical
80.000	14.333	398.13	0.0025118	16.900	18.485	72.756	40.667	124.75	263.76	3.9470	30.142	0.048676	supercritical
80.000	14.367	399.60	0.0025025	16.886	18.468	72.699	40.675	124.94	264.06	3.9296	30.231	0.048798	supercritical
80.000	14.400	401.06	0.0024934	16.872	18.452	72.642	40.683	125.13	264.36	3.9121	30.321	0.048921	supercritical
80.000	14.433	402.53	0.0024843	16.858	18.436	72.586	40.691	125.31	264.66	3.8946	30.411	0.049043	supercritical
80.000	14.467	403.99	0.0024753	16.843	18.419	72.529	40.698	125.49	264.97	3.8772	30.501	0.049164	supercritical
80.000	14.500	405.46	0.0024664	16.829	18.403	72.473	40.706	125.67	265.28	3.8598	30.591	0.049285	supercritical
80.000	14.533	406.92	0.0024575	16.815	18.387	72.417	40.713	125.83	265.60	3.8425	30.682	0.049406	supercritical
80.000	14.567	408.38	0.0024487	16.801	18.371	72.362	40.720	126.00	265.91	3.8251	30.773	0.049527	supercritical
80.000	14.600	409.84	0.0024400	16.787	18.355	72.306	40.726	126.16	266.24	3.8078	30.864	0.049647	supercritical
80.000	14.633	411.29	0.0024314	16.773	18.339	72.251	40.733	126.31	266.56	3.7906	30.956	0.049767	supercritical
80.000	14.667	412.75	0.0024228	16.759	18.323	72.195	40.739	126.46	266.89	3.7733	31.047	0.049887	supercritical
80.000	14.700	414.20	0.0024143	16.745	18.307	72.140	40.745	126.61	267.22	3.7561	31.139	0.050006	supercritical
80.000	14.733	415.65	0.0024059	16.731	18.291	72.086	40.751	126.75	267.55	3.7389	31.231	0.050125	supercritical
80.000	14.767	417.09	0.0023975	16.717	18.276	72.031	40.756	126.88	267.89	3.7218	31.324	0.050244	supercritical
80.000	14.800	418.54	0.0023893	16.704	18.260	71.977	40.762	127.01	268.23	3.7047	31.416	0.050362	supercritical
80.000	14.833	419.98	0.0023811	16.690	18.244	71.922	40.767	127.14	268.58	3.6876	31.509	0.050480	supercritical
80.000	14.867	421.42	0.0023729	16.676	18.229	71.868	40.772	127.26	268.92	3.6706	31.602	0.050598	supercritical
80.000	14.900	422.86	0.0023649	16.662	18.213	71.814	40.777	127.38	269.27	3.6536	31.695	0.050715	supercritical
80.000	14.933	424.29	0.0023569	16.649	18.198	71.761	40.781	127.49	269.63	3.6367	31.789	0.050832	supercritical
80.000	14.967	425.73	0.0023489	16.635	18.182	71.707	40.786	127.60	269.99	3.6198	31.883	0.050949	supercritical
80.000	15.000	427.15	0.0023411	16.621	18.167	71.654	40.790	127.70	270.35	3.6030	31.976	0.051065	supercritical
80.000	15.033	428.58	0.0023333	16.608	18.151	71.601	40.794	127.80	270.71	3.5861	32.071	0.051181	supercritical
80.000	15.067	430.00	0.0023256	16.594	18.136	71.548	40.798	127.89	271.08	3.5694	32.165	0.051296	supercritical
80.000	15.100	431.42	0.0023179	16.581	18.121	71.496	40.802	127.98	271.45	3.5527	32.259	0.051411	supercritical
80.000	15.133	432.84	0.0023103	16.567	18.106	71.443	40.805	128.07	271.82	3.5360	32.354	0.051526	supercritical
80.000	15.167	434.26	0.0023028	16.554	18.091	71.391	40.809	128.15	272.19	3.5194	32.448	0.051640	supercritical
80.000	15.200	435.67	0.0022953	16.540	18.076	71.339	40.812	128.22	272.57	3.5028	32.543	0.051754	supercritical
80.000	15.233	437.08	0.0022879	16.527	18.061	71.287	40.815	128.29	272.95	3.4863	32.638	0.051868	supercritical
80.000	15.267	438.48	0.0022806	16.514	18.046	71.235	40.818	128.36	273.34	3.4699	32.733	0.051981	supercritical
80.000	15.300	439.88	0.0022733	16.500	18.031	71.184	40.820	128.42	273.73	3.4534	32.829	0.052094	supercritical
80.000	15.333	441.28	0.0022661	16.487	18.016	71.133	40.823	128.48	274.12	3.4371	32.924	0.052206	supercritical
80.000	15.367	442.67	0.0022590	16.474	18.002	71.082	40.825	128.53	274.51	3.4208	33.020	0.052318	supercritical
80.000	15.400	444.06	0.0022519	16.461	17.987	71.031	40.828	128.58	274.91	3.4045	33.115	0.052430	supercritical
80.000	15.433	445.45	0.0022449	16.448	17.973	70.980	40.830	128.63	275.31	3.3883	33.211	0.052541	supercritical
80.000	15.467	446.84	0.0022380	16.435	17.958	70.930	40.832	128.67	275.71	3.3722	33.307	0.052652	supercritical
80.000	15.500	448.22	0.0022311	16.422	17.944	70.880	40.833	128.70	276.11	3.3561	33.403	0.052763	supercritical
80.000	15.533	449.59	0.0022242	16.409	17.929	70.830	40.835	128.73	276.52	3.3401	33.499	0.052873	supercritical
80.000	15.567	450.96	0.0022175	16.396	17.915	70.780	40.837	128.76	276.93	3.3242	33.595	0.052982	supercritical
80.000	15.600	452.33	0.0022108	16.383	17.901	70.731	40.838	128.79	277.34	3.3083	33.692	0.053092	supercritical
80.000	15.633	453.70	0.0022041	16.370	17.887	70.681	40.839	128.81	277.76	3.2924	33.788	0.053201	supercritical
80.000	15.667	455.06	0.0021975	16.357	17.872	70.632	40.840	128.82	278.18	3.2766	33.885	0.053310	supercritical
80.000	15.700	456.42	0.0021910	16.345	17.858	70.584	40.841	128.83	278.60	3.2609	33.981	0.053418	supercritical
80.000	15.733	457.77	0.0021845	16.332	17.844	70.535	40.842	128.84	279.02	3.2453	34.078	0.053526	supercritical
80.000	15.767	459.12	0.0021781	16.319	17.831	70.486	40.843	128.85	279.44	3.2297	34.174	0.053633	supercritical
80.000	15.800	460.46	0.0021717	16.307	17.817	70.438	40.843	128.85	279.87	3.2142	34.271	0.053741	supercritical
80.000	15.833	461.80	0.0021654	16.294	17.803	70.390	40.844	128.84	280.30	3.1987	34.368	0.053847	supercritical
80.000	15.867	463.14	0.0021592	16.282	17.789	70.342	40.844	128.83	280.74	3.1833	34.464	0.053954	supercritical
80.000	15.900	464.47	0.0021530	16.269	17.776	70.295	40.844	128.82	281.17	3.1680	34.561	0.054060	supercritical
80.000	15.933	465.80	0.0021469	16.257	17.762	70.248	40.844	128.81	281.61	3.1527	34.658	0.054166	supercritical
80.000	15.967	467.12	0.0021408	16.244	17.749	70.200	40.844	128.79	282.05	3.1375	34.755	0.054271	supercritical
80.000	16.000	468.44	0.0021347	16.232	17.735	70.153	40.844	128.77	282.49	3.1224	34.852	0.054376	supercritical
80.000	16.033	469.75	0.0021288	16.220	17.722	70.107	40.844	128.74	282.93	3.1073	34.949	0.054481	supercritical
80.000	16.067	471.06	0.0021229	16.207	17.708	70.060	40.844	128.72	283.38	3.0923	35.046	0.054585	supercritical
80.000	16.100	472.37	0.0021170	16.195	17.695	70.014	40.843	128.68	283.83	3.0774	35.142	0.054689	supercritical
80.000	16.133	473.67	0.0021112	16.183	17.682	69.968	40.843	128.65	284.28	3.0625	35.239	0.054792	supercritical
80.000	16.167	474.97	0.0021054	16.171	17.669	69.922	40.842	128.61	284.73	3.0477	35.336	0.054895	supercritical
80.000	16.200	476.26	0.0020997	16.159	17.656	69.876	40.841	128.57	285.19	3.0330	35.433	0.054998	supercritical
80.000	16.233	477.55	0.0020940	16.147	17.643	69.831	40.840	128.53	285.64	3.0183	35.530	0.055101	supercritical
80.000	16.267	478.83	0.0020884	16.135	17.630	69.786	40.840	128.48	286.10	3.0037	35.627	0.055203	supercritical
80.000	16.300	480.11	0.0020828	16.123	17.617	69.741	40.838	128.43	286.56	2.9892	35.724	0.055305	supercritical
80.000	16.333	481.39	0.0020773	16.111	17.604	69.696	40.837	128.37	287.03	2.9748	35.821	0.055406	supercritical
80.000	16.367	482.66	0.0020719	16.099	17.592	69.651	40.836	128.32	287.49	2.9604	35.918	0.055507	supercritical
80.000	16.400	483.92	0.0020665	16.088	17.579	69.607	40.835	128.26	287.96	2.9461	36.014	0.055608	supercritical
80.000	16.433	485.18	0.0020611	16.076	17.567	69.563	40.833	128.20	288.42	2.9319	36.111	0.055708	supercritical
80.000	16.467	486.44	0.0020558	16.064	17.554	69.519	40.832	128.13	288.89	2.9177	36.208	0.055808	supercritical
80.000	16.500	487.69	0.0020505	16.053	17.542	69.475	40.830	128.07	289.37	2.9036	36.304	0.055908	supercritical
80.000	16.533	488.93	0.0020453	16.041	17.529	69.432	40.829	128.00	289.84	2.8896	36.401	0.056008	supercritical
80.000	16.567	490.18	0.0020401	16.030	17.517	69.388	40.827	127.92	290.31	2.8757	36.498	0.056107	supercritical
80.000	16.600	491.41	0.0020350	16.018	17.505	69.345	40.825	127.85	290.79	2.8618	36.594	0.056205	supercritical
80.000	16.633	492.64	0.0020299	16.007	17.493	69.302	40.823	127.77	291.27	2.8480	36.691	0.056304	supercritical
80.000	16.667	493.87	0.0020248	15.995	17.480	69.260	40.821	127.69	291.75	2.8343	36.787	0.056402	supercritical
80.000	16.700	495.09	0.0020198	15.984	17.468	69.217	40.819	127.61	292.23	2.8207	36.883	0.056500	supercritical
80.000	16.733	496.31	0.0020149	15.973	17.457	69.175	40.817	127.53	292.71	2.8071	36.979	0.056597	supercritical
80.000	16.767	497.53	0.0020099	15.961	17.445	69.133	40.815	127.44	293.20	2.7936	37.076	0.056694	supercritical
80.000	16.800	498.73	0.0020051	15.950	17.433	69.091	40.813	127.35	293.68	2.7801	37.172	0.056791	supercritical
80.000	16.833	499.94	0.0020003	15.939	17.421	69.050	40.811	127.26	294.17	2.7668	37.268	0.056888	supercritical
80.000	16.867	501.14	0.0019955	15.928	17.409	69.008	40.808	127.17	294.66	2.7535	37.364	0.056984	supercritical
80.000	16.900	502.33	0.0019907	15.917	17.398	68.967	40.806	127.08	295.15	2.7403	37.459	0.057080	supercritical
80.000	16.933	503.52	0.0019860	15.906	17.386	68.926	40.804	126.98	295.64	2.7272	37.555	0.057175	supercritical
80.000	16.967	504.70	0.0019814	15.895	17.375	68.885	40.801	126.88	296.13	2.7141	37.651	0.057271	supercritical
80.000	17.000	505.88	0.0019767	15.884	17.363	68.844	40.799	126.78	296.63	2.7011	37.746	0.057366	supercritical
80.000	17.033	507.06	0.0019722	15.873	17.352	68.804	40.796	126.68	297.12	2.6882	37.842	0.057460	supercritical
80.000	17.067	508.23	0.0019676	15.863	17.340	68.764	40.793	126.58	297.62	2.6753	37.937	0.057555	supercritical
80.000	17.100	509.39	0.0019631	15.852	17.329	68.724	40.790	126.47	298.12	2.6626	38.032	0.057649	supercritical
80.000	17.133	510.55	0.0019587	15.841	17.318	68.684	40.788	126.37	298.62	2.6499	38.127	0.057743	supercritical
80.000	17.167	511.71	0.0019542	15.830	17.307	68.644	40.785	126.26	299.12	2.6372	38.222	0.057836	supercritical
80.000	17.200	512.86	0.0019498	15.820	17.296	68.605	40.782	126.15	299.62	2.6247	38.317	0.057930	supercritical
80.000	17.233	514.01	0.0019455	15.809	17.285	68.565	40.779	126.04	300.12	2.6122	38.412	0.058023	supercritical
80.000	17.267	515.15	0.0019412	15.799	17.274	68.526	40.776	125.93	300.62	2.5998	38.507	0.058115	supercritical
80.000	17.300	516.29	0.0019369	15.788	17.263	68.487	40.773	125.81	301.13	2.5874	38.601	0.058208	supercritical
80.000	17.333	517.42	0.0019327	15.778	17.252	68.449	40.770	125.70	301.63	2.5752	38.696	0.058300	supercritical
80.000	17.367	518.54	0.0019285	15.767	17.241	68.410	40.767	125.58	302.14	2.5630	38.790	0.058392	supercritical
80.000	17.400	519.67	0.0019243	15.757	17.231	68.372	40.764	125.47	302.64	2.5509	38.884	0.058483	supercritical
80.000	17.433	520.78	0.0019202	15.747	17.220	68.334	40.761	125.35	303.15	2.5388	38.978	0.058574	supercritical
80.000	17.467	521.90	0.0019161	15.737	17.209	68.296	40.757	125.23	303.66	2.5268	39.072	0.058665	supercritical
80.000	17.500	523.01	0.0019120	15.726	17.199	68.258	40.754	125.11	304.17	2.5149	39.166	0.058756	supercritical
80.000	17.533	524.11	0.0019080	15.716	17.188	68.221	40.751	124.98	304.68	2.5031	39.260	0.058847	supercritical
80.000	17.567	525.21	0.0019040	15.706	17.178	68.183	40.748	124.86	305.19	2.4913	39.353	0.058937	supercritical
80.000	17.600	526.30	0.0019000	15.696	17.168	68.146	40.744	124.74	305.70	2.4796	39.447	0.059027	supercritical
80.000	17.633	527.39	0.0018961	15.686	17.157	68.109	40.741	124.61	306.22	2.4680	39.540	0.059117	supercritical
80.000	17.667	528.48	0.0018922	15.676	17.147	68.072	40.738	124.49	306.73	2.4564	39.633	0.059206	supercritical
80.000	17.700	529.56	0.0018884	15.666	17.137	68.036	40.734	124.36	307.25	2.4449	39.726	0.059295	supercritical
80.000	17.733	530.63	0.0018845	15.656	17.127	67.999	40.731	124.23	307.76	2.4335	39.819	0.059384	supercritical
80.000	17.767	531.70	0.0018807	15.646	17.117	67.963	40.727	124.10	308.28	2.4221	39.911	0.059473	supercritical
80.000	17.800	532.77	0.0018770	15.637	17.107	67.927	40.724	123.97	308.79	2.4109	40.004	0.059561	supercritical
80.000	17.833	533.83	0.0018732	15.627	17.097	67.891	40.720	123.84	309.31	2.3996	40.096	0.059649	supercritical
80.000	17.867	534.89	0.0018695	15.617	17.087	67.855	40.717	123.71	309.83	2.3885	40.188	0.059737	supercritical
80.000	17.900	535.94	0.0018659	15.607	17.077	67.820	40.713	123.58	310.35	2.3774	40.280	0.059825	supercritical
80.000	17.933	536.99	0.0018622	15.598	17.068	67.784	40.709	123.45	310.87	2.3664	40.372	0.059912	supercritical
80.000	17.967	538.04	0.0018586	15.588	17.058	67.749	40.706	123.32	311.38	2.3555	40.464	0.060000	supercritical
80.000	18.000	539.07	0.0018550	15.579	17.048	67.714	40.702	123.18	311.90	2.3446	40.556	0.060086	supercritical
80.000	18.033	540.11	0.0018515	15.569	17.039	67.679	40.698	123.05	312.43	2.3338	40.647	0.060173	supercritical
80.000	18.067	541.14	0.0018480	15.560	17.029	67.644	40.695	122.92	312.95	2.3230	40.738	0.060260	supercritical
80.000	18.100	542.17	0.0018445	15.550	17.020	67.610	40.691	122.78	313.47	2.3123	40.829	0.060346	supercritical
80.000	18.133	543.19	0.0018410	15.541	17.010	67.576	40.687	122.65	313.99	2.3017	40.920	0.060432	supercritical
80.000	18.167	544.20	0.0018375	15.532	17.001	67.541	40.683	122.51	314.51	2.2912	41.011	0.060518	supercritical
80.000	18.200	545.22	0.0018341	15.522	16.991	67.507	40.680	122.37	315.04	2.2807	41.102	0.060603	supercritical
80.000	18.233	546.22	0.0018307	15.513	16.982	67.473	40.676	122.24	315.56	2.2702	41.192	0.060688	supercritical
80.000	18.267	547.23	0.0018274	15.504	16.973	67.440	40.672	122.10	316.08	2.2599	41.283	0.060773	supercritical
80.000	18.300	548.23	0.0018241	15.495	16.964	67.406	40.668	121.96	316.61	2.2496	41.373	0.060858	supercritical
80.000	18.333	549.22	0.0018208	15.486	16.955	67.373	40.664	121.83	317.13	2.2394	41.463	0.060943	supercritical
80.000	18.367	550.21	0.0018175	15.476	16.946	67.339	40.661	121.69	317.66	2.2292	41.553	0.061027	supercritical
80.000	18.400	551.20	0.0018142	15.467	16.936	67.306	40.657	121.55	318.18	2.2191	41.642	0.061111	supercritical
80.000	18.433	552.18	0.0018110	15.458	16.928	67.273	40.653	121.41	318.71	2.2090	41.732	0.061195	supercritical
80.000	18.467	553.16	0.0018078	15.449	16.919	67.241	40.649	121.27	319.23	2.1991	41.821	0.061279	supercritical
80.000	18.500	554.13	0.0018046	15.440	16.910	67.208	40.645	121.13	319.76	2.1891	41.910	0.061362	supercritical
80.000	18.533	555.10	0.0018015	15.432	16.901	67.176	40.641	120.99	320.28	2.1793	41.999	0.061445	supercritical
80.000	18.567	556.07	0.0017983	15.423	16.892	67.143	40.637	120.85	320.81	2.1695	42.088	0.061528	supercritical
80.000	18.600	557.03	0.0017952	15.414	16.883	67.111	40.633	120.72	321.34	2.1597	42.176	0.061611	supercritical
80.000	18.633	557.99	0.0017922	15.405	16.875	67.079	40.629	120.58	321.86	2.1501	42.265	0.061694	supercritical
80.000	18.667	558.94	0.0017891	15.396	16.866	67.047	40.626	120.44	322.39	2.1404	42.353	0.061776	supercritical
80.000	18.700	559.89	0.0017861	15.388	16.858	67.016	40.622	120.30	322.92	2.1309	42.441	0.061858	supercritical
80.000	18.733	560.83	0.0017831	15.379	16.849	66.984	40.618	120.16	323.44	2.1214	42.529	0.061940	supercritical
80.000	18.767	561.77	0.0017801	15.370	16.841	66.953	40.614	120.02	323.97	2.1119	42.617	0.062022	supercritical
80.000	18.800	562.71	0.0017771	15.362	16.832	66.922	40.610	119.88	324.50	2.1025	42.704	0.062103	supercritical
80.000	18.833	563.64	0.0017742	15.353	16.824	66.890	40.606	119.74	325.03	2.0932	42.792	0.062185	supercritical
80.000	18.867	564.57	0.0017713	15.345	16.815	66.859	40.602	119.60	325.56	2.0839	42.879	0.062266	supercritical
80.000	18.900	565.50	0.0017684	15.336	16.807	66.829	40.598	119.46	326.08	2.0747	42.966	0.062347	supercritical
80.000	18.933	566.42	0.0017655	15.328	16.799	66.798	40.594	119.32	326.61	2.0656	43.053	0.062427	supercritical
80.000	18.967	567.33	0.0017626	15.319	16.791	66.767	40.590	119.18	327.14	2.0565	43.140	0.062508	supercritical
80.000	19.000	568.24	0.0017598	15.311	16.783	66.737	40.586	119.03	327.67	2.0474	43.226	0.062588	supercritical
80.000	19.033	569.15	0.0017570	15.303	16.775	66.707	40.582	118.89	328.20	2.0384	43.313	0.062668	supercritical
80.000	19.067	570.06	0.0017542	15.294	16.766	66.677	40.578	118.75	328.72	2.0295	43.399	0.062748	supercritical
80.000	19.100	570.96	0.0017514	15.286	16.758	66.647	40.574	118.61	329.25	2.0206	43.485	0.062828	supercritical
80.000	19.133	571.86	0.0017487	15.278	16.750	66.617	40.570	118.48	329.78	2.0118	43.571	0.062907	supercritical
80.000	19.167	572.75	0.0017460	15.270	16.743	66.587	40.566	118.34	330.31	2.0030	43.656	0.062986	supercritical
80.000	19.200	573.64	0.0017433	15.262	16.735	66.558	40.562	118.20	330.84	1.9943	43.742	0.063066	supercritical
80.000	19.233	574.52	0.0017406	15.254	16.727	66.528	40.558	118.06	331.37	1.9857	43.827	0.063144	supercritical
80.000	19.267	575.41	0.0017379	15.245	16.719	66.499	40.554	117.92	331.89	1.9770	43.912	0.063223	supercritical
80.000	19.300	576.28	0.0017353	15.237	16.711	66.470	40.550	117.78	332.42	1.9685	43.997	0.063302	supercritical
80.000	19.333	577.16	0.0017326	15.229	16.704	66.441	40.546	117.64	332.95	1.9600	44.082	0.063380	supercritical
80.000	19.367	578.03	0.0017300	15.221	16.696	66.412	40.542	117.50	333.48	1.9515	44.166	0.063458	supercritical
80.000	19.400	578.90	0.0017274	15.213	16.688	66.383	40.538	117.36	334.00	1.9431	44.251	0.063536	supercritical
80.000	19.433	579.76	0.0017249	15.206	16.681	66.354	40.534	117.22	334.53	1.9348	44.335	0.063614	supercritical
80.000	19.467	580.62	0.0017223	15.198	16.673	66.326	40.530	117.08	335.06	1.9265	44.419	0.063691	supercritical
80.000	19.500	581.47	0.0017198	15.190	16.666	66.298	40.526	116.95	335.59	1.9182	44.503	0.063768	supercritical
80.000	19.533	582.33	0.0017173	15.182	16.658	66.269	40.523	116.81	336.11	1.9100	44.587	0.063846	supercritical
80.000	19.567	583.17	0.0017148	15.174	16.651	66.241	40.519	116.67	336.64	1.9019	44.670	0.063922	supercritical
80.000	19.600	584.02	0.0017123	15.166	16.643	66.213	40.515	116.53	337.17	1.8938	44.754	0.063999	supercritical
80.000	19.633	584.86	0.0017098	15.159	16.636	66.185	40.511	116.40	337.69	1.8857	44.837	0.064076	supercritical
80.000	19.667	585.70	0.0017074	15.151	16.629	66.158	40.507	116.26	338.22	1.8777	44.920	0.064152	supercritical
80.000	19.700	586.53	0.0017049	15.143	16.622	66.130	40.503	116.12	338.75	1.8698	45.003	0.064228	supercritical
80.000	19.733	587.37	0.0017025	15.136	16.614	66.102	40.499	115.99	339.27	1.8619	45.085	0.064304	supercritical
80.000	19.767	588.19	0.0017001	15.128	16.607	66.075	40.495	115.85	339.80	1.8540	45.168	0.064380	supercritical
80.000	19.800	589.02	0.0016977	15.121	16.600	66.048	40.491	115.71	340.32	1.8462	45.250	0.064456	supercritical
80.000	19.833	589.84	0.0016954	15.113	16.593	66.021	40.487	115.58	340.85	1.8385	45.332	0.064532	supercritical
80.000	19.867	590.66	0.0016930	15.106	16.586	65.994	40.483	115.44	341.38	1.8307	45.414	0.064607	supercritical
80.000	19.900	591.47	0.0016907	15.098	16.579	65.967	40.479	115.31	341.90	1.8231	45.496	0.064682	supercritical
80.000	19.933	592.28	0.0016884	15.091	16.572	65.940	40.476	115.17	342.43	1.8154	45.577	0.064757	supercritical
80.000	19.967	593.09	0.0016861	15.083	16.565	65.913	40.472	115.04	342.95	1.8079	45.659	0.064832	supercritical
80.000	20.000	593.89	0.0016838	15.076	16.558	65.887	40.468	114.90	343.47	1.8003	45.740	0.064906	supercritical
80.000	20.033	594.69	0.0016815	15.069	16.551	65.860	40.464	114.77	344.00	1.7929	45.821	0.064981	supercritical
80.000	20.067	595.49	0.0016793	15.061	16.544	65.834	40.460	114.64	344.52	1.7854	45.902	0.065055	supercritical
80.000	20.100	596.28	0.0016771	15.054	16.537	65.807	40.456	114.50	345.04	1.7780	45.983	0.065129	supercritical
80.000	20.133	597.07	0.0016748	15.047	16.531	65.781	40.452	114.37	345.57	1.7707	46.063	0.065203	supercritical
80.000	20.167	597.86	0.0016726	15.039	16.524	65.755	40.449	114.24	346.09	1.7634	46.144	0.065277	supercritical
80.000	20.200	598.65	0.0016704	15.032	16.517	65.729	40.445	114.11	346.61	1.7561	46.224	0.065350	supercritical
80.000	20.233	599.43	0.0016683	15.025	16.511	65.704	40.441	113.98	347.13	1.7489	46.304	0.065424	supercritical
80.000	20.267	600.21	0.0016661	15.018	16.504	65.678	40.437	113.85	347.66	1.7417	46.384	0.065497	supercritical
80.000	20.300	600.98	0.0016639	15.011	16.497	65.652	40.433	113.71	348.18	1.7346	46.464	0.065570	supercritical
80.000	20.333	601.75	0.0016618	15.004	16.491	65.627	40.430	113.58	348.70	1.7275	46.543	0.065643	supercritical
80.000	20.367	602.52	0.0016597	14.997	16.484	65.602	40.426	113.45	349.22	1.7204	46.623	0.065716	supercritical
80.000	20.400	603.29	0.0016576	14.990	16.478	65.576	40.422	113.32	349.74	1.7134	46.702	0.065788	supercritical
80.000	20.433	604.05	0.0016555	14.983	16.471	65.551	40.418	113.20	350.26	1.7065	46.781	0.065861	supercritical
80.000	20.467	604.81	0.0016534	14.976	16.465	65.526	40.415	113.07	350.78	1.6995	46.860	0.065933	supercritical
80.000	20.500	605.56	0.0016514	14.969	16.459	65.501	40.411	112.94	351.30	1.6926	46.938	0.066005	supercritical
80.000	20.533	606.32	0.0016493	14.962	16.452	65.476	40.407	112.81	351.81	1.6858	47.017	0.066077	supercritical
80.000	20.567	607.07	0.0016473	14.955	16.446	65.451	40.404	112.68	352.33	1.6790	47.095	0.066149	supercritical
80.000	20.600	607.82	0.0016452	14.948	16.440	65.427	40.400	112.55	352.85	1.6722	47.173	0.066221	supercritical
80.000	20.633	608.56	0.0016432	14.941	16.433	65.402	40.396	112.43	353.37	1.6655	47.251	0.066292	supercritical
80.000	20.667	609.30	0.0016412	14.934	16.427	65.378	40.393	112.30	353.88	1.6588	47.329	0.066363	supercritical
80.000	20.700	610.04	0.0016392	14.928	16.421	65.353	40.389	112.17	354.40	1.6522	47.407	0.066434	supercritical
80.000	20.733	610.78	0.0016373	14.921	16.415	65.329	40.385	112.05	354.92	1.6456	47.485	0.066505	supercritical
80.000	20.767	611.51	0.0016353	14.914	16.409	65.305	40.382	111.92	355.43	1.6390	47.562	0.066576	supercritical
80.000	20.800	612.24	0.0016334	14.907	16.402	65.281	40.378	111.80	355.95	1.6325	47.639	0.066647	supercritical
80.000	20.833	612.97	0.0016314	14.901	16.396	65.257	40.374	111.67	356.46	1.6260	47.716	0.066718	supercritical
80.000	20.867	613.69	0.0016295	14.894	16.390	65.233	40.371	111.55	356.98	1.6196	47.793	0.066788	supercritical
80.000	20.900	614.41	0.0016276	14.887	16.384	65.209	40.367	111.43	357.49	1.6131	47.870	0.066858	supercritical
80.000	20.933	615.13	0.0016257	14.881	16.378	65.186	40.364	111.30	358.00	1.6068	47.946	0.066928	supercritical
80.000	20.967	615.84	0.0016238	14.874	16.372	65.162	40.360	111.18	358.52	1.6004	48.023	0.066998	supercritical
80.000	21.000	616.56	0.0016219	14.868	16.367	65.139	40.357	111.06	359.03	1.5941	48.099	0.067068	supercritical
80.000	21.033	617.27	0.0016200	14.861	16.361	65.115	40.353	110.94	359.54	1.5879	48.175	0.067137	supercritical
80.000	21.067	617.98	0.0016182	14.855	16.355	65.092	40.350	110.82	360.05	1.5816	48.251	0.067207	supercritical
80.000	21.100	618.68	0.0016163	14.848	16.349	65.069	40.346	110.69	360.56	1.5754	48.327	0.067276	supercritical
80.000	21.133	619.38	0.0016145	14.842	16.343	65.046	40.343	110.57	361.07	1.5693	48.402	0.067345	supercritical
80.000	21.167	620.08	0.0016127	14.835	16.337	65.023	40.339	110.45	361.58	1.5631	48.478	0.067414	supercritical
80.000	21.200	620.78	0.0016109	14.829	16.332	65.000	40.336	110.33	362.09	1.5571	48.553	0.067483	supercritical
80.000	21.233	621.47	0.0016091	14.822	16.326	64.977	40.332	110.22	362.60	1.5510	48.628	0.067552	supercritical
80.000	21.267	622.16	0.0016073	14.816	16.320	64.954	40.329	110.10	363.11	1.5450	48.703	0.067621	supercritical
80.000	21.300	622.85	0.0016055	14.810	16.315	64.931	40.325	109.98	363.62	1.5390	48.778	0.067689	supercritical
80.000	21.333	623.54	0.0016037	14.803	16.309	64.909	40.322	109.86	364.13	1.5331	48.853	0.067757	supercritical
80.000	21.367	624.22	0.0016020	14.797	16.303	64.886	40.318	109.74	364.63	1.5271	48.927	0.067826	supercritical
80.000	21.400	624.90	0.0016002	14.791	16.298	64.864	40.315	109.63	365.14	1.5213	49.002	0.067894	supercritical
80.000	21.433	625.58	0.0015985	14.784	16.292	64.841	40.312	109.51	365.65	1.5154	49.076	0.067961	supercritical
80.000	21.467	626.26	0.0015968	14.778	16.287	64.819	40.308	109.39	366.15	1.5096	49.150	0.068029	supercritical
80.000	21.500	626.93	0.0015951	14.772	16.281	64.797	40.305	109.28	366.66	1.5038	49.224	0.068097	supercritical
80.000	21.533	627.60	0.0015934	14.766	16.276	64.775	40.302	109.16	367.16	1.4981	49.298	0.068164	supercritical
80.000	21.567	628.27	0.0015917	14.760	16.270	64.753	40.298	109.05	367.66	1.4923	49.371	0.068232	supercritical
80.000	21.600	628.94	0.0015900	14.753	16.265	64.731	40.295	108.93	368.17	1.4866	49.445	0.068299	supercritical
80.000	21.633	629.60	0.0015883	14.747	16.260	64.709	40.292	108.82	368.67	1.4810	49.518	0.068366	supercritical
80.000	21.667	630.26	0.0015866	14.741	16.254	64.687	40.288	108.71	369.17	1.4754	49.591	0.068433	supercritical
80.000	21.700	630.92	0.0015850	14.735	16.249	64.666	40.285	108.59	369.67	1.4698	49.664	0.068499	supercritical
80.000	21.733	631.58	0.0015833	14.729	16.244	64.644	40.282	108.48	370.18	1.4642	49.737	0.068566	supercritical
80.000	21.767	632.23	0.0015817	14.723	16.238	64.622	40.278	108.37	370.68	1.4587	49.810	0.068633	supercritical
80.000	21.800	632.88	0.0015801	14.717	16.233	64.601	40.275	108.26	371.18	1.4532	49.882	0.068699	supercritical
80.000	21.833	633.53	0.0015785	14.711	16.228	64.580	40.272	108.14	371.68	1.4477	49.955	0.068765	supercritical
80.000	21.867	634.18	0.0015768	14.705	16.223	64.558	40.269	108.03	372.17	1.4423	50.027	0.068831	supercritical
80.000	21.900	634.82	0.0015752	14.699	16.217	64.537	40.266	107.92	372.67	1.4369	50.099	0.068897	supercritical
80.000	21.933	635.47	0.0015736	14.693	16.212	64.516	40.262	107.81	373.17	1.4315	50.171	0.068963	supercritical
80.000	21.967	636.11	0.0015721	14.687	16.207	64.495	40.259	107.70	373.67	1.4262	50.243	0.069029	supercritical
80.000	22.000	636.74	0.0015705	14.681	16.202	64.474	40.256	107.59	374.17	1.4208	50.315	0.069094	supercritical
80.000	22.033	637.38	0.0015689	14.676	16.197	64.453	40.253	107.49	374.66	1.4156	50.386	0.069160	supercritical
80.000	22.067	638.01	0.0015674	14.670	16.192	64.432	40.250	107.38	375.16	1.4103	50.458	0.069225	supercritical
80.000	22.100	638.64	0.0015658	14.664	16.187	64.411	40.247	107.27	375.65	1.4051	50.529	0.069290	supercritical
80.000	22.133	639.27	0.0015643	14.658	16.182	64.391	40.244	107.16	376.15	1.3999	50.600	0.069355	supercritical
80.000	22.167	639.90	0.0015628	14.652	16.177	64.370	40.241	107.06	376.64	1.3947	50.671	0.069420	supercritical
80.000	22.200	640.52	0.0015612	14.647	16.172	64.350	40.237	106.95	377.13	1.3895	50.742	0.069485	supercritical
80.000	22.233	641.14	0.0015597	14.641	16.167	64.329	40.234	106.84	377.63	1.3844	50.812	0.069550	supercritical
80.000	22.267	641.76	0.0015582	14.635	16.162	64.309	40.231	106.74	378.12	1.3793	50.883	0.069614	supercritical
80.000	22.300	642.38	0.0015567	14.629	16.157	64.288	40.228	106.63	378.61	1.3743	50.953	0.069679	supercritical
80.000	22.333	642.99	0.0015552	14.624	16.152	64.268	40.225	106.53	379.10	1.3692	51.024	0.069743	supercritical
80.000	22.367	643.61	0.0015537	14.618	16.147	64.248	40.222	106.42	379.59	1.3642	51.094	0.069807	supercritical
80.000	22.400	644.22	0.0015523	14.612	16.143	64.228	40.219	106.32	380.08	1.3592	51.164	0.069871	supercritical
80.000	22.433	644.83	0.0015508	14.607	16.138	64.208	40.216	106.21	380.57	1.3543	51.234	0.069935	supercritical
80.000	22.467	645.43	0.0015493	14.601	16.133	64.188	40.213	106.11	381.06	1.3493	51.303	0.069999	supercritical
80.000	22.500	646.04	0.0015479	14.595	16.128	64.168	40.210	106.01	381.55	1.3444	51.373	0.070062	supercritical
80.000	22.533	646.64	0.0015465	14.590	16.123	64.148	40.207	105.91	382.04	1.3396	51.443	0.070126	supercritical
80.000	22.567	647.24	0.0015450	14.584	16.119	64.128	40.204	105.80	382.52	1.3347	51.512	0.070189	supercritical
80.000	22.600	647.84	0.0015436	14.579	16.114	64.108	40.202	105.70	383.01	1.3299	51.581	0.070253	supercritical
80.000	22.633	648.44	0.0015422	14.573	16.109	64.089	40.199	105.60	383.50	1.3251	51.650	0.070316	supercritical
80.000	22.667	649.03	0.0015408	14.568	16.105	64.069	40.196	105.50	383.98	1.3203	51.719	0.070379	supercritical
80.000	22.700	649.62	0.0015394	14.562	16.100	64.050	40.193	105.40	384.47	1.3156	51.788	0.070442	supercritical
80.000	22.733	650.21	0.0015380	14.557	16.095	64.030	40.190	105.30	384.95	1.3108	51.857	0.070505	supercritical
80.000	22.767	650.80	0.0015366	14.551	16.091	64.011	40.187	105.20	385.44	1.3061	51.925	0.070567	supercritical
80.000	22.800	651.39	0.0015352	14.546	16.086	63.992	40.184	105.10	385.92	1.3015	51.993	0.070630	supercritical
80.000	22.833	651.97	0.0015338	14.540	16.082	63.972	40.182	105.00	386.40	1.2968	52.062	0.070693	supercritical
80.000	22.867	652.56	0.0015324	14.535	16.077	63.953	40.179	104.90	386.88	1.2922	52.130	0.070755	supercritical
80.000	22.900	653.14	0.0015311	14.530	16.073	63.934	40.176	104.81	387.37	1.2876	52.198	0.070817	supercritical
80.000	22.933	653.72	0.0015297	14.524	16.068	63.915	40.173	104.71	387.85	1.2830	52.266	0.070879	supercritical
80.000	22.967	654.29	0.0015284	14.519	16.064	63.896	40.170	104.61	388.33	1.2785	52.334	0.070941	supercritical
80.000	23.000	654.87	0.0015270	14.514	16.059	63.877	40.168	104.52	388.81	1.2739	52.401	0.071003	supercritical
80.000	23.033	655.44	0.0015257	14.508	16.055	63.858	40.165	104.42	389.29	1.2694	52.469	0.071065	supercritical
80.000	23.067	656.01	0.0015244	14.503	16.050	63.839	40.162	104.32	389.76	1.2649	52.536	0.071127	supercritical
80.000	23.100	656.58	0.0015230	14.498	16.046	63.820	40.159	104.23	390.24	1.2605	52.603	0.071188	supercritical
80.000	23.133	657.15	0.0015217	14.492	16.042	63.802	40.157	104.13	390.72	1.2560	52.670	0.071250	supercritical
80.000	23.167	657.71	0.0015204	14.487	16.037	63.783	40.154	104.04	391.20	1.2516	52.737	0.071311	supercritical
80.000	23.200	658.27	0.0015191	14.482	16.033	63.765	40.151	103.94	391.67	1.2472	52.804	0.071372	supercritical
80.000	23.233	658.84	0.0015178	14.477	16.029	63.746	40.149	103.85	392.15	1.2428	52.871	0.071433	supercritical
80.000	23.267	659.40	0.0015165	14.472	16.024	63.728	40.146	103.76	392.63	1.2385	52.938	0.071494	supercritical
80.000	23.300	659.95	0.0015153	14.466	16.020	63.709	40.143	103.66	393.10	1.2342	53.004	0.071555	supercritical
80.000	23.333	660.51	0.0015140	14.461	16.016	63.691	40.141	103.57	393.57	1.2299	53.071	0.071616	supercritical
80.000	23.367	661.06	0.0015127	14.456	16.012	63.673	40.138	103.48	394.05	1.2256	53.137	0.071676	supercritical
80.000	23.400	661.62	0.0015114	14.451	16.007	63.654	40.136	103.38	394.52	1.2213	53.203	0.071737	supercritical
80.000	23.433	662.17	0.0015102	14.446	16.003	63.636	40.133	103.29	394.99	1.2171	53.269	0.071797	supercritical
80.000	23.467	662.72	0.0015089	14.441	15.999	63.618	40.131	103.20	395.46	1.2128	53.335	0.071858	supercritical
80.000	23.500	663.26	0.0015077	14.436	15.995	63.600	40.128	103.11	395.94	1.2086	53.401	0.071918	supercritical
80.000	23.533	663.81	0.0015065	14.431	15.991	63.582	40.125	103.02	396.41	1.2045	53.466	0.071978	supercritical
80.000	23.567	664.35	0.0015052	14.425	15.987	63.564	40.123	102.93	396.88	1.2003	53.532	0.072038	supercritical
80.000	23.600	664.90	0.0015040	14.420	15.983	63.546	40.120	102.84	397.35	1.1962	53.597	0.072098	supercritical
80.000	23.633	665.44	0.0015028	14.415	15.978	63.528	40.118	102.75	397.82	1.1920	53.663	0.072158	supercritical
80.000	23.667	665.97	0.0015016	14.410	15.974	63.511	40.115	102.66	398.28	1.1879	53.728	0.072217	supercritical
80.000	23.700	666.51	0.0015003	14.405	15.970	63.493	40.113	102.57	398.75	1.1839	53.793	0.072277	supercritical
80.000	23.733	667.05	0.0014991	14.400	15.966	63.475	40.110	102.48	399.22	1.1798	53.858	0.072336	supercritical
80.000	23.767	667.58	0.0014979	14.395	15.962	63.458	40.108	102.39	399.69	1.1758	53.923	0.072396	supercritical
80.000	23.800	668.11	0.0014968	14.390	15.958	63.440	40.106	102.31	400.15	1.1718	53.987	0.072455	supercritical
80.000	23.833	668.64	0.0014956	14.386	15.954	63.422	40.103	102.22	400.62	1.1678	54.052	0.072514	supercritical
80.000	23.867	669.17	0.0014944	14.381	15.950	63.405	40.101	102.13	401.08	1.1638	54.116	0.072573	supercritical
80.000	23.900	669.70	0.0014932	14.376	15.946	63.388	40.098	102.05	401.55	1.1598	54.181	0.072632	supercritical
80.000	23.933	670.22	0.0014920	14.371	15.942	63.370	40.096	101.96	402.01	1.1559	54.245	0.072691	supercritical
80.000	23.967	670.75	0.0014909	14.366	15.938	63.353	40.094	101.87	402.47	1.1520	54.309	0.072750	supercritical
80.000	24.000	671.27	0.0014897	14.361	15.935	63.336	40.091	101.79	402.94	1.1481	54.373	0.072808	supercritical
80.000	24.033	671.79	0.0014886	14.356	15.931	63.319	40.089	101.70	403.40	1.1442	54.437	0.072867	supercritical
80.000	24.067	672.31	0.0014874	14.351	15.927	63.301	40.086	101.62	403.86	1.1403	54.501	0.072925	supercritical
80.000	24.100	672.83	0.0014863	14.347	15.923	63.284	40.084	101.53	404.32	1.1365	54.565	0.072984	supercritical
80.000	24.133	673.34	0.0014851	14.342	15.919	63.267	40.082	101.45	404.78	1.1326	54.628	0.073042	supercritical
80.000	24.167	673.86	0.0014840	14.337	15.915	63.250	40.080	101.36	405.24	1.1288	54.692	0.073100	supercritical
80.000	24.200	674.37	0.0014829	14.332	15.911	63.233	40.077	101.28	405.70	1.1250	54.755	0.073158	supercritical
80.000	24.233	674.88	0.0014817	14.327	15.908	63.216	40.075	101.20	406.16	1.1213	54.818	0.073216	supercritical
80.000	24.267	675.39	0.0014806	14.323	15.904	63.200	40.073	101.11	406.62	1.1175	54.882	0.073274	supercritical
80.000	24.300	675.90	0.0014795	14.318	15.900	63.183	40.070	101.03	407.08	1.1138	54.945	0.073332	supercritical
80.000	24.333	676.40	0.0014784	14.313	15.896	63.166	40.068	100.95	407.54	1.1100	55.008	0.073389	supercritical
80.000	24.367	676.91	0.0014773	14.308	15.893	63.149	40.066	100.87	407.99	1.1063	55.070	0.073447	supercritical
80.000	24.400	677.41	0.0014762	14.304	15.889	63.133	40.064	100.78	408.45	1.1026	55.133	0.073504	supercritical
80.000	24.433	677.91	0.0014751	14.299	15.885	63.116	40.061	100.70	408.90	1.0990	55.196	0.073562	supercritical
80.000	24.467	678.41	0.0014740	14.294	15.882	63.100	40.059	100.62	409.36	1.0953	55.258	0.073619	supercritical
80.000	24.500	678.91	0.0014729	14.290	15.878	63.083	40.057	100.54	409.81	1.0917	55.321	0.073676	supercritical
80.000	24.533	679.41	0.0014719	14.285	15.874	63.067	40.055	100.46	410.27	1.0881	55.383	0.073733	supercritical
80.000	24.567	679.91	0.0014708	14.280	15.871	63.050	40.053	100.38	410.72	1.0845	55.445	0.073790	supercritical
80.000	24.600	680.40	0.0014697	14.276	15.867	63.034	40.051	100.30	411.18	1.0809	55.507	0.073847	supercritical
80.000	24.633	680.89	0.0014687	14.271	15.863	63.018	40.048	100.22	411.63	1.0773	55.569	0.073904	supercritical
80.000	24.667	681.38	0.0014676	14.267	15.860	63.001	40.046	100.14	412.08	1.0738	55.631	0.073960	supercritical
80.000	24.700	681.87	0.0014665	14.262	15.856	62.985	40.044	100.06	412.53	1.0702	55.693	0.074017	supercritical
80.000	24.733	682.36	0.0014655	14.257	15.853	62.969	40.042	99.984	412.98	1.0667	55.754	0.074073	supercritical
80.000	24.767	682.85	0.0014644	14.253	15.849	62.953	40.040	99.905	413.43	1.0632	55.816	0.074130	supercritical
80.000	24.800	683.34	0.0014634	14.248	15.846	62.937	40.038	99.827	413.88	1.0597	55.877	0.074186	supercritical
80.000	24.833	683.82	0.0014624	14.244	15.842	62.921	40.036	99.749	414.33	1.0563	55.939	0.074242	supercritical
80.000	24.867	684.30	0.0014613	14.239	15.839	62.905	40.034	99.672	414.78	1.0528	56.000	0.074298	supercritical
80.000	24.900	684.79	0.0014603	14.235	15.835	62.889	40.032	99.595	415.23	1.0494	56.061	0.074355	supercritical
80.000	24.933	685.27	0.0014593	14.230	15.832	62.873	40.030	99.518	415.68	1.0459	56.122	0.074410	supercritical
80.000	24.967	685.74	0.0014583	14.226	15.828	62.857	40.028	99.441	416.12	1.0425	56.183	0.074466	supercritical
80.000	25.000	686.22	0.0014573	14.221	15.825	62.841	40.026	99.365	416.57	1.0391	56.244	0.074522	supercritical
80.000	25.033	686.70	0.0014562	14.217	15.821	62.825	40.024	99.289	417.01	1.0358	56.305	0.074578	supercritical
80.000	25.067	687.17	0.0014552	14.212	15.818	62.810	40.022	99.213	417.46	1.0324	56.366	0.074633	supercritical
80.000	25.100	687.65	0.0014542	14.208	15.814	62.794	40.020	99.138	417.91	1.0290	56.426	0.074689	supercritical
80.000	25.133	688.12	0.0014532	14.204	15.811	62.778	40.018	99.063	418.35	1.0257	56.487	0.074744	supercritical
80.000	25.167	688.59	0.0014522	14.199	15.808	62.763	40.016	98.988	418.79	1.0224	56.547	0.074799	supercritical
80.000	25.200	689.06	0.0014513	14.195	15.804	62.747	40.014	98.913	419.24	1.0191	56.607	0.074855	supercritical
80.000	25.233	689.53	0.0014503	14.190	15.801	62.732	40.012	98.839	419.68	1.0158	56.667	0.074910	supercritical
80.000	25.267	689.99	0.0014493	14.186	15.798	62.716	40.010	98.765	420.12	1.0125	56.727	0.074965	supercritical
80.000	25.300	690.46	0.0014483	14.182	15.794	62.701	40.008	98.691	420.56	1.0093	56.787	0.075020	supercritical
80.000	25.333	690.92	0.0014473	14.177	15.791	62.685	40.006	98.618	421.00	1.0060	56.847	0.075075	supercritical
80.000	25.367	691.39	0.0014464	14.173	15.788	62.670	40.004	98.544	421.45	1.0028	56.907	0.075129	supercritical
80.000	25.400	691.85	0.0014454	14.169	15.784	62.655	40.002	98.472	421.89	0.99957	56.967	0.075184	supercritical
80.000	25.433	692.31	0.0014444	14.164	15.781	62.639	40.001	98.399	422.33	0.99636	57.026	0.075239	supercritical
80.000	25.467	692.77	0.0014435	14.160	15.778	62.624	39.999	98.327	422.76	0.99317	57.086	0.075293	supercritical
80.000	25.500	693.23	0.0014425	14.156	15.775	62.609	39.997	98.255	423.20	0.99000	57.145	0.075348	supercritical
80.000	25.533	693.68	0.0014416	14.151	15.771	62.594	39.995	98.183	423.64	0.98684	57.204	0.075402	supercritical
80.000	25.567	694.14	0.0014406	14.147	15.768	62.579	39.993	98.111	424.08	0.98369	57.264	0.075456	supercritical
80.000	25.600	694.59	0.0014397	14.143	15.765	62.564	39.991	98.040	424.52	0.98055	57.323	0.075510	supercritical
80.000	25.633	695.04	0.0014388	14.139	15.762	62.548	39.989	97.969	424.95	0.97743	57.382	0.075565	supercritical
80.000	25.667	695.50	0.0014378	14.134	15.759	62.533	39.988	97.898	425.39	0.97433	57.441	0.075619	supercritical
80.000	25.700	695.95	0.0014369	14.130	15.755	62.519	39.986	97.828	425.82	0.97123	57.500	0.075673	supercritical
80.000	25.733	696.40	0.0014360	14.126	15.752	62.504	39.984	97.758	426.26	0.96815	57.558	0.075726	supercritical
80.000	25.767	696.84	0.0014350	14.122	15.749	62.489	39.982	97.688	426.69	0.96509	57.617	0.075780	supercritical
80.000	25.800	697.29	0.0014341	14.118	15.746	62.474	39.981	97.618	427.13	0.96203	57.676	0.075834	supercritical
80.000	25.833	697.74	0.0014332	14.113	15.743	62.459	39.979	97.548	427.56	0.95899	57.734	0.075887	supercritical
80.000	25.867	698.18	0.0014323	14.109	15.740	62.444	39.977	97.479	427.99	0.95596	57.792	0.075941	supercritical
80.000	25.900	698.62	0.0014314	14.105	15.737	62.430	39.975	97.410	428.43	0.95295	57.851	0.075994	supercritical
80.000	25.933	699.07	0.0014305	14.101	15.733	62.415	39.974	97.342	428.86	0.94994	57.909	0.076048	supercritical
80.000	25.967	699.51	0.0014296	14.097	15.730	62.400	39.972	97.273	429.29	0.94695	57.967	0.076101	supercritical
80.000	26.000	699.95	0.0014287	14.093	15.727	62.386	39.970	97.205	429.72	0.94398	58.025	0.076154	supercritical
80.000	26.033	700.38	0.0014278	14.088	15.724	62.371	39.969	97.137	430.15	0.94101	58.083	0.076207	supercritical
80.000	26.067	700.82	0.0014269	14.084	15.721	62.357	39.967	97.070	430.58	0.93806	58.141	0.076260	supercritical
80.000	26.100	701.26	0.0014260	14.080	15.718	62.342	39.965	97.002	431.01	0.93512	58.199	0.076313	supercritical
80.000	26.133	701.69	0.0014251	14.076	15.715	62.328	39.964	96.935	431.44	0.93219	58.256	0.076366	supercritical
80.000	26.167	702.13	0.0014242	14.072	15.712	62.313	39.962	96.868	431.87	0.92928	58.314	0.076419	supercritical
80.000	26.200	702.56	0.0014234	14.068	15.709	62.299	39.960	96.801	432.30	0.92638	58.371	0.076472	supercritical
80.000	26.233	702.99	0.0014225	14.064	15.706	62.284	39.959	96.735	432.72	0.92349	58.429	0.076524	supercritical
80.000	26.267	703.42	0.0014216	14.060	15.703	62.270	39.957	96.669	433.15	0.92061	58.486	0.076577	supercritical
80.000	26.300	703.85	0.0014208	14.056	15.700	62.256	39.955	96.603	433.58	0.91774	58.543	0.076629	supercritical
80.000	26.333	704.28	0.0014199	14.052	15.697	62.242	39.954	96.537	434.00	0.91488	58.601	0.076682	supercritical
80.000	26.367	704.71	0.0014190	14.048	15.694	62.227	39.952	96.472	434.43	0.91204	58.658	0.076734	supercritical
80.000	26.400	705.13	0.0014182	14.044	15.691	62.213	39.951	96.406	434.85	0.90921	58.715	0.076786	supercritical
80.000	26.433	705.56	0.0014173	14.040	15.689	62.199	39.949	96.341	435.28	0.90639	58.772	0.076838	supercritical
80.000	26.467	705.98	0.0014165	14.036	15.686	62.185	39.947	96.277	435.70	0.90358	58.828	0.076890	supercritical
80.000	26.500	706.40	0.0014156	14.032	15.683	62.171	39.946	96.212	436.13	0.90079	58.885	0.076942	supercritical
80.000	26.533	706.82	0.0014148	14.028	15.680	62.157	39.944	96.148	436.55	0.89800	58.942	0.076994	supercritical
80.000	26.567	707.24	0.0014139	14.024	15.677	62.143	39.943	96.084	436.97	0.89523	58.998	0.077046	supercritical
80.000	26.600	707.66	0.0014131	14.020	15.674	62.129	39.941	96.020	437.39	0.89246	59.055	0.077098	supercritical
80.000	26.633	708.08	0.0014123	14.016	15.671	62.115	39.940	95.956	437.82	0.88971	59.111	0.077150	supercritical
80.000	26.667	708.50	0.0014114	14.012	15.668	62.101	39.938	95.893	438.24	0.88697	59.168	0.077201	supercritical
80.000	26.700	708.92	0.0014106	14.008	15.666	62.087	39.937	95.830	438.66	0.88424	59.224	0.077253	supercritical
80.000	26.733	709.33	0.0014098	14.004	15.663	62.073	39.935	95.767	439.08	0.88153	59.280	0.077304	supercritical
80.000	26.767	709.74	0.0014090	14.000	15.660	62.059	39.934	95.704	439.50	0.87882	59.336	0.077356	supercritical
80.000	26.800	710.16	0.0014081	13.996	15.657	62.046	39.932	95.642	439.92	0.87612	59.392	0.077407	supercritical
80.000	26.833	710.57	0.0014073	13.992	15.654	62.032	39.931	95.580	440.34	0.87344	59.448	0.077458	supercritical
80.000	26.867	710.98	0.0014065	13.989	15.652	62.018	39.929	95.518	440.75	0.87076	59.504	0.077509	supercritical
80.000	26.900	711.39	0.0014057	13.985	15.649	62.004	39.928	95.456	441.17	0.86810	59.559	0.077560	supercritical
80.000	26.933	711.80	0.0014049	13.981	15.646	61.991	39.926	95.394	441.59	0.86545	59.615	0.077611	supercritical
80.000	26.967	712.21	0.0014041	13.977	15.643	61.977	39.925	95.333	442.01	0.86281	59.671	0.077662	supercritical
80.000	27.000	712.61	0.0014033	13.973	15.641	61.964	39.924	95.272	442.42	0.86017	59.726	0.077713	supercritical
80.000	27.033	713.02	0.0014025	13.969	15.638	61.950	39.922	95.211	442.84	0.85755	59.782	0.077764	supercritical
80.000	27.067	713.43	0.0014017	13.965	15.635	61.937	39.921	95.150	443.25	0.85494	59.837	0.077815	supercritical
80.000	27.100	713.83	0.0014009	13.962	15.632	61.923	39.919	95.090	443.67	0.85234	59.892	0.077865	supercritical
80.000	27.133	714.23	0.0014001	13.958	15.630	61.910	39.918	95.029	444.08	0.84975	59.948	0.077916	supercritical
80.000	27.167	714.63	0.0013993	13.954	15.627	61.896	39.917	94.969	444.50	0.84717	60.003	0.077967	supercritical
80.000	27.200	715.03	0.0013985	13.950	15.624	61.883	39.915	94.909	444.91	0.84460	60.058	0.078017	supercritical
80.000	27.233	715.43	0.0013978	13.946	15.622	61.869	39.914	94.850	445.32	0.84204	60.113	0.078067	supercritical
80.000	27.267	715.83	0.0013970	13.943	15.619	61.856	39.912	94.790	445.73	0.83949	60.168	0.078118	supercritical
80.000	27.300	716.23	0.0013962	13.939	15.616	61.843	39.911	94.731	446.15	0.83695	60.222	0.078168	supercritical
80.000	27.333	716.63	0.0013954	13.935	15.614	61.830	39.910	94.672	446.56	0.83442	60.277	0.078218	supercritical
80.000	27.367	717.02	0.0013947	13.931	15.611	61.816	39.908	94.613	446.97	0.83190	60.332	0.078268	supercritical
80.000	27.400	717.42	0.0013939	13.928	15.609	61.803	39.907	94.555	447.38	0.82939	60.386	0.078318	supercritical
80.000	27.433	717.81	0.0013931	13.924	15.606	61.790	39.906	94.496	447.79	0.82689	60.441	0.078368	supercritical
80.000	27.467	718.21	0.0013924	13.920	15.603	61.777	39.904	94.438	448.20	0.82440	60.495	0.078418	supercritical
80.000	27.500	718.60	0.0013916	13.917	15.601	61.764	39.903	94.380	448.61	0.82192	60.550	0.078468	supercritical
80.000	27.533	718.99	0.0013908	13.913	15.598	61.751	39.902	94.322	449.02	0.81945	60.604	0.078518	supercritical
80.000	27.567	719.38	0.0013901	13.909	15.596	61.738	39.901	94.265	449.43	0.81699	60.658	0.078567	supercritical
80.000	27.600	719.77	0.0013893	13.905	15.593	61.724	39.899	94.208	449.83	0.81454	60.712	0.078617	supercritical
80.000	27.633	720.16	0.0013886	13.902	15.590	61.711	39.898	94.150	450.24	0.81209	60.766	0.078667	supercritical
80.000	27.667	720.55	0.0013878	13.898	15.588	61.699	39.897	94.093	450.65	0.80966	60.820	0.078716	supercritical
80.000	27.700	720.93	0.0013871	13.894	15.585	61.686	39.896	94.037	451.06	0.80724	60.874	0.078765	supercritical
80.000	27.733	721.32	0.0013863	13.891	15.583	61.673	39.894	93.980	451.46	0.80482	60.928	0.078815	supercritical
80.000	27.767	721.70	0.0013856	13.887	15.580	61.660	39.893	93.924	451.87	0.80242	60.982	0.078864	supercritical
80.000	27.800	722.09	0.0013849	13.884	15.578	61.647	39.892	93.867	452.27	0.80002	61.036	0.078913	supercritical
80.000	27.833	722.47	0.0013841	13.880	15.575	61.634	39.891	93.811	452.68	0.79763	61.089	0.078962	supercritical
80.000	27.867	722.85	0.0013834	13.876	15.573	61.621	39.889	93.756	453.08	0.79526	61.143	0.079011	supercritical
80.000	27.900	723.23	0.0013827	13.873	15.570	61.609	39.888	93.700	453.48	0.79289	61.196	0.079061	supercritical
80.000	27.933	723.61	0.0013820	13.869	15.568	61.596	39.887	93.645	453.89	0.79053	61.250	0.079109	supercritical
80.000	27.967	723.99	0.0013812	13.865	15.565	61.583	39.886	93.589	454.29	0.78818	61.303	0.079158	supercritical
80.000	28.000	724.37	0.0013805	13.862	15.563	61.570	39.885	93.534	454.69	0.78583	61.356	0.079207	supercritical
80.000	28.033	724.75	0.0013798	13.858	15.561	61.558	39.883	93.480	455.10	0.78350	61.409	0.079256	supercritical
80.000	28.067	725.13	0.0013791	13.855	15.558	61.545	39.882	93.425	455.50	0.78118	61.462	0.079305	supercritical
80.000	28.100	725.50	0.0013784	13.851	15.556	61.532	39.881	93.370	455.90	0.77886	61.516	0.079353	supercritical
80.000	28.133	725.88	0.0013776	13.848	15.553	61.520	39.880	93.316	456.30	0.77655	61.569	0.079402	supercritical
80.000	28.167	726.25	0.0013769	13.844	15.551	61.507	39.879	93.262	456.70	0.77426	61.621	0.079450	supercritical
80.000	28.200	726.63	0.0013762	13.840	15.548	61.495	39.878	93.208	457.10	0.77197	61.674	0.079499	supercritical
80.000	28.233	727.00	0.0013755	13.837	15.546	61.482	39.876	93.154	457.50	0.76968	61.727	0.079547	supercritical
80.000	28.267	727.37	0.0013748	13.833	15.544	61.470	39.875	93.101	457.90	0.76741	61.780	0.079595	supercritical
80.000	28.300	727.74	0.0013741	13.830	15.541	61.457	39.874	93.047	458.29	0.76515	61.832	0.079644	supercritical
80.000	28.333	728.11	0.0013734	13.826	15.539	61.445	39.873	92.994	458.69	0.76289	61.885	0.079692	supercritical
80.000	28.367	728.48	0.0013727	13.823	15.537	61.433	39.872	92.941	459.09	0.76064	61.937	0.079740	supercritical
80.000	28.400	728.85	0.0013720	13.819	15.534	61.420	39.871	92.888	459.49	0.75840	61.990	0.079788	supercritical
80.000	28.433	729.21	0.0013713	13.816	15.532	61.408	39.870	92.836	459.88	0.75617	62.042	0.079836	supercritical
80.000	28.467	729.58	0.0013706	13.812	15.530	61.396	39.869	92.783	460.28	0.75395	62.095	0.079884	supercritical
80.000	28.500	729.95	0.0013700	13.809	15.527	61.383	39.868	92.731	460.68	0.75174	62.147	0.079932	supercritical
80.000	28.533	730.31	0.0013693	13.805	15.525	61.371	39.867	92.679	461.07	0.74953	62.199	0.079979	supercritical
80.000	28.567	730.68	0.0013686	13.802	15.523	61.359	39.866	92.627	461.47	0.74733	62.251	0.080027	supercritical
80.000	28.600	731.04	0.0013679	13.799	15.520	61.347	39.864	92.575	461.86	0.74514	62.303	0.080075	supercritical
80.000	28.633	731.40	0.0013672	13.795	15.518	61.334	39.863	92.524	462.25	0.74296	62.355	0.080123	supercritical
80.000	28.667	731.76	0.0013666	13.792	15.516	61.322	39.862	92.472	462.65	0.74078	62.407	0.080170	supercritical
80.000	28.700	732.12	0.0013659	13.788	15.513	61.310	39.861	92.421	463.04	0.73862	62.459	0.080218	supercritical
80.000	28.733	732.48	0.0013652	13.785	15.511	61.298	39.860	92.370	463.43	0.73646	62.511	0.080265	supercritical
80.000	28.767	732.84	0.0013645	13.781	15.509	61.286	39.859	92.319	463.83	0.73431	62.562	0.080312	supercritical
80.000	28.800	733.20	0.0013639	13.778	15.507	61.274	39.858	92.268	464.22	0.73217	62.614	0.080360	supercritical
80.000	28.833	733.56	0.0013632	13.775	15.504	61.262	39.857	92.218	464.61	0.73003	62.665	0.080407	supercritical
80.000	28.867	733.92	0.0013626	13.771	15.502	61.250	39.856	92.167	465.00	0.72790	62.717	0.080454	supercritical
80.000	28.900	734.27	0.0013619	13.768	15.500	61.238	39.855	92.117	465.39	0.72578	62.768	0.080501	supercritical
80.000	28.933	734.63	0.0013612	13.764	15.498	61.226	39.854	92.067	465.78	0.72367	62.820	0.080548	supercritical
80.000	28.967	734.98	0.0013606	13.761	15.495	61.214	39.853	92.017	466.17	0.72157	62.871	0.080595	supercritical
80.000	29.000	735.34	0.0013599	13.758	15.493	61.202	39.852	91.967	466.56	0.71947	62.922	0.080642	supercritical
80.000	29.033	735.69	0.0013593	13.754	15.491	61.190	39.851	91.918	466.95	0.71738	62.973	0.080689	supercritical
80.000	29.067	736.04	0.0013586	13.751	15.489	61.178	39.850	91.868	467.34	0.71530	63.025	0.080736	supercritical
80.000	29.100	736.39	0.0013580	13.748	15.487	61.167	39.849	91.819	467.73	0.71323	63.076	0.080783	supercritical
80.000	29.133	736.74	0.0013573	13.744	15.484	61.155	39.848	91.770	468.11	0.71116	63.127	0.080830	supercritical
80.000	29.167	737.09	0.0013567	13.741	15.482	61.143	39.847	91.721	468.50	0.70910	63.178	0.080876	supercritical
80.000	29.200	737.44	0.0013560	13.738	15.480	61.131	39.847	91.672	468.89	0.70705	63.228	0.080923	supercritical
80.000	29.233	737.79	0.0013554	13.734	15.478	61.119	39.846	91.624	469.27	0.70500	63.279	0.080969	supercritical
80.000	29.267	738.14	0.0013548	13.731	15.476	61.108	39.845	91.575	469.66	0.70296	63.330	0.081016	supercritical
80.000	29.300	738.49	0.0013541	13.728	15.474	61.096	39.844	91.527	470.05	0.70093	63.381	0.081062	supercritical
80.000	29.333	738.83	0.0013535	13.724	15.472	61.084	39.843	91.479	470.43	0.69891	63.431	0.081109	supercritical
80.000	29.367	739.18	0.0013529	13.721	15.469	61.073	39.842	91.431	470.82	0.69689	63.482	0.081155	supercritical
80.000	29.400	739.52	0.0013522	13.718	15.467	61.061	39.841	91.383	471.20	0.69489	63.532	0.081201	supercritical
80.000	29.433	739.87	0.0013516	13.714	15.465	61.050	39.840	91.336	471.58	0.69288	63.583	0.081247	supercritical
80.000	29.467	740.21	0.0013510	13.711	15.463	61.038	39.839	91.288	471.97	0.69089	63.633	0.081294	supercritical
80.000	29.500	740.55	0.0013503	13.708	15.461	61.026	39.838	91.241	472.35	0.68890	63.684	0.081340	supercritical
80.000	29.533	740.89	0.0013497	13.705	15.459	61.015	39.837	91.194	472.73	0.68692	63.734	0.081386	supercritical
80.000	29.567	741.23	0.0013491	13.701	15.457	61.003	39.837	91.147	473.12	0.68495	63.784	0.081432	supercritical
80.000	29.600	741.58	0.0013485	13.698	15.455	60.992	39.836	91.100	473.50	0.68298	63.834	0.081478	supercritical
80.000	29.633	741.91	0.0013479	13.695	15.453	60.980	39.835	91.053	473.88	0.68102	63.884	0.081523	supercritical
80.000	29.667	742.25	0.0013472	13.692	15.451	60.969	39.834	91.007	474.26	0.67906	63.934	0.081569	supercritical
80.000	29.700	742.59	0.0013466	13.688	15.449	60.958	39.833	90.960	474.64	0.67712	63.984	0.081615	supercritical
80.000	29.733	742.93	0.0013460	13.685	15.447	60.946	39.832	90.914	475.02	0.67518	64.034	0.081661	supercritical
80.000	29.767	743.27	0.0013454	13.682	15.444	60.935	39.831	90.868	475.40	0.67324	64.084	0.081706	supercritical
80.000	29.800	743.60	0.0013448	13.679	15.442	60.923	39.831	90.822	475.78	0.67132	64.134	0.081752	supercritical
80.000	29.833	743.94	0.0013442	13.676	15.440	60.912	39.830	90.776	476.16	0.66940	64.183	0.081797	supercritical
80.000	29.867	744.27	0.0013436	13.672	15.438	60.901	39.829	90.730	476.54	0.66748	64.233	0.081843	supercritical
80.000	29.900	744.61	0.0013430	13.669	15.436	60.889	39.828	90.685	476.92	0.66558	64.283	0.081888	supercritical
80.000	29.933	744.94	0.0013424	13.666	15.434	60.878	39.827	90.639	477.29	0.66368	64.332	0.081934	supercritical
80.000	29.967	745.27	0.0013418	13.663	15.432	60.867	39.827	90.594	477.67	0.66178	64.382	0.081979	supercritical
80.000	30.000	745.60	0.0013412	13.660	15.430	60.856	39.826	90.549	478.05	0.65990	64.431	0.082024	supercritical
