Temperature (C)	Pressure (MPa)	Density (kg/m3)	Volume (m3/kg)	Internal Energy (kJ/mol)	Enthalpy (kJ/mol)	Entropy (J/mol*K)	Cv (J/mol*K)	Cp (J/mol*K)	Sound Spd. (m/s)	Joule-Thomson (K/MPa)	Viscosity (uPa*s)	Therm. Cond. (W/m*K)	Phase
90.000	10.000	202.93	0.0049278	19.322	21.491	83.055	37.343	72.722	260.44	5.6513	21.852	0.032291	supercritical
90.000	10.033	203.89	0.0049046	19.311	21.477	82.997	37.364	72.930	260.40	5.6426	21.882	0.032362	supercritical
90.000	10.067	204.85	0.0048816	19.300	21.463	82.940	37.386	73.139	260.35	5.6339	21.912	0.032432	supercritical
90.000	10.100	205.81	0.0048587	19.290	21.449	82.882	37.407	73.349	260.31	5.6252	21.942	0.032503	supercritical
90.000	10.133	206.78	0.0048360	19.279	21.436	82.825	37.429	73.560	260.26	5.6163	21.972	0.032575	supercritical
90.000	10.167	207.75	0.0048135	19.268	21.422	82.767	37.450	73.771	260.22	5.6075	22.003	0.032647	supercritical
90.000	10.200	208.72	0.0047911	19.257	21.408	82.710	37.471	73.984	260.18	5.5986	22.034	0.032719	supercritical
90.000	10.233	209.69	0.0047689	19.246	21.394	82.653	37.492	74.197	260.14	5.5896	22.064	0.032791	supercritical
90.000	10.267	210.67	0.0047468	19.236	21.380	82.595	37.514	74.411	260.10	5.5806	22.096	0.032864	supercritical
90.000	10.300	211.65	0.0047248	19.225	21.366	82.538	37.535	74.626	260.06	5.5716	22.127	0.032937	supercritical
90.000	10.333	212.63	0.0047030	19.214	21.353	82.481	37.556	74.842	260.02	5.5625	22.158	0.033011	supercritical
90.000	10.367	213.61	0.0046814	19.203	21.339	82.424	37.577	75.059	259.99	5.5533	22.190	0.033085	supercritical
90.000	10.400	214.60	0.0046598	19.192	21.325	82.367	37.599	75.276	259.95	5.5441	22.222	0.033159	supercritical
90.000	10.433	215.59	0.0046385	19.181	21.311	82.309	37.620	75.495	259.92	5.5349	22.254	0.033234	supercritical
90.000	10.467	216.58	0.0046172	19.170	21.297	82.252	37.641	75.714	259.89	5.5256	22.287	0.033309	supercritical
90.000	10.500	217.57	0.0045961	19.159	21.283	82.195	37.662	75.934	259.85	5.5162	22.319	0.033384	supercritical
90.000	10.533	218.57	0.0045752	19.148	21.269	82.138	37.683	76.155	259.82	5.5068	22.352	0.033460	supercritical
90.000	10.567	219.57	0.0045544	19.137	21.255	82.081	37.704	76.377	259.79	5.4974	22.385	0.033536	supercritical
90.000	10.600	220.57	0.0045337	19.126	21.241	82.024	37.725	76.600	259.77	5.4879	22.419	0.033612	supercritical
90.000	10.633	221.58	0.0045131	19.115	21.227	81.968	37.746	76.823	259.74	5.4783	22.452	0.033689	supercritical
90.000	10.667	222.58	0.0044927	19.104	21.213	81.911	37.767	77.047	259.71	5.4688	22.486	0.033766	supercritical
90.000	10.700	223.59	0.0044724	19.093	21.199	81.854	37.788	77.272	259.69	5.4591	22.520	0.033844	supercritical
90.000	10.733	224.60	0.0044523	19.082	21.185	81.797	37.809	77.498	259.66	5.4494	22.554	0.033921	supercritical
90.000	10.767	225.62	0.0044323	19.071	21.171	81.740	37.830	77.725	259.64	5.4397	22.588	0.034000	supercritical
90.000	10.800	226.64	0.0044124	19.059	21.157	81.684	37.851	77.952	259.62	5.4299	22.623	0.034078	supercritical
90.000	10.833	227.66	0.0043926	19.048	21.143	81.627	37.871	78.181	259.60	5.4201	22.658	0.034157	supercritical
90.000	10.867	228.68	0.0043730	19.037	21.128	81.570	37.892	78.410	259.58	5.4102	22.693	0.034236	supercritical
90.000	10.900	229.70	0.0043535	19.026	21.114	81.514	37.913	78.639	259.56	5.4003	22.728	0.034316	supercritical
90.000	10.933	230.73	0.0043341	19.015	21.100	81.457	37.934	78.870	259.55	5.3903	22.764	0.034396	supercritical
90.000	10.967	231.76	0.0043148	19.003	21.086	81.401	37.954	79.101	259.53	5.3803	22.799	0.034476	supercritical
90.000	11.000	232.79	0.0042957	18.992	21.072	81.344	37.975	79.333	259.52	5.3702	22.835	0.034557	supercritical
90.000	11.033	233.83	0.0042766	18.981	21.058	81.288	37.996	79.566	259.51	5.3601	22.871	0.034638	supercritical
90.000	11.067	234.87	0.0042577	18.970	21.043	81.231	38.016	79.799	259.50	5.3499	22.908	0.034719	supercritical
90.000	11.100	235.91	0.0042390	18.958	21.029	81.175	38.037	80.034	259.49	5.3397	22.945	0.034801	supercritical
90.000	11.133	236.95	0.0042203	18.947	21.015	81.119	38.057	80.268	259.48	5.3294	22.982	0.034883	supercritical
90.000	11.167	237.99	0.0042018	18.936	21.001	81.062	38.078	80.504	259.47	5.3191	23.019	0.034966	supercritical
90.000	11.200	239.04	0.0041834	18.924	20.986	81.006	38.098	80.740	259.47	5.3087	23.056	0.035048	supercritical
90.000	11.233	240.09	0.0041650	18.913	20.972	80.950	38.118	80.977	259.46	5.2983	23.094	0.035132	supercritical
90.000	11.267	241.15	0.0041469	18.902	20.958	80.894	38.139	81.215	259.46	5.2879	23.132	0.035215	supercritical
90.000	11.300	242.20	0.0041288	18.890	20.943	80.838	38.159	81.453	259.46	5.2774	23.170	0.035299	supercritical
90.000	11.333	243.26	0.0041108	18.879	20.929	80.782	38.179	81.692	259.46	5.2668	23.208	0.035383	supercritical
90.000	11.367	244.32	0.0040930	18.867	20.915	80.725	38.199	81.932	259.46	5.2562	23.247	0.035467	supercritical
90.000	11.400	245.38	0.0040752	18.856	20.900	80.669	38.219	82.172	259.46	5.2456	23.286	0.035552	supercritical
90.000	11.433	246.45	0.0040576	18.844	20.886	80.613	38.239	82.412	259.47	5.2349	23.325	0.035637	supercritical
90.000	11.467	247.52	0.0040401	18.833	20.872	80.557	38.259	82.654	259.47	5.2241	23.364	0.035723	supercritical
90.000	11.500	248.59	0.0040227	18.821	20.857	80.502	38.279	82.896	259.48	5.2133	23.404	0.035809	supercritical
90.000	11.533	249.66	0.0040054	18.810	20.843	80.446	38.299	83.138	259.49	5.2025	23.444	0.035895	supercritical
90.000	11.567	250.74	0.0039882	18.798	20.828	80.390	38.319	83.381	259.50	5.1916	23.484	0.035982	supercritical
90.000	11.600	251.82	0.0039711	18.787	20.814	80.334	38.339	83.625	259.51	5.1807	23.525	0.036068	supercritical
90.000	11.633	252.90	0.0039542	18.775	20.799	80.278	38.359	83.869	259.52	5.1697	23.565	0.036156	supercritical
90.000	11.667	253.98	0.0039373	18.763	20.785	80.222	38.378	84.113	259.54	5.1587	23.606	0.036243	supercritical
90.000	11.700	255.07	0.0039205	18.752	20.771	80.167	38.398	84.359	259.56	5.1476	23.647	0.036331	supercritical
90.000	11.733	256.16	0.0039039	18.740	20.756	80.111	38.418	84.604	259.57	5.1365	23.689	0.036419	supercritical
90.000	11.767	257.25	0.0038873	18.729	20.742	80.055	38.437	84.850	259.59	5.1253	23.730	0.036508	supercritical
90.000	11.800	258.34	0.0038709	18.717	20.727	80.000	38.457	85.097	259.61	5.1141	23.772	0.036596	supercritical
90.000	11.833	259.43	0.0038545	18.705	20.713	79.944	38.476	85.344	259.64	5.1029	23.815	0.036686	supercritical
90.000	11.867	260.53	0.0038383	18.693	20.698	79.889	38.495	85.591	259.66	5.0916	23.857	0.036775	supercritical
90.000	11.900	261.63	0.0038221	18.682	20.683	79.833	38.515	85.839	259.69	5.0802	23.900	0.036865	supercritical
90.000	11.933	262.74	0.0038061	18.670	20.669	79.778	38.534	86.087	259.71	5.0688	23.943	0.036955	supercritical
90.000	11.967	263.84	0.0037902	18.658	20.654	79.722	38.553	86.335	259.74	5.0574	23.986	0.037045	supercritical
90.000	12.000	264.95	0.0037743	18.647	20.640	79.667	38.572	86.584	259.77	5.0459	24.030	0.037136	supercritical
90.000	12.033	266.06	0.0037586	18.635	20.625	79.612	38.591	86.833	259.81	5.0344	24.074	0.037227	supercritical
90.000	12.067	267.17	0.0037429	18.623	20.611	79.556	38.610	87.082	259.84	5.0228	24.118	0.037318	supercritical
90.000	12.100	268.29	0.0037274	18.611	20.596	79.501	38.629	87.332	259.88	5.0112	24.162	0.037410	supercritical
90.000	12.133	269.40	0.0037119	18.599	20.582	79.446	38.647	87.582	259.91	4.9995	24.207	0.037502	supercritical
90.000	12.167	270.52	0.0036966	18.588	20.567	79.391	38.666	87.832	259.95	4.9878	24.252	0.037594	supercritical
90.000	12.200	271.64	0.0036813	18.576	20.552	79.336	38.685	88.083	259.99	4.9761	24.297	0.037686	supercritical
90.000	12.233	272.77	0.0036661	18.564	20.538	79.280	38.703	88.333	260.04	4.9643	24.342	0.037779	supercritical
90.000	12.267	273.89	0.0036511	18.552	20.523	79.225	38.722	88.584	260.08	4.9525	24.388	0.037872	supercritical
90.000	12.300	275.02	0.0036361	18.540	20.508	79.170	38.740	88.835	260.13	4.9406	24.434	0.037965	supercritical
90.000	12.333	276.15	0.0036212	18.528	20.494	79.116	38.758	89.086	260.18	4.9287	24.480	0.038059	supercritical
90.000	12.367	277.29	0.0036064	18.516	20.479	79.061	38.777	89.337	260.23	4.9167	24.527	0.038153	supercritical
90.000	12.400	278.42	0.0035917	18.504	20.465	79.006	38.795	89.589	260.28	4.9048	24.574	0.038247	supercritical
90.000	12.433	279.56	0.0035771	18.493	20.450	78.951	38.813	89.840	260.33	4.8927	24.621	0.038342	supercritical
90.000	12.467	280.70	0.0035625	18.481	20.435	78.896	38.831	90.091	260.39	4.8806	24.668	0.038436	supercritical
90.000	12.500	281.84	0.0035481	18.469	20.421	78.841	38.849	90.343	260.44	4.8685	24.716	0.038531	supercritical
90.000	12.533	282.98	0.0035338	18.457	20.406	78.787	38.867	90.594	260.50	4.8564	24.764	0.038626	supercritical
90.000	12.567	284.13	0.0035195	18.445	20.391	78.732	38.884	90.845	260.56	4.8442	24.812	0.038722	supercritical
90.000	12.600	285.28	0.0035054	18.433	20.377	78.678	38.902	91.097	260.63	4.8319	24.861	0.038818	supercritical
90.000	12.633	286.43	0.0034913	18.421	20.362	78.623	38.920	91.348	260.69	4.8196	24.910	0.038913	supercritical
90.000	12.667	287.58	0.0034773	18.409	20.347	78.568	38.937	91.599	260.76	4.8073	24.959	0.039010	supercritical
90.000	12.700	288.73	0.0034634	18.397	20.333	78.514	38.954	91.850	260.83	4.7950	25.008	0.039106	supercritical
90.000	12.733	289.89	0.0034496	18.385	20.318	78.460	38.972	92.101	260.90	4.7826	25.058	0.039203	supercritical
90.000	12.767	291.05	0.0034358	18.373	20.303	78.405	38.989	92.351	260.97	4.7702	25.108	0.039300	supercritical
90.000	12.800	292.21	0.0034222	18.361	20.288	78.351	39.006	92.602	261.04	4.7577	25.158	0.039397	supercritical
90.000	12.833	293.37	0.0034086	18.349	20.274	78.297	39.023	92.852	261.12	4.7452	25.209	0.039494	supercritical
90.000	12.867	294.54	0.0033952	18.337	20.259	78.243	39.040	93.102	261.20	4.7326	25.260	0.039592	supercritical
90.000	12.900	295.70	0.0033818	18.325	20.244	78.188	39.057	93.351	261.28	4.7201	25.311	0.039690	supercritical
90.000	12.933	296.87	0.0033685	18.312	20.230	78.134	39.073	93.601	261.36	4.7075	25.362	0.039788	supercritical
90.000	12.967	298.04	0.0033553	18.300	20.215	78.080	39.090	93.849	261.45	4.6948	25.414	0.039886	supercritical
90.000	13.000	299.21	0.0033421	18.288	20.200	78.026	39.106	94.098	261.53	4.6821	25.466	0.039984	supercritical
90.000	13.033	300.39	0.0033291	18.276	20.186	77.972	39.123	94.346	261.62	4.6694	25.518	0.040083	supercritical
90.000	13.067	301.56	0.0033161	18.264	20.171	77.919	39.139	94.594	261.71	4.6567	25.570	0.040182	supercritical
90.000	13.100	302.74	0.0033032	18.252	20.156	77.865	39.155	94.841	261.80	4.6439	25.623	0.040281	supercritical
90.000	13.133	303.92	0.0032904	18.240	20.142	77.811	39.171	95.087	261.90	4.6311	25.676	0.040380	supercritical
90.000	13.167	305.10	0.0032776	18.228	20.127	77.757	39.187	95.334	262.00	4.6182	25.730	0.040479	supercritical
90.000	13.200	306.28	0.0032650	18.216	20.112	77.704	39.203	95.579	262.09	4.6053	25.784	0.040579	supercritical
90.000	13.233	307.46	0.0032524	18.203	20.098	77.650	39.219	95.824	262.19	4.5924	25.838	0.040679	supercritical
90.000	13.267	308.65	0.0032399	18.191	20.083	77.597	39.234	96.068	262.30	4.5795	25.892	0.040779	supercritical
90.000	13.300	309.84	0.0032275	18.179	20.068	77.543	39.250	96.312	262.40	4.5665	25.946	0.040879	supercritical
90.000	13.333	311.02	0.0032152	18.167	20.054	77.490	39.265	96.555	262.51	4.5535	26.001	0.040979	supercritical
90.000	13.367	312.21	0.0032029	18.155	20.039	77.437	39.281	96.797	262.62	4.5405	26.056	0.041079	supercritical
90.000	13.400	313.41	0.0031907	18.143	20.024	77.383	39.296	97.039	262.73	4.5274	26.112	0.041180	supercritical
90.000	13.433	314.60	0.0031786	18.130	20.010	77.330	39.311	97.280	262.85	4.5143	26.168	0.041280	supercritical
90.000	13.467	315.79	0.0031666	18.118	19.995	77.277	39.326	97.520	262.96	4.5012	26.224	0.041381	supercritical
90.000	13.500	316.99	0.0031547	18.106	19.980	77.224	39.341	97.759	263.08	4.4881	26.280	0.041482	supercritical
90.000	13.533	318.19	0.0031428	18.094	19.966	77.171	39.356	97.997	263.20	4.4749	26.336	0.041583	supercritical
90.000	13.567	319.39	0.0031310	18.082	19.951	77.118	39.370	98.235	263.32	4.4617	26.393	0.041684	supercritical
90.000	13.600	320.59	0.0031193	18.070	19.937	77.065	39.385	98.471	263.45	4.4485	26.450	0.041786	supercritical
90.000	13.633	321.79	0.0031076	18.057	19.922	77.012	39.399	98.706	263.57	4.4352	26.508	0.041887	supercritical
90.000	13.667	322.99	0.0030961	18.045	19.907	76.960	39.413	98.941	263.70	4.4220	26.566	0.041989	supercritical
90.000	13.700	324.19	0.0030846	18.033	19.893	76.907	39.427	99.174	263.83	4.4087	26.624	0.042090	supercritical
90.000	13.733	325.40	0.0030731	18.021	19.878	76.855	39.441	99.407	263.97	4.3954	26.682	0.042192	supercritical
90.000	13.767	326.61	0.0030618	18.009	19.864	76.802	39.455	99.638	264.10	4.3820	26.740	0.042294	supercritical
90.000	13.800	327.81	0.0030505	17.996	19.849	76.750	39.469	99.868	264.24	4.3687	26.799	0.042396	supercritical
90.000	13.833	329.02	0.0030393	17.984	19.835	76.697	39.483	100.10	264.38	4.3553	26.858	0.042498	supercritical
90.000	13.867	330.23	0.0030282	17.972	19.820	76.645	39.496	100.32	264.53	4.3419	26.918	0.042600	supercritical
90.000	13.900	331.44	0.0030171	17.960	19.806	76.593	39.510	100.55	264.67	4.3285	26.978	0.042702	supercritical
90.000	13.933	332.65	0.0030061	17.948	19.791	76.541	39.523	100.78	264.82	4.3150	27.038	0.042805	supercritical
90.000	13.967	333.87	0.0029952	17.936	19.777	76.489	39.536	101.00	264.97	4.3016	27.098	0.042907	supercritical
90.000	14.000	335.08	0.0029844	17.923	19.762	76.437	39.549	101.22	265.12	4.2881	27.158	0.043009	supercritical
90.000	14.033	336.29	0.0029736	17.911	19.748	76.385	39.562	101.45	265.27	4.2746	27.219	0.043112	supercritical
90.000	14.067	337.51	0.0029629	17.899	19.733	76.333	39.575	101.67	265.43	4.2611	27.280	0.043214	supercritical
90.000	14.100	338.72	0.0029523	17.887	19.719	76.282	39.588	101.88	265.59	4.2476	27.342	0.043317	supercritical
90.000	14.133	339.94	0.0029417	17.875	19.704	76.230	39.600	102.10	265.75	4.2340	27.403	0.043420	supercritical
90.000	14.167	341.16	0.0029312	17.862	19.690	76.178	39.612	102.32	265.91	4.2205	27.465	0.043522	supercritical
90.000	14.200	342.38	0.0029208	17.850	19.676	76.127	39.625	102.53	266.08	4.2069	27.527	0.043625	supercritical
90.000	14.233	343.59	0.0029104	17.838	19.661	76.076	39.637	102.74	266.25	4.1933	27.590	0.043728	supercritical
90.000	14.267	344.81	0.0029001	17.826	19.647	76.024	39.649	102.96	266.42	4.1797	27.652	0.043830	supercritical
90.000	14.300	346.03	0.0028899	17.814	19.632	75.973	39.661	103.17	266.59	4.1661	27.715	0.043933	supercritical
90.000	14.333	347.25	0.0028797	17.802	19.618	75.922	39.672	103.37	266.77	4.1525	27.779	0.044036	supercritical
90.000	14.367	348.47	0.0028696	17.789	19.604	75.871	39.684	103.58	266.94	4.1389	27.842	0.044138	supercritical
90.000	14.400	349.70	0.0028596	17.777	19.590	75.820	39.696	103.78	267.12	4.1253	27.906	0.044241	supercritical
90.000	14.433	350.92	0.0028497	17.765	19.575	75.769	39.707	103.99	267.31	4.1116	27.970	0.044344	supercritical
90.000	14.467	352.14	0.0028398	17.753	19.561	75.719	39.718	104.19	267.49	4.0980	28.034	0.044447	supercritical
90.000	14.500	353.36	0.0028300	17.741	19.547	75.668	39.729	104.39	267.68	4.0843	28.099	0.044549	supercritical
90.000	14.533	354.58	0.0028202	17.729	19.533	75.618	39.740	104.59	267.87	4.0707	28.164	0.044652	supercritical
90.000	14.567	355.81	0.0028105	17.717	19.518	75.567	39.751	104.78	268.06	4.0570	28.229	0.044755	supercritical
90.000	14.600	357.03	0.0028009	17.705	19.504	75.517	39.762	104.98	268.25	4.0433	28.294	0.044858	supercritical
90.000	14.633	358.25	0.0027913	17.693	19.490	75.467	39.772	105.17	268.45	4.0296	28.360	0.044960	supercritical
90.000	14.667	359.48	0.0027818	17.680	19.476	75.416	39.783	105.36	268.65	4.0160	28.426	0.045063	supercritical
90.000	14.700	360.70	0.0027724	17.668	19.462	75.366	39.793	105.55	268.85	4.0023	28.492	0.045165	supercritical
90.000	14.733	361.92	0.0027630	17.656	19.448	75.317	39.803	105.74	269.05	3.9886	28.558	0.045268	supercritical
90.000	14.767	363.15	0.0027537	17.644	19.434	75.267	39.813	105.92	269.26	3.9749	28.625	0.045371	supercritical
90.000	14.800	364.37	0.0027445	17.632	19.420	75.217	39.823	106.10	269.47	3.9612	28.691	0.045473	supercritical
90.000	14.833	365.59	0.0027353	17.620	19.406	75.167	39.833	106.28	269.68	3.9475	28.758	0.045575	supercritical
90.000	14.867	366.81	0.0027262	17.608	19.392	75.118	39.842	106.46	269.89	3.9339	28.826	0.045678	supercritical
90.000	14.900	368.04	0.0027171	17.596	19.378	75.068	39.852	106.64	270.10	3.9202	28.893	0.045780	supercritical
90.000	14.933	369.26	0.0027081	17.584	19.364	75.019	39.861	106.82	270.32	3.9065	28.961	0.045882	supercritical
90.000	14.967	370.48	0.0026992	17.572	19.350	74.970	39.870	106.99	270.54	3.8928	29.029	0.045984	supercritical
90.000	15.000	371.70	0.0026903	17.560	19.336	74.921	39.880	107.16	270.77	3.8791	29.097	0.046086	supercritical
90.000	15.033	372.93	0.0026815	17.548	19.322	74.872	39.889	107.33	270.99	3.8655	29.166	0.046188	supercritical
90.000	15.067	374.15	0.0026727	17.536	19.309	74.823	39.897	107.50	271.22	3.8518	29.235	0.046290	supercritical
90.000	15.100	375.37	0.0026641	17.524	19.295	74.774	39.906	107.66	271.45	3.8381	29.304	0.046392	supercritical
90.000	15.133	376.59	0.0026554	17.512	19.281	74.726	39.915	107.82	271.68	3.8245	29.373	0.046494	supercritical
90.000	15.167	377.81	0.0026469	17.501	19.267	74.677	39.923	107.98	271.91	3.8108	29.442	0.046595	supercritical
90.000	15.200	379.03	0.0026383	17.489	19.254	74.629	39.931	108.14	272.15	3.7972	29.512	0.046697	supercritical
90.000	15.233	380.25	0.0026299	17.477	19.240	74.580	39.940	108.30	272.39	3.7836	29.581	0.046798	supercritical
90.000	15.267	381.46	0.0026215	17.465	19.226	74.532	39.948	108.45	272.63	3.7700	29.651	0.046900	supercritical
90.000	15.300	382.68	0.0026131	17.453	19.213	74.484	39.956	108.60	272.87	3.7563	29.722	0.047001	supercritical
90.000	15.333	383.90	0.0026049	17.441	19.199	74.436	39.963	108.75	273.12	3.7427	29.792	0.047102	supercritical
90.000	15.367	385.11	0.0025966	17.429	19.186	74.388	39.971	108.90	273.37	3.7292	29.863	0.047203	supercritical
90.000	15.400	386.33	0.0025885	17.418	19.172	74.341	39.979	109.04	273.62	3.7156	29.934	0.047304	supercritical
90.000	15.433	387.54	0.0025804	17.406	19.159	74.293	39.986	109.19	273.87	3.7020	30.005	0.047405	supercritical
90.000	15.467	388.75	0.0025723	17.394	19.145	74.246	39.993	109.33	274.12	3.6885	30.076	0.047505	supercritical
90.000	15.500	389.97	0.0025643	17.382	19.132	74.198	40.001	109.46	274.38	3.6749	30.147	0.047606	supercritical
90.000	15.533	391.18	0.0025564	17.371	19.118	74.151	40.008	109.60	274.64	3.6614	30.219	0.047706	supercritical
90.000	15.567	392.39	0.0025485	17.359	19.105	74.104	40.015	109.73	274.90	3.6479	30.291	0.047807	supercritical
90.000	15.600	393.60	0.0025407	17.347	19.092	74.057	40.021	109.86	275.17	3.6344	30.363	0.047907	supercritical
90.000	15.633	394.80	0.0025329	17.336	19.078	74.010	40.028	109.99	275.43	3.6210	30.435	0.048007	supercritical
90.000	15.667	396.01	0.0025252	17.324	19.065	73.964	40.035	110.12	275.70	3.6075	30.508	0.048107	supercritical
90.000	15.700	397.22	0.0025175	17.312	19.052	73.917	40.041	110.24	275.97	3.5941	30.580	0.048206	supercritical
90.000	15.733	398.42	0.0025099	17.301	19.039	73.870	40.048	110.37	276.25	3.5807	30.653	0.048306	supercritical
90.000	15.767	399.62	0.0025023	17.289	19.025	73.824	40.054	110.49	276.52	3.5673	30.726	0.048405	supercritical
90.000	15.800	400.83	0.0024948	17.278	19.012	73.778	40.060	110.60	276.80	3.5539	30.799	0.048504	supercritical
90.000	15.833	402.03	0.0024874	17.266	18.999	73.732	40.066	110.72	277.08	3.5405	30.872	0.048603	supercritical
90.000	15.867	403.23	0.0024800	17.254	18.986	73.686	40.072	110.83	277.36	3.5272	30.946	0.048702	supercritical
90.000	15.900	404.42	0.0024727	17.243	18.973	73.640	40.077	110.94	277.64	3.5139	31.019	0.048801	supercritical
90.000	15.933	405.62	0.0024654	17.231	18.960	73.594	40.083	111.05	277.93	3.5006	31.093	0.048900	supercritical
90.000	15.967	406.81	0.0024581	17.220	18.947	73.549	40.089	111.15	278.22	3.4873	31.167	0.048998	supercritical
90.000	16.000	408.01	0.0024509	17.209	18.934	73.503	40.094	111.26	278.51	3.4741	31.241	0.049097	supercritical
90.000	16.033	409.20	0.0024438	17.197	18.921	73.458	40.099	111.36	278.80	3.4609	31.315	0.049195	supercritical
90.000	16.067	410.39	0.0024367	17.186	18.909	73.413	40.104	111.46	279.10	3.4477	31.390	0.049293	supercritical
90.000	16.100	411.58	0.0024297	17.174	18.896	73.368	40.110	111.55	279.39	3.4345	31.464	0.049390	supercritical
90.000	16.133	412.77	0.0024227	17.163	18.883	73.323	40.114	111.65	279.69	3.4214	31.539	0.049488	supercritical
90.000	16.167	413.95	0.0024157	17.152	18.870	73.278	40.119	111.74	279.99	3.4083	31.614	0.049585	supercritical
90.000	16.200	415.13	0.0024089	17.140	18.858	73.233	40.124	111.83	280.30	3.3952	31.689	0.049683	supercritical
90.000	16.233	416.32	0.0024020	17.129	18.845	73.189	40.129	111.92	280.60	3.3821	31.764	0.049780	supercritical
90.000	16.267	417.49	0.0023952	17.118	18.832	73.144	40.133	112.00	280.91	3.3691	31.839	0.049877	supercritical
90.000	16.300	418.67	0.0023885	17.107	18.820	73.100	40.138	112.08	281.22	3.3561	31.915	0.049973	supercritical
90.000	16.333	419.85	0.0023818	17.095	18.807	73.056	40.142	112.16	281.53	3.3431	31.990	0.050070	supercritical
90.000	16.367	421.02	0.0023752	17.084	18.795	73.012	40.146	112.24	281.84	3.3302	32.066	0.050166	supercritical
90.000	16.400	422.20	0.0023686	17.073	18.782	72.968	40.150	112.32	282.16	3.3172	32.141	0.050262	supercritical
90.000	16.433	423.37	0.0023620	17.062	18.770	72.925	40.154	112.39	282.47	3.3044	32.217	0.050358	supercritical
90.000	16.467	424.53	0.0023555	17.051	18.758	72.881	40.158	112.46	282.79	3.2915	32.293	0.050454	supercritical
90.000	16.500	425.70	0.0023491	17.040	18.745	72.838	40.162	112.53	283.11	3.2787	32.369	0.050550	supercritical
90.000	16.533	426.86	0.0023427	17.029	18.733	72.794	40.166	112.59	283.44	3.2659	32.446	0.050645	supercritical
90.000	16.567	428.03	0.0023363	17.018	18.721	72.751	40.169	112.66	283.76	3.2531	32.522	0.050740	supercritical
90.000	16.600	429.19	0.0023300	17.007	18.709	72.708	40.173	112.72	284.09	3.2404	32.598	0.050835	supercritical
90.000	16.633	430.34	0.0023237	16.996	18.697	72.665	40.176	112.78	284.42	3.2277	32.675	0.050930	supercritical
90.000	16.667	431.50	0.0023175	16.985	18.684	72.623	40.180	112.84	284.75	3.2151	32.752	0.051025	supercritical
90.000	16.700	432.65	0.0023113	16.974	18.672	72.580	40.183	112.89	285.08	3.2024	32.828	0.051119	supercritical
90.000	16.733	433.80	0.0023052	16.963	18.660	72.538	40.186	112.95	285.42	3.1898	32.905	0.051214	supercritical
90.000	16.767	434.95	0.0022991	16.952	18.648	72.495	40.189	113.00	285.75	3.1773	32.982	0.051308	supercritical
90.000	16.800	436.10	0.0022931	16.941	18.636	72.453	40.192	113.05	286.09	3.1648	33.059	0.051401	supercritical
90.000	16.833	437.24	0.0022871	16.930	18.625	72.411	40.195	113.09	286.43	3.1523	33.136	0.051495	supercritical
90.000	16.867	438.39	0.0022811	16.919	18.613	72.369	40.198	113.14	286.77	3.1398	33.213	0.051588	supercritical
90.000	16.900	439.53	0.0022752	16.909	18.601	72.327	40.200	113.18	287.12	3.1274	33.291	0.051682	supercritical
90.000	16.933	440.66	0.0022693	16.898	18.589	72.286	40.203	113.22	287.46	3.1150	33.368	0.051775	supercritical
90.000	16.967	441.80	0.0022635	16.887	18.577	72.244	40.206	113.26	287.81	3.1027	33.445	0.051868	supercritical
90.000	17.000	442.93	0.0022577	16.876	18.566	72.203	40.208	113.29	288.16	3.0904	33.523	0.051960	supercritical
90.000	17.033	444.06	0.0022519	16.866	18.554	72.162	40.210	113.33	288.51	3.0781	33.600	0.052053	supercritical
90.000	17.067	445.19	0.0022462	16.855	18.542	72.121	40.213	113.36	288.86	3.0659	33.678	0.052145	supercritical
90.000	17.100	446.31	0.0022406	16.845	18.531	72.080	40.215	113.39	289.22	3.0537	33.756	0.052237	supercritical
90.000	17.133	447.43	0.0022350	16.834	18.519	72.039	40.217	113.42	289.57	3.0415	33.834	0.052329	supercritical
90.000	17.167	448.55	0.0022294	16.823	18.508	71.998	40.219	113.44	289.93	3.0294	33.911	0.052420	supercritical
90.000	17.200	449.67	0.0022238	16.813	18.496	71.958	40.221	113.47	290.29	3.0174	33.989	0.052512	supercritical
90.000	17.233	450.79	0.0022183	16.803	18.485	71.918	40.223	113.49	290.65	3.0053	34.067	0.052603	supercritical
90.000	17.267	451.90	0.0022129	16.792	18.474	71.877	40.225	113.51	291.01	2.9933	34.145	0.052694	supercritical
90.000	17.300	453.01	0.0022075	16.782	18.462	71.837	40.227	113.53	291.38	2.9814	34.223	0.052785	supercritical
90.000	17.333	454.11	0.0022021	16.771	18.451	71.797	40.228	113.54	291.74	2.9695	34.301	0.052876	supercritical
90.000	17.367	455.22	0.0021967	16.761	18.440	71.758	40.230	113.56	292.11	2.9576	34.379	0.052966	supercritical
90.000	17.400	456.32	0.0021914	16.751	18.429	71.718	40.232	113.57	292.48	2.9458	34.457	0.053056	supercritical
90.000	17.433	457.42	0.0021862	16.740	18.418	71.679	40.233	113.58	292.85	2.9340	34.536	0.053146	supercritical
90.000	17.467	458.51	0.0021810	16.730	18.406	71.639	40.234	113.59	293.22	2.9222	34.614	0.053236	supercritical
90.000	17.500	459.61	0.0021758	16.720	18.395	71.600	40.236	113.60	293.59	2.9105	34.692	0.053325	supercritical
90.000	17.533	460.70	0.0021706	16.709	18.384	71.561	40.237	113.60	293.97	2.8988	34.770	0.053415	supercritical
90.000	17.567	461.79	0.0021655	16.699	18.373	71.522	40.238	113.60	294.34	2.8872	34.849	0.053504	supercritical
90.000	17.600	462.87	0.0021604	16.689	18.363	71.483	40.239	113.61	294.72	2.8756	34.927	0.053593	supercritical
90.000	17.633	463.95	0.0021554	16.679	18.352	71.445	40.240	113.61	295.10	2.8641	35.005	0.053682	supercritical
90.000	17.667	465.03	0.0021504	16.669	18.341	71.406	40.241	113.60	295.48	2.8526	35.084	0.053770	supercritical
90.000	17.700	466.11	0.0021454	16.659	18.330	71.368	40.242	113.60	295.86	2.8411	35.162	0.053859	supercritical
90.000	17.733	467.18	0.0021405	16.649	18.319	71.329	40.243	113.59	296.24	2.8297	35.241	0.053947	supercritical
90.000	17.767	468.25	0.0021356	16.639	18.309	71.291	40.244	113.59	296.63	2.8183	35.319	0.054035	supercritical
90.000	17.800	469.32	0.0021307	16.629	18.298	71.253	40.245	113.58	297.01	2.8070	35.398	0.054123	supercritical
90.000	17.833	470.38	0.0021259	16.619	18.287	71.216	40.246	113.57	297.40	2.7957	35.476	0.054210	supercritical
90.000	17.867	471.45	0.0021211	16.609	18.277	71.178	40.246	113.56	297.79	2.7845	35.555	0.054297	supercritical
90.000	17.900	472.51	0.0021164	16.599	18.266	71.140	40.247	113.54	298.18	2.7733	35.633	0.054385	supercritical
90.000	17.933	473.56	0.0021117	16.589	18.256	71.103	40.247	113.53	298.57	2.7621	35.711	0.054471	supercritical
90.000	17.967	474.62	0.0021070	16.579	18.245	71.066	40.248	113.51	298.96	2.7510	35.790	0.054558	supercritical
90.000	18.000	475.67	0.0021023	16.570	18.235	71.029	40.248	113.50	299.36	2.7399	35.868	0.054645	supercritical
90.000	18.033	476.71	0.0020977	16.560	18.225	70.992	40.249	113.48	299.75	2.7289	35.947	0.054731	supercritical
90.000	18.067	477.76	0.0020931	16.550	18.214	70.955	40.249	113.45	300.15	2.7179	36.025	0.054817	supercritical
90.000	18.100	478.80	0.0020886	16.540	18.204	70.918	40.249	113.43	300.54	2.7070	36.104	0.054903	supercritical
90.000	18.133	479.84	0.0020840	16.531	18.194	70.882	40.250	113.41	300.94	2.6961	36.182	0.054989	supercritical
90.000	18.167	480.87	0.0020795	16.521	18.184	70.845	40.250	113.38	301.34	2.6853	36.261	0.055074	supercritical
90.000	18.200	481.91	0.0020751	16.512	18.174	70.809	40.250	113.36	301.74	2.6745	36.339	0.055160	supercritical
90.000	18.233	482.94	0.0020707	16.502	18.164	70.773	40.250	113.33	302.14	2.6637	36.417	0.055245	supercritical
90.000	18.267	483.96	0.0020663	16.492	18.153	70.737	40.250	113.30	302.55	2.6530	36.496	0.055330	supercritical
90.000	18.300	484.99	0.0020619	16.483	18.143	70.701	40.250	113.27	302.95	2.6423	36.574	0.055415	supercritical
90.000	18.333	486.01	0.0020576	16.473	18.134	70.665	40.250	113.24	303.36	2.6317	36.653	0.055499	supercritical
90.000	18.367	487.02	0.0020533	16.464	18.124	70.630	40.250	113.20	303.76	2.6211	36.731	0.055584	supercritical
90.000	18.400	488.04	0.0020490	16.454	18.114	70.594	40.250	113.17	304.17	2.6106	36.809	0.055668	supercritical
90.000	18.433	489.05	0.0020448	16.445	18.104	70.559	40.250	113.13	304.58	2.6001	36.887	0.055752	supercritical
90.000	18.467	490.06	0.0020406	16.436	18.094	70.524	40.249	113.10	304.99	2.5896	36.966	0.055835	supercritical
90.000	18.500	491.06	0.0020364	16.426	18.084	70.489	40.249	113.06	305.40	2.5792	37.044	0.055919	supercritical
90.000	18.533	492.07	0.0020322	16.417	18.075	70.454	40.249	113.02	305.81	2.5689	37.122	0.056002	supercritical
90.000	18.567	493.07	0.0020281	16.408	18.065	70.419	40.248	112.98	306.22	2.5586	37.200	0.056086	supercritical
90.000	18.600	494.06	0.0020240	16.399	18.055	70.384	40.248	112.94	306.63	2.5483	37.278	0.056169	supercritical
90.000	18.633	495.06	0.0020200	16.389	18.046	70.350	40.248	112.90	307.05	2.5381	37.356	0.056252	supercritical
90.000	18.667	496.05	0.0020159	16.380	18.036	70.315	40.247	112.85	307.46	2.5279	37.434	0.056334	supercritical
90.000	18.700	497.03	0.0020119	16.371	18.027	70.281	40.247	112.81	307.88	2.5178	37.512	0.056417	supercritical
90.000	18.733	498.02	0.0020080	16.362	18.017	70.247	40.246	112.76	308.30	2.5077	37.590	0.056499	supercritical
90.000	18.767	499.00	0.0020040	16.353	18.008	70.213	40.246	112.72	308.71	2.4977	37.668	0.056581	supercritical
90.000	18.800	499.98	0.0020001	16.344	17.999	70.179	40.245	112.67	309.13	2.4877	37.746	0.056663	supercritical
90.000	18.833	500.95	0.0019962	16.335	17.989	70.145	40.244	112.62	309.55	2.4777	37.824	0.056745	supercritical
90.000	18.867	501.92	0.0019923	16.326	17.980	70.112	40.244	112.57	309.97	2.4678	37.902	0.056826	supercritical
90.000	18.900	502.89	0.0019885	16.317	17.971	70.078	40.243	112.52	310.39	2.4579	37.979	0.056907	supercritical
90.000	18.933	503.86	0.0019847	16.308	17.962	70.045	40.242	112.47	310.82	2.4481	38.057	0.056988	supercritical
90.000	18.967	504.82	0.0019809	16.299	17.952	70.012	40.241	112.41	311.24	2.4383	38.135	0.057069	supercritical
90.000	19.000	505.78	0.0019771	16.290	17.943	69.979	40.241	112.36	311.66	2.4286	38.212	0.057150	supercritical
90.000	19.033	506.74	0.0019734	16.281	17.934	69.946	40.240	112.31	312.09	2.4189	38.290	0.057231	supercritical
90.000	19.067	507.69	0.0019697	16.272	17.925	69.913	40.239	112.25	312.51	2.4093	38.367	0.057311	supercritical
90.000	19.100	508.64	0.0019660	16.264	17.916	69.880	40.238	112.20	312.94	2.3997	38.445	0.057391	supercritical
90.000	19.133	509.59	0.0019624	16.255	17.907	69.847	40.237	112.14	313.37	2.3901	38.522	0.057472	supercritical
90.000	19.167	510.53	0.0019587	16.246	17.898	69.815	40.236	112.08	313.79	2.3806	38.599	0.057551	supercritical
90.000	19.200	511.47	0.0019551	16.237	17.889	69.783	40.235	112.02	314.22	2.3712	38.676	0.057631	supercritical
90.000	19.233	512.41	0.0019516	16.229	17.881	69.750	40.234	111.96	314.65	2.3617	38.754	0.057711	supercritical
90.000	19.267	513.35	0.0019480	16.220	17.872	69.718	40.233	111.90	315.08	2.3524	38.831	0.057790	supercritical
90.000	19.300	514.28	0.0019445	16.211	17.863	69.686	40.232	111.84	315.51	2.3430	38.908	0.057869	supercritical
90.000	19.333	515.21	0.0019410	16.203	17.854	69.654	40.231	111.78	315.94	2.3338	38.985	0.057948	supercritical
90.000	19.367	516.14	0.0019375	16.194	17.846	69.623	40.230	111.72	316.37	2.3245	39.061	0.058027	supercritical
90.000	19.400	517.06	0.0019340	16.186	17.837	69.591	40.229	111.66	316.80	2.3153	39.138	0.058106	supercritical
90.000	19.433	517.98	0.0019306	16.177	17.828	69.560	40.228	111.59	317.23	2.3062	39.215	0.058184	supercritical
90.000	19.467	518.90	0.0019272	16.169	17.820	69.528	40.227	111.53	317.67	2.2970	39.292	0.058262	supercritical
90.000	19.500	519.81	0.0019238	16.160	17.811	69.497	40.225	111.47	318.10	2.2880	39.368	0.058340	supercritical
90.000	19.533	520.72	0.0019204	16.152	17.803	69.466	40.224	111.40	318.54	2.2789	39.445	0.058418	supercritical
90.000	19.567	521.63	0.0019171	16.144	17.794	69.435	40.223	111.33	318.97	2.2700	39.521	0.058496	supercritical
90.000	19.600	522.54	0.0019137	16.135	17.786	69.404	40.222	111.27	319.41	2.2610	39.598	0.058574	supercritical
90.000	19.633	523.44	0.0019104	16.127	17.778	69.373	40.220	111.20	319.84	2.2521	39.674	0.058651	supercritical
90.000	19.667	524.34	0.0019072	16.119	17.769	69.343	40.219	111.13	320.28	2.2433	39.750	0.058728	supercritical
90.000	19.700	525.23	0.0019039	16.110	17.761	69.312	40.218	111.07	320.72	2.2345	39.826	0.058806	supercritical
90.000	19.733	526.13	0.0019007	16.102	17.753	69.282	40.216	111.00	321.15	2.2257	39.902	0.058883	supercritical
90.000	19.767	527.02	0.0018975	16.094	17.745	69.251	40.215	110.93	321.59	2.2170	39.978	0.058959	supercritical
90.000	19.800	527.91	0.0018943	16.086	17.736	69.221	40.214	110.86	322.03	2.2083	40.054	0.059036	supercritical
90.000	19.833	528.79	0.0018911	16.078	17.728	69.191	40.212	110.79	322.47	2.1996	40.130	0.059112	supercritical
90.000	19.867	529.67	0.0018880	16.069	17.720	69.161	40.211	110.72	322.91	2.1910	40.206	0.059189	supercritical
90.000	19.900	530.55	0.0018848	16.061	17.712	69.131	40.209	110.65	323.35	2.1825	40.281	0.059265	supercritical
90.000	19.933	531.43	0.0018817	16.053	17.704	69.102	40.208	110.57	323.79	2.1739	40.357	0.059341	supercritical
90.000	19.967	532.30	0.0018786	16.045	17.696	69.072	40.207	110.50	324.23	2.1655	40.432	0.059416	supercritical
90.000	20.000	533.17	0.0018756	16.037	17.688	69.043	40.205	110.43	324.67	2.1570	40.508	0.059492	supercritical
90.000	20.033	534.04	0.0018725	16.029	17.680	69.013	40.204	110.36	325.11	2.1486	40.583	0.059567	supercritical
90.000	20.067	534.90	0.0018695	16.021	17.672	68.984	40.202	110.28	325.55	2.1403	40.658	0.059643	supercritical
90.000	20.100	535.76	0.0018665	16.013	17.664	68.955	40.201	110.21	326.00	2.1320	40.733	0.059718	supercritical
90.000	20.133	536.62	0.0018635	16.005	17.657	68.926	40.199	110.14	326.44	2.1237	40.808	0.059793	supercritical
90.000	20.167	537.48	0.0018605	15.998	17.649	68.897	40.197	110.06	326.88	2.1155	40.883	0.059868	supercritical
90.000	20.200	538.33	0.0018576	15.990	17.641	68.868	40.196	109.99	327.32	2.1073	40.958	0.059942	supercritical
90.000	20.233	539.18	0.0018547	15.982	17.633	68.839	40.194	109.91	327.77	2.0991	41.033	0.060017	supercritical
90.000	20.267	540.03	0.0018518	15.974	17.626	68.811	40.193	109.84	328.21	2.0910	41.108	0.060091	supercritical
90.000	20.300	540.87	0.0018489	15.966	17.618	68.782	40.191	109.76	328.66	2.0829	41.182	0.060165	supercritical
90.000	20.333	541.71	0.0018460	15.959	17.610	68.754	40.190	109.69	329.10	2.0749	41.257	0.060239	supercritical
90.000	20.367	542.55	0.0018431	15.951	17.603	68.725	40.188	109.61	329.55	2.0669	41.331	0.060313	supercritical
90.000	20.400	543.39	0.0018403	15.943	17.595	68.697	40.186	109.53	329.99	2.0590	41.405	0.060387	supercritical
90.000	20.433	544.22	0.0018375	15.935	17.588	68.669	40.185	109.46	330.44	2.0510	41.480	0.060461	supercritical
90.000	20.467	545.05	0.0018347	15.928	17.580	68.641	40.183	109.38	330.88	2.0432	41.554	0.060534	supercritical
90.000	20.500	545.88	0.0018319	15.920	17.573	68.613	40.181	109.30	331.33	2.0353	41.628	0.060607	supercritical
90.000	20.533	546.70	0.0018292	15.913	17.566	68.585	40.180	109.22	331.77	2.0275	41.702	0.060680	supercritical
90.000	20.567	547.52	0.0018264	15.905	17.558	68.558	40.178	109.15	332.22	2.0198	41.776	0.060753	supercritical
90.000	20.600	548.34	0.0018237	15.898	17.551	68.530	40.176	109.07	332.67	2.0121	41.849	0.060826	supercritical
90.000	20.633	549.16	0.0018210	15.890	17.544	68.503	40.175	108.99	333.11	2.0044	41.923	0.060899	supercritical
90.000	20.667	549.97	0.0018183	15.883	17.536	68.475	40.173	108.91	333.56	1.9967	41.997	0.060971	supercritical
90.000	20.700	550.78	0.0018156	15.875	17.529	68.448	40.171	108.83	334.01	1.9891	42.070	0.061043	supercritical
90.000	20.733	551.59	0.0018129	15.868	17.522	68.421	40.169	108.75	334.46	1.9816	42.143	0.061116	supercritical
90.000	20.767	552.40	0.0018103	15.860	17.515	68.394	40.168	108.68	334.90	1.9740	42.217	0.061188	supercritical
90.000	20.800	553.20	0.0018077	15.853	17.508	68.367	40.166	108.60	335.35	1.9665	42.290	0.061260	supercritical
90.000	20.833	554.00	0.0018051	15.845	17.500	68.340	40.164	108.52	335.80	1.9591	42.363	0.061331	supercritical
90.000	20.867	554.80	0.0018025	15.838	17.493	68.313	40.162	108.44	336.25	1.9517	42.436	0.061403	supercritical
90.000	20.900	555.59	0.0017999	15.831	17.486	68.287	40.161	108.36	336.70	1.9443	42.509	0.061474	supercritical
90.000	20.933	556.38	0.0017973	15.824	17.479	68.260	40.159	108.28	337.15	1.9369	42.581	0.061546	supercritical
90.000	20.967	557.17	0.0017948	15.816	17.472	68.234	40.157	108.20	337.59	1.9296	42.654	0.061617	supercritical
90.000	21.000	557.96	0.0017922	15.809	17.465	68.207	40.155	108.12	338.04	1.9224	42.727	0.061688	supercritical
90.000	21.033	558.74	0.0017897	15.802	17.459	68.181	40.154	108.04	338.49	1.9151	42.799	0.061759	supercritical
90.000	21.067	559.53	0.0017872	15.795	17.452	68.155	40.152	107.96	338.94	1.9079	42.872	0.061830	supercritical
90.000	21.100	560.30	0.0017847	15.787	17.445	68.129	40.150	107.88	339.39	1.9008	42.944	0.061900	supercritical
90.000	21.133	561.08	0.0017823	15.780	17.438	68.103	40.148	107.80	339.84	1.8936	43.016	0.061971	supercritical
90.000	21.167	561.85	0.0017798	15.773	17.431	68.077	40.146	107.72	340.29	1.8865	43.088	0.062041	supercritical
90.000	21.200	562.62	0.0017774	15.766	17.424	68.051	40.145	107.64	340.74	1.8795	43.160	0.062111	supercritical
90.000	21.233	563.39	0.0017750	15.759	17.418	68.025	40.143	107.55	341.19	1.8725	43.232	0.062181	supercritical
90.000	21.267	564.16	0.0017725	15.752	17.411	68.000	40.141	107.47	341.64	1.8655	43.304	0.062251	supercritical
90.000	21.300	564.92	0.0017702	15.745	17.404	67.974	40.139	107.39	342.09	1.8585	43.375	0.062321	supercritical
90.000	21.333	565.68	0.0017678	15.738	17.398	67.949	40.137	107.31	342.54	1.8516	43.447	0.062390	supercritical
90.000	21.367	566.44	0.0017654	15.731	17.391	67.924	40.135	107.23	342.99	1.8447	43.518	0.062460	supercritical
90.000	21.400	567.20	0.0017631	15.724	17.385	67.898	40.134	107.15	343.44	1.8379	43.590	0.062529	supercritical
90.000	21.433	567.95	0.0017607	15.717	17.378	67.873	40.132	107.07	343.89	1.8310	43.661	0.062598	supercritical
90.000	21.467	568.70	0.0017584	15.710	17.371	67.848	40.130	106.99	344.34	1.8243	43.732	0.062667	supercritical
90.000	21.500	569.45	0.0017561	15.703	17.365	67.823	40.128	106.91	344.78	1.8175	43.803	0.062736	supercritical
90.000	21.533	570.20	0.0017538	15.696	17.358	67.798	40.126	106.83	345.23	1.8108	43.874	0.062805	supercritical
90.000	21.567	570.94	0.0017515	15.690	17.352	67.773	40.124	106.74	345.68	1.8041	43.945	0.062874	supercritical
90.000	21.600	571.68	0.0017492	15.683	17.346	67.749	40.123	106.66	346.13	1.7975	44.015	0.062942	supercritical
90.000	21.633	572.42	0.0017470	15.676	17.339	67.724	40.121	106.58	346.58	1.7908	44.086	0.063010	supercritical
90.000	21.667	573.15	0.0017447	15.669	17.333	67.700	40.119	106.50	347.03	1.7843	44.156	0.063079	supercritical
90.000	21.700	573.89	0.0017425	15.663	17.327	67.675	40.117	106.42	347.48	1.7777	44.227	0.063147	supercritical
90.000	21.733	574.62	0.0017403	15.656	17.320	67.651	40.115	106.34	347.93	1.7712	44.297	0.063215	supercritical
90.000	21.767	575.35	0.0017381	15.649	17.314	67.627	40.113	106.26	348.38	1.7647	44.367	0.063283	supercritical
90.000	21.800	576.07	0.0017359	15.642	17.308	67.602	40.111	106.18	348.83	1.7583	44.437	0.063350	supercritical
90.000	21.833	576.80	0.0017337	15.636	17.302	67.578	40.110	106.10	349.28	1.7518	44.507	0.063418	supercritical
90.000	21.867	577.52	0.0017315	15.629	17.295	67.554	40.108	106.02	349.73	1.7454	44.577	0.063485	supercritical
90.000	21.900	578.24	0.0017294	15.622	17.289	67.530	40.106	105.93	350.18	1.7391	44.647	0.063553	supercritical
90.000	21.933	578.96	0.0017272	15.616	17.283	67.506	40.104	105.85	350.63	1.7327	44.717	0.063620	supercritical
90.000	21.967	579.67	0.0017251	15.609	17.277	67.483	40.102	105.77	351.08	1.7265	44.786	0.063687	supercritical
90.000	22.000	580.38	0.0017230	15.603	17.271	67.459	40.100	105.69	351.53	1.7202	44.856	0.063754	supercritical
90.000	22.033	581.09	0.0017209	15.596	17.265	67.435	40.099	105.61	351.98	1.7140	44.925	0.063821	supercritical
90.000	22.067	581.80	0.0017188	15.590	17.259	67.412	40.097	105.53	352.43	1.7077	44.994	0.063887	supercritical
90.000	22.100	582.50	0.0017167	15.583	17.253	67.388	40.095	105.45	352.88	1.7016	45.064	0.063954	supercritical
90.000	22.133	583.21	0.0017147	15.577	17.247	67.365	40.093	105.37	353.33	1.6954	45.133	0.064020	supercritical
90.000	22.167	583.91	0.0017126	15.570	17.241	67.342	40.091	105.29	353.77	1.6893	45.202	0.064087	supercritical
90.000	22.200	584.61	0.0017106	15.564	17.235	67.319	40.089	105.21	354.22	1.6832	45.270	0.064153	supercritical
90.000	22.233	585.30	0.0017085	15.557	17.229	67.295	40.087	105.13	354.67	1.6772	45.339	0.064219	supercritical
90.000	22.267	586.00	0.0017065	15.551	17.223	67.272	40.086	105.05	355.12	1.6712	45.408	0.064285	supercritical
90.000	22.300	586.69	0.0017045	15.545	17.217	67.249	40.084	104.97	355.57	1.6652	45.476	0.064350	supercritical
90.000	22.333	587.38	0.0017025	15.538	17.212	67.226	40.082	104.89	356.02	1.6592	45.545	0.064416	supercritical
90.000	22.367	588.06	0.0017005	15.532	17.206	67.204	40.080	104.81	356.46	1.6533	45.613	0.064482	supercritical
90.000	22.400	588.75	0.0016985	15.526	17.200	67.181	40.078	104.73	356.91	1.6474	45.681	0.064547	supercritical
90.000	22.433	589.43	0.0016965	15.519	17.194	67.158	40.076	104.65	357.36	1.6415	45.749	0.064612	supercritical
90.000	22.467	590.11	0.0016946	15.513	17.189	67.136	40.075	104.57	357.81	1.6356	45.817	0.064677	supercritical
90.000	22.500	590.79	0.0016926	15.507	17.183	67.113	40.073	104.49	358.26	1.6298	45.885	0.064743	supercritical
90.000	22.533	591.47	0.0016907	15.501	17.177	67.091	40.071	104.41	358.70	1.6240	45.953	0.064807	supercritical
90.000	22.567	592.14	0.0016888	15.494	17.172	67.068	40.069	104.33	359.15	1.6183	46.021	0.064872	supercritical
90.000	22.600	592.81	0.0016869	15.488	17.166	67.046	40.067	104.25	359.60	1.6125	46.088	0.064937	supercritical
90.000	22.633	593.48	0.0016850	15.482	17.160	67.024	40.065	104.17	360.04	1.6068	46.156	0.065002	supercritical
90.000	22.667	594.15	0.0016831	15.476	17.155	67.002	40.064	104.09	360.49	1.6011	46.223	0.065066	supercritical
90.000	22.700	594.81	0.0016812	15.470	17.149	66.980	40.062	104.01	360.94	1.5955	46.290	0.065130	supercritical
90.000	22.733	595.48	0.0016793	15.464	17.144	66.958	40.060	103.93	361.38	1.5899	46.358	0.065195	supercritical
90.000	22.767	596.14	0.0016775	15.458	17.138	66.936	40.058	103.85	361.83	1.5843	46.425	0.065259	supercritical
90.000	22.800	596.80	0.0016756	15.452	17.133	66.914	40.056	103.77	362.27	1.5787	46.492	0.065323	supercritical
90.000	22.833	597.45	0.0016738	15.445	17.127	66.892	40.054	103.70	362.72	1.5732	46.559	0.065386	supercritical
90.000	22.867	598.11	0.0016719	15.439	17.122	66.870	40.053	103.62	363.16	1.5676	46.625	0.065450	supercritical
90.000	22.900	598.76	0.0016701	15.433	17.117	66.849	40.051	103.54	363.61	1.5621	46.692	0.065514	supercritical
90.000	22.933	599.41	0.0016683	15.427	17.111	66.827	40.049	103.46	364.06	1.5567	46.758	0.065577	supercritical
90.000	22.967	600.06	0.0016665	15.421	17.106	66.806	40.047	103.38	364.50	1.5512	46.825	0.065641	supercritical
90.000	23.000	600.71	0.0016647	15.415	17.101	66.784	40.045	103.30	364.94	1.5458	46.891	0.065704	supercritical
90.000	23.033	601.35	0.0016629	15.410	17.095	66.763	40.044	103.23	365.39	1.5405	46.958	0.065767	supercritical
90.000	23.067	602.00	0.0016611	15.404	17.090	66.742	40.042	103.15	365.83	1.5351	47.024	0.065830	supercritical
90.000	23.100	602.64	0.0016594	15.398	17.085	66.721	40.040	103.07	366.28	1.5298	47.090	0.065893	supercritical
90.000	23.133	603.28	0.0016576	15.392	17.079	66.699	40.038	102.99	366.72	1.5245	47.156	0.065956	supercritical
90.000	23.167	603.91	0.0016559	15.386	17.074	66.678	40.037	102.92	367.16	1.5192	47.222	0.066019	supercritical
90.000	23.200	604.55	0.0016541	15.380	17.069	66.657	40.035	102.84	367.61	1.5139	47.287	0.066081	supercritical
90.000	23.233	605.18	0.0016524	15.374	17.064	66.636	40.033	102.76	368.05	1.5087	47.353	0.066144	supercritical
90.000	23.267	605.81	0.0016507	15.368	17.059	66.616	40.031	102.69	368.49	1.5035	47.418	0.066206	supercritical
90.000	23.300	606.44	0.0016490	15.363	17.054	66.595	40.029	102.61	368.93	1.4983	47.484	0.066268	supercritical
90.000	23.333	607.07	0.0016473	15.357	17.048	66.574	40.028	102.53	369.38	1.4931	47.549	0.066331	supercritical
90.000	23.367	607.69	0.0016456	15.351	17.043	66.553	40.026	102.46	369.82	1.4880	47.614	0.066393	supercritical
90.000	23.400	608.31	0.0016439	15.345	17.038	66.533	40.024	102.38	370.26	1.4829	47.680	0.066454	supercritical
90.000	23.433	608.93	0.0016422	15.340	17.033	66.512	40.022	102.31	370.70	1.4778	47.745	0.066516	supercritical
90.000	23.467	609.55	0.0016405	15.334	17.028	66.492	40.021	102.23	371.14	1.4728	47.810	0.066578	supercritical
90.000	23.500	610.17	0.0016389	15.328	17.023	66.471	40.019	102.15	371.58	1.4677	47.874	0.066640	supercritical
90.000	23.533	610.79	0.0016372	15.322	17.018	66.451	40.017	102.08	372.02	1.4627	47.939	0.066701	supercritical
90.000	23.567	611.40	0.0016356	15.317	17.013	66.431	40.016	102.00	372.46	1.4577	48.004	0.066763	supercritical
90.000	23.600	612.01	0.0016340	15.311	17.008	66.410	40.014	101.93	372.90	1.4528	48.068	0.066824	supercritical
90.000	23.633	612.62	0.0016323	15.306	17.003	66.390	40.012	101.85	373.34	1.4478	48.133	0.066885	supercritical
90.000	23.667	613.23	0.0016307	15.300	16.998	66.370	40.010	101.78	373.78	1.4429	48.197	0.066946	supercritical
90.000	23.700	613.83	0.0016291	15.294	16.994	66.350	40.009	101.70	374.22	1.4380	48.261	0.067007	supercritical
90.000	23.733	614.44	0.0016275	15.289	16.989	66.330	40.007	101.63	374.66	1.4332	48.325	0.067068	supercritical
90.000	23.767	615.04	0.0016259	15.283	16.984	66.310	40.005	101.55	375.10	1.4283	48.389	0.067129	supercritical
90.000	23.800	615.64	0.0016243	15.278	16.979	66.290	40.004	101.48	375.54	1.4235	48.453	0.067189	supercritical
90.000	23.833	616.24	0.0016227	15.272	16.974	66.271	40.002	101.41	375.97	1.4187	48.517	0.067250	supercritical
90.000	23.867	616.84	0.0016212	15.267	16.969	66.251	40.000	101.33	376.41	1.4139	48.581	0.067310	supercritical
90.000	23.900	617.43	0.0016196	15.261	16.965	66.231	39.999	101.26	376.85	1.4091	48.645	0.067371	supercritical
90.000	23.933	618.03	0.0016181	15.256	16.960	66.212	39.997	101.19	377.29	1.4044	48.708	0.067431	supercritical
90.000	23.967	618.62	0.0016165	15.250	16.955	66.192	39.995	101.11	377.72	1.3997	48.772	0.067491	supercritical
90.000	24.000	619.21	0.0016150	15.245	16.950	66.173	39.994	101.04	378.16	1.3950	48.835	0.067551	supercritical
90.000	24.033	619.79	0.0016134	15.239	16.946	66.153	39.992	100.97	378.60	1.3903	48.898	0.067611	supercritical
90.000	24.067	620.38	0.0016119	15.234	16.941	66.134	39.990	100.89	379.03	1.3857	48.961	0.067671	supercritical
90.000	24.100	620.97	0.0016104	15.228	16.936	66.114	39.989	100.82	379.47	1.3811	49.024	0.067730	supercritical
90.000	24.133	621.55	0.0016089	15.223	16.932	66.095	39.987	100.75	379.90	1.3765	49.087	0.067790	supercritical
90.000	24.167	622.13	0.0016074	15.218	16.927	66.076	39.985	100.68	380.34	1.3719	49.150	0.067850	supercritical
90.000	24.200	622.71	0.0016059	15.212	16.923	66.057	39.984	100.61	380.77	1.3673	49.213	0.067909	supercritical
90.000	24.233	623.29	0.0016044	15.207	16.918	66.038	39.982	100.53	381.21	1.3628	49.276	0.067968	supercritical
90.000	24.267	623.86	0.0016029	15.202	16.913	66.019	39.980	100.46	381.64	1.3583	49.338	0.068028	supercritical
90.000	24.300	624.44	0.0016014	15.196	16.909	66.000	39.979	100.39	382.07	1.3538	49.401	0.068087	supercritical
90.000	24.333	625.01	0.0016000	15.191	16.904	65.981	39.977	100.32	382.51	1.3493	49.463	0.068146	supercritical
90.000	24.367	625.58	0.0015985	15.186	16.900	65.962	39.976	100.25	382.94	1.3448	49.526	0.068205	supercritical
90.000	24.400	626.15	0.0015971	15.180	16.895	65.943	39.974	100.18	383.37	1.3404	49.588	0.068263	supercritical
90.000	24.433	626.72	0.0015956	15.175	16.891	65.924	39.972	100.11	383.80	1.3360	49.650	0.068322	supercritical
90.000	24.467	627.28	0.0015942	15.170	16.887	65.906	39.971	100.04	384.23	1.3316	49.712	0.068381	supercritical
90.000	24.500	627.85	0.0015927	15.165	16.882	65.887	39.969	99.965	384.67	1.3272	49.774	0.068439	supercritical
90.000	24.533	628.41	0.0015913	15.160	16.878	65.868	39.968	99.895	385.10	1.3228	49.836	0.068498	supercritical
90.000	24.567	628.97	0.0015899	15.154	16.873	65.850	39.966	99.825	385.53	1.3185	49.898	0.068556	supercritical
90.000	24.600	629.53	0.0015885	15.149	16.869	65.831	39.964	99.755	385.96	1.3142	49.959	0.068614	supercritical
90.000	24.633	630.09	0.0015871	15.144	16.865	65.813	39.963	99.686	386.39	1.3099	50.021	0.068673	supercritical
90.000	24.667	630.64	0.0015857	15.139	16.860	65.795	39.961	99.616	386.82	1.3056	50.082	0.068731	supercritical
90.000	24.700	631.20	0.0015843	15.134	16.856	65.776	39.960	99.547	387.25	1.3014	50.144	0.068789	supercritical
90.000	24.733	631.75	0.0015829	15.129	16.852	65.758	39.958	99.478	387.68	1.2971	50.205	0.068846	supercritical
90.000	24.767	632.30	0.0015815	15.123	16.847	65.740	39.957	99.409	388.11	1.2929	50.266	0.068904	supercritical
90.000	24.800	632.85	0.0015801	15.118	16.843	65.722	39.955	99.340	388.53	1.2887	50.327	0.068962	supercritical
90.000	24.833	633.40	0.0015788	15.113	16.839	65.704	39.954	99.272	388.96	1.2845	50.388	0.069019	supercritical
90.000	24.867	633.95	0.0015774	15.108	16.834	65.686	39.952	99.204	389.39	1.2803	50.449	0.069077	supercritical
90.000	24.900	634.49	0.0015761	15.103	16.830	65.668	39.951	99.135	389.82	1.2762	50.510	0.069134	supercritical
90.000	24.933	635.04	0.0015747	15.098	16.826	65.650	39.949	99.067	390.24	1.2721	50.571	0.069192	supercritical
90.000	24.967	635.58	0.0015734	15.093	16.822	65.632	39.948	99.000	390.67	1.2680	50.631	0.069249	supercritical
90.000	25.000	636.12	0.0015720	15.088	16.818	65.614	39.946	98.932	391.10	1.2639	50.692	0.069306	supercritical
90.000	25.033	636.66	0.0015707	15.083	16.814	65.596	39.945	98.865	391.52	1.2598	50.752	0.069363	supercritical
90.000	25.067	637.19	0.0015694	15.078	16.809	65.578	39.943	98.798	391.95	1.2558	50.813	0.069420	supercritical
90.000	25.100	637.73	0.0015681	15.073	16.805	65.561	39.942	98.730	392.37	1.2517	50.873	0.069477	supercritical
90.000	25.133	638.26	0.0015667	15.068	16.801	65.543	39.940	98.664	392.80	1.2477	50.933	0.069534	supercritical
90.000	25.167	638.80	0.0015654	15.063	16.797	65.525	39.939	98.597	393.22	1.2437	50.993	0.069590	supercritical
90.000	25.200	639.33	0.0015641	15.058	16.793	65.508	39.937	98.531	393.65	1.2397	51.053	0.069647	supercritical
90.000	25.233	639.86	0.0015628	15.053	16.789	65.490	39.936	98.464	394.07	1.2358	51.113	0.069703	supercritical
90.000	25.267	640.39	0.0015616	15.048	16.785	65.473	39.934	98.398	394.49	1.2318	51.173	0.069760	supercritical
90.000	25.300	640.91	0.0015603	15.044	16.781	65.455	39.933	98.332	394.92	1.2279	51.233	0.069816	supercritical
90.000	25.333	641.44	0.0015590	15.039	16.777	65.438	39.931	98.267	395.34	1.2240	51.293	0.069872	supercritical
90.000	25.367	641.96	0.0015577	15.034	16.773	65.421	39.930	98.201	395.76	1.2201	51.352	0.069928	supercritical
90.000	25.400	642.49	0.0015565	15.029	16.769	65.403	39.928	98.136	396.18	1.2162	51.412	0.069984	supercritical
90.000	25.433	643.01	0.0015552	15.024	16.765	65.386	39.927	98.070	396.61	1.2123	51.471	0.070040	supercritical
90.000	25.467	643.53	0.0015539	15.019	16.761	65.369	39.926	98.005	397.03	1.2085	51.531	0.070096	supercritical
90.000	25.500	644.05	0.0015527	15.014	16.757	65.352	39.924	97.941	397.45	1.2047	51.590	0.070152	supercritical
90.000	25.533	644.56	0.0015514	15.010	16.753	65.335	39.923	97.876	397.87	1.2009	51.649	0.070208	supercritical
90.000	25.567	645.08	0.0015502	15.005	16.749	65.318	39.921	97.812	398.29	1.1971	51.708	0.070263	supercritical
90.000	25.600	645.59	0.0015490	15.000	16.745	65.301	39.920	97.747	398.71	1.1933	51.767	0.070319	supercritical
90.000	25.633	646.11	0.0015477	14.995	16.741	65.284	39.919	97.683	399.13	1.1895	51.826	0.070374	supercritical
90.000	25.667	646.62	0.0015465	14.991	16.737	65.267	39.917	97.619	399.55	1.1858	51.885	0.070430	supercritical
90.000	25.700	647.13	0.0015453	14.986	16.734	65.250	39.916	97.556	399.97	1.1821	51.943	0.070485	supercritical
90.000	25.733	647.64	0.0015441	14.981	16.730	65.233	39.914	97.492	400.38	1.1783	52.002	0.070540	supercritical
90.000	25.767	648.14	0.0015429	14.976	16.726	65.217	39.913	97.429	400.80	1.1746	52.061	0.070595	supercritical
90.000	25.800	648.65	0.0015417	14.972	16.722	65.200	39.912	97.366	401.22	1.1710	52.119	0.070650	supercritical
90.000	25.833	649.15	0.0015405	14.967	16.718	65.183	39.910	97.303	401.64	1.1673	52.178	0.070705	supercritical
90.000	25.867	649.66	0.0015393	14.962	16.715	65.167	39.909	97.240	402.05	1.1637	52.236	0.070760	supercritical
90.000	25.900	650.16	0.0015381	14.958	16.711	65.150	39.908	97.177	402.47	1.1600	52.294	0.070815	supercritical
90.000	25.933	650.66	0.0015369	14.953	16.707	65.133	39.906	97.115	402.89	1.1564	52.352	0.070869	supercritical
90.000	25.967	651.16	0.0015357	14.948	16.703	65.117	39.905	97.052	403.30	1.1528	52.410	0.070924	supercritical
90.000	26.000	651.66	0.0015346	14.944	16.700	65.100	39.904	96.990	403.72	1.1492	52.468	0.070979	supercritical
90.000	26.033	652.15	0.0015334	14.939	16.696	65.084	39.902	96.928	404.13	1.1456	52.526	0.071033	supercritical
90.000	26.067	652.65	0.0015322	14.934	16.692	65.068	39.901	96.867	404.55	1.1421	52.584	0.071087	supercritical
90.000	26.100	653.14	0.0015311	14.930	16.689	65.051	39.900	96.805	404.96	1.1385	52.642	0.071142	supercritical
90.000	26.133	653.63	0.0015299	14.925	16.685	65.035	39.898	96.744	405.38	1.1350	52.700	0.071196	supercritical
90.000	26.167	654.12	0.0015288	14.921	16.681	65.019	39.897	96.682	405.79	1.1315	52.757	0.071250	supercritical
90.000	26.200	654.61	0.0015276	14.916	16.678	65.003	39.896	96.621	406.20	1.1280	52.815	0.071304	supercritical
90.000	26.233	655.10	0.0015265	14.912	16.674	64.987	39.894	96.561	406.62	1.1245	52.872	0.071358	supercritical
90.000	26.267	655.59	0.0015253	14.907	16.670	64.970	39.893	96.500	407.03	1.1210	52.929	0.071412	supercritical
90.000	26.300	656.08	0.0015242	14.903	16.667	64.954	39.892	96.439	407.44	1.1176	52.987	0.071466	supercritical
90.000	26.333	656.56	0.0015231	14.898	16.663	64.938	39.891	96.379	407.85	1.1142	53.044	0.071519	supercritical
90.000	26.367	657.04	0.0015220	14.893	16.660	64.922	39.889	96.319	408.26	1.1107	53.101	0.071573	supercritical
90.000	26.400	657.53	0.0015209	14.889	16.656	64.906	39.888	96.259	408.67	1.1073	53.158	0.071626	supercritical
90.000	26.433	658.01	0.0015197	14.885	16.652	64.890	39.887	96.199	409.09	1.1039	53.215	0.071680	supercritical
90.000	26.467	658.49	0.0015186	14.880	16.649	64.875	39.886	96.139	409.50	1.1005	53.272	0.071733	supercritical
90.000	26.500	658.97	0.0015175	14.876	16.645	64.859	39.884	96.080	409.91	1.0972	53.328	0.071787	supercritical
90.000	26.533	659.44	0.0015164	14.871	16.642	64.843	39.883	96.021	410.31	1.0938	53.385	0.071840	supercritical
90.000	26.567	659.92	0.0015153	14.867	16.638	64.827	39.882	95.962	410.72	1.0905	53.442	0.071893	supercritical
90.000	26.600	660.39	0.0015142	14.862	16.635	64.812	39.881	95.903	411.13	1.0871	53.498	0.071946	supercritical
90.000	26.633	660.87	0.0015132	14.858	16.631	64.796	39.879	95.844	411.54	1.0838	53.555	0.071999	supercritical
90.000	26.667	661.34	0.0015121	14.853	16.628	64.780	39.878	95.785	411.95	1.0805	53.611	0.072052	supercritical
90.000	26.700	661.81	0.0015110	14.849	16.625	64.765	39.877	95.727	412.36	1.0772	53.668	0.072105	supercritical
90.000	26.733	662.28	0.0015099	14.845	16.621	64.749	39.876	95.668	412.76	1.0740	53.724	0.072158	supercritical
90.000	26.767	662.75	0.0015089	14.840	16.618	64.734	39.874	95.610	413.17	1.0707	53.780	0.072210	supercritical
90.000	26.800	663.22	0.0015078	14.836	16.614	64.718	39.873	95.552	413.58	1.0675	53.836	0.072263	supercritical
90.000	26.833	663.68	0.0015067	14.832	16.611	64.703	39.872	95.495	413.98	1.0642	53.892	0.072315	supercritical
90.000	26.867	664.15	0.0015057	14.827	16.608	64.687	39.871	95.437	414.39	1.0610	53.948	0.072368	supercritical
90.000	26.900	664.61	0.0015046	14.823	16.604	64.672	39.870	95.380	414.80	1.0578	54.004	0.072420	supercritical
90.000	26.933	665.08	0.0015036	14.819	16.601	64.657	39.869	95.322	415.20	1.0546	54.060	0.072473	supercritical
90.000	26.967	665.54	0.0015025	14.814	16.597	64.641	39.867	95.265	415.61	1.0514	54.115	0.072525	supercritical
90.000	27.000	666.00	0.0015015	14.810	16.594	64.626	39.866	95.208	416.01	1.0483	54.171	0.072577	supercritical
90.000	27.033	666.46	0.0015005	14.806	16.591	64.611	39.865	95.151	416.41	1.0451	54.226	0.072629	supercritical
90.000	27.067	666.92	0.0014994	14.801	16.587	64.596	39.864	95.095	416.82	1.0420	54.282	0.072681	supercritical
90.000	27.100	667.37	0.0014984	14.797	16.584	64.581	39.863	95.038	417.22	1.0388	54.337	0.072733	supercritical
90.000	27.133	667.83	0.0014974	14.793	16.581	64.565	39.862	94.982	417.62	1.0357	54.393	0.072785	supercritical
90.000	27.167	668.28	0.0014964	14.789	16.578	64.550	39.860	94.926	418.03	1.0326	54.448	0.072837	supercritical
90.000	27.200	668.74	0.0014954	14.784	16.574	64.535	39.859	94.870	418.43	1.0295	54.503	0.072889	supercritical
90.000	27.233	669.19	0.0014943	14.780	16.571	64.520	39.858	94.814	418.83	1.0264	54.558	0.072940	supercritical
90.000	27.267	669.64	0.0014933	14.776	16.568	64.505	39.857	94.759	419.23	1.0234	54.613	0.072992	supercritical
90.000	27.300	670.09	0.0014923	14.772	16.565	64.491	39.856	94.703	419.63	1.0203	54.668	0.073043	supercritical
90.000	27.333	670.54	0.0014913	14.767	16.561	64.476	39.855	94.648	420.03	1.0173	54.723	0.073095	supercritical
90.000	27.367	670.99	0.0014903	14.763	16.558	64.461	39.854	94.593	420.43	1.0142	54.778	0.073146	supercritical
90.000	27.400	671.44	0.0014893	14.759	16.555	64.446	39.853	94.538	420.83	1.0112	54.833	0.073197	supercritical
90.000	27.433	671.88	0.0014884	14.755	16.552	64.431	39.852	94.483	421.23	1.0082	54.887	0.073249	supercritical
90.000	27.467	672.33	0.0014874	14.751	16.549	64.416	39.851	94.428	421.63	1.0052	54.942	0.073300	supercritical
90.000	27.500	672.77	0.0014864	14.747	16.546	64.402	39.849	94.373	422.03	1.0022	54.996	0.073351	supercritical
90.000	27.533	673.21	0.0014854	14.742	16.542	64.387	39.848	94.319	422.43	0.99923	55.051	0.073402	supercritical
90.000	27.567	673.66	0.0014844	14.738	16.539	64.372	39.847	94.265	422.83	0.99627	55.105	0.073453	supercritical
90.000	27.600	674.10	0.0014835	14.734	16.536	64.358	39.846	94.211	423.23	0.99332	55.160	0.073504	supercritical
90.000	27.633	674.54	0.0014825	14.730	16.533	64.343	39.845	94.157	423.62	0.99038	55.214	0.073554	supercritical
90.000	27.667	674.97	0.0014815	14.726	16.530	64.329	39.844	94.103	424.02	0.98745	55.268	0.073605	supercritical
90.000	27.700	675.41	0.0014806	14.722	16.527	64.314	39.843	94.049	424.42	0.98454	55.322	0.073656	supercritical
90.000	27.733	675.85	0.0014796	14.718	16.524	64.300	39.842	93.996	424.81	0.98163	55.376	0.073706	supercritical
90.000	27.767	676.28	0.0014787	14.714	16.521	64.285	39.841	93.943	425.21	0.97874	55.430	0.073757	supercritical
90.000	27.800	676.72	0.0014777	14.710	16.518	64.271	39.840	93.890	425.61	0.97585	55.484	0.073807	supercritical
90.000	27.833	677.15	0.0014768	14.706	16.515	64.257	39.839	93.837	426.00	0.97298	55.538	0.073858	supercritical
90.000	27.867	677.58	0.0014758	14.702	16.512	64.242	39.838	93.784	426.40	0.97012	55.591	0.073908	supercritical
90.000	27.900	678.01	0.0014749	14.698	16.508	64.228	39.837	93.731	426.79	0.96727	55.645	0.073958	supercritical
90.000	27.933	678.44	0.0014740	14.693	16.505	64.214	39.836	93.678	427.18	0.96443	55.699	0.074008	supercritical
90.000	27.967	678.87	0.0014730	14.689	16.502	64.200	39.835	93.626	427.58	0.96161	55.752	0.074059	supercritical
90.000	28.000	679.30	0.0014721	14.685	16.499	64.185	39.834	93.574	427.97	0.95879	55.806	0.074109	supercritical
90.000	28.033	679.73	0.0014712	14.681	16.496	64.171	39.833	93.522	428.36	0.95598	55.859	0.074159	supercritical
90.000	28.067	680.15	0.0014703	14.677	16.494	64.157	39.832	93.470	428.76	0.95319	55.912	0.074208	supercritical
90.000	28.100	680.58	0.0014693	14.673	16.491	64.143	39.831	93.418	429.15	0.95040	55.966	0.074258	supercritical
90.000	28.133	681.00	0.0014684	14.669	16.488	64.129	39.830	93.366	429.54	0.94762	56.019	0.074308	supercritical
90.000	28.167	681.43	0.0014675	14.666	16.485	64.115	39.829	93.315	429.93	0.94486	56.072	0.074358	supercritical
90.000	28.200	681.85	0.0014666	14.662	16.482	64.101	39.828	93.263	430.33	0.94211	56.125	0.074407	supercritical
90.000	28.233	682.27	0.0014657	14.658	16.479	64.087	39.827	93.212	430.72	0.93936	56.178	0.074457	supercritical
90.000	28.267	682.69	0.0014648	14.654	16.476	64.073	39.826	93.161	431.11	0.93663	56.231	0.074506	supercritical
90.000	28.300	683.11	0.0014639	14.650	16.473	64.059	39.825	93.110	431.50	0.93391	56.284	0.074556	supercritical
90.000	28.333	683.53	0.0014630	14.646	16.470	64.045	39.824	93.059	431.89	0.93119	56.337	0.074605	supercritical
90.000	28.367	683.94	0.0014621	14.642	16.467	64.031	39.823	93.009	432.28	0.92849	56.389	0.074655	supercritical
90.000	28.400	684.36	0.0014612	14.638	16.464	64.017	39.822	92.958	432.67	0.92580	56.442	0.074704	supercritical
90.000	28.433	684.77	0.0014603	14.634	16.461	64.004	39.821	92.908	433.05	0.92312	56.495	0.074753	supercritical
90.000	28.467	685.19	0.0014595	14.630	16.459	63.990	39.820	92.858	433.44	0.92044	56.547	0.074802	supercritical
90.000	28.500	685.60	0.0014586	14.626	16.456	63.976	39.819	92.808	433.83	0.91778	56.600	0.074851	supercritical
90.000	28.533	686.01	0.0014577	14.622	16.453	63.962	39.818	92.758	434.22	0.91513	56.652	0.074900	supercritical
90.000	28.567	686.43	0.0014568	14.619	16.450	63.949	39.818	92.708	434.61	0.91249	56.704	0.074949	supercritical
90.000	28.600	686.84	0.0014560	14.615	16.447	63.935	39.817	92.658	434.99	0.90985	56.757	0.074998	supercritical
90.000	28.633	687.25	0.0014551	14.611	16.444	63.922	39.816	92.609	435.38	0.90723	56.809	0.075047	supercritical
90.000	28.667	687.65	0.0014542	14.607	16.442	63.908	39.815	92.559	435.77	0.90462	56.861	0.075096	supercritical
90.000	28.700	688.06	0.0014534	14.603	16.439	63.894	39.814	92.510	436.15	0.90201	56.913	0.075144	supercritical
90.000	28.733	688.47	0.0014525	14.599	16.436	63.881	39.813	92.461	436.54	0.89942	56.965	0.075193	supercritical
90.000	28.767	688.87	0.0014516	14.596	16.433	63.867	39.812	92.412	436.92	0.89683	57.017	0.075241	supercritical
90.000	28.800	689.28	0.0014508	14.592	16.431	63.854	39.811	92.363	437.31	0.89426	57.069	0.075290	supercritical
90.000	28.833	689.68	0.0014499	14.588	16.428	63.841	39.810	92.315	437.69	0.89169	57.121	0.075338	supercritical
90.000	28.867	690.09	0.0014491	14.584	16.425	63.827	39.810	92.266	438.08	0.88913	57.172	0.075387	supercritical
90.000	28.900	690.49	0.0014483	14.580	16.422	63.814	39.809	92.218	438.46	0.88659	57.224	0.075435	supercritical
90.000	28.933	690.89	0.0014474	14.577	16.420	63.800	39.808	92.170	438.85	0.88405	57.276	0.075483	supercritical
90.000	28.967	691.29	0.0014466	14.573	16.417	63.787	39.807	92.121	439.23	0.88152	57.327	0.075531	supercritical
90.000	29.000	691.69	0.0014457	14.569	16.414	63.774	39.806	92.073	439.61	0.87900	57.379	0.075579	supercritical
90.000	29.033	692.09	0.0014449	14.565	16.412	63.761	39.805	92.026	439.99	0.87649	57.430	0.075627	supercritical
90.000	29.067	692.48	0.0014441	14.562	16.409	63.747	39.804	91.978	440.38	0.87399	57.482	0.075675	supercritical
90.000	29.100	692.88	0.0014432	14.558	16.406	63.734	39.804	91.930	440.76	0.87149	57.533	0.075723	supercritical
90.000	29.133	693.28	0.0014424	14.554	16.404	63.721	39.803	91.883	441.14	0.86901	57.584	0.075771	supercritical
90.000	29.167	693.67	0.0014416	14.550	16.401	63.708	39.802	91.835	441.52	0.86653	57.635	0.075819	supercritical
90.000	29.200	694.07	0.0014408	14.547	16.398	63.695	39.801	91.788	441.90	0.86407	57.686	0.075867	supercritical
90.000	29.233	694.46	0.0014400	14.543	16.396	63.682	39.800	91.741	442.28	0.86161	57.738	0.075914	supercritical
90.000	29.267	694.85	0.0014392	14.539	16.393	63.669	39.799	91.694	442.66	0.85916	57.789	0.075962	supercritical
90.000	29.300	695.24	0.0014383	14.536	16.390	63.656	39.799	91.647	443.04	0.85672	57.839	0.076010	supercritical
90.000	29.333	695.63	0.0014375	14.532	16.388	63.643	39.798	91.601	443.42	0.85429	57.890	0.076057	supercritical
90.000	29.367	696.02	0.0014367	14.528	16.385	63.630	39.797	91.554	443.80	0.85187	57.941	0.076105	supercritical
90.000	29.400	696.41	0.0014359	14.525	16.383	63.617	39.796	91.508	444.18	0.84946	57.992	0.076152	supercritical
90.000	29.433	696.80	0.0014351	14.521	16.380	63.604	39.795	91.462	444.56	0.84705	58.043	0.076199	supercritical
90.000	29.467	697.19	0.0014343	14.517	16.377	63.591	39.795	91.415	444.94	0.84466	58.093	0.076247	supercritical
90.000	29.500	697.57	0.0014335	14.514	16.375	63.578	39.794	91.369	445.31	0.84227	58.144	0.076294	supercritical
90.000	29.533	697.96	0.0014327	14.510	16.372	63.565	39.793	91.323	445.69	0.83989	58.194	0.076341	supercritical
90.000	29.567	698.34	0.0014320	14.506	16.370	63.552	39.792	91.278	446.07	0.83752	58.245	0.076388	supercritical
90.000	29.600	698.73	0.0014312	14.503	16.367	63.540	39.791	91.232	446.45	0.83515	58.295	0.076435	supercritical
90.000	29.633	699.11	0.0014304	14.499	16.365	63.527	39.791	91.187	446.82	0.83280	58.346	0.076482	supercritical
90.000	29.667	699.49	0.0014296	14.496	16.362	63.514	39.790	91.141	447.20	0.83045	58.396	0.076529	supercritical
90.000	29.700	699.88	0.0014288	14.492	16.360	63.501	39.789	91.096	447.57	0.82811	58.446	0.076576	supercritical
90.000	29.733	700.26	0.0014280	14.488	16.357	63.489	39.788	91.051	447.95	0.82578	58.496	0.076623	supercritical
90.000	29.767	700.64	0.0014273	14.485	16.355	63.476	39.788	91.006	448.32	0.82346	58.546	0.076669	supercritical
90.000	29.800	701.01	0.0014265	14.481	16.352	63.463	39.787	90.961	448.70	0.82115	58.596	0.076716	supercritical
90.000	29.833	701.39	0.0014257	14.478	16.350	63.451	39.786	90.916	449.07	0.81884	58.646	0.076763	supercritical
90.000	29.867	701.77	0.0014250	14.474	16.347	63.438	39.786	90.871	449.45	0.81655	58.696	0.076809	supercritical
90.000	29.900	702.15	0.0014242	14.471	16.345	63.426	39.785	90.827	449.82	0.81426	58.746	0.076856	supercritical
90.000	29.933	702.52	0.0014234	14.467	16.342	63.413	39.784	90.783	450.20	0.81197	58.796	0.076902	supercritical
90.000	29.967	702.90	0.0014227	14.463	16.340	63.401	39.783	90.738	450.57	0.80970	58.846	0.076949	supercritical
90.000	30.000	703.27	0.0014219	14.460	16.337	63.388	39.783	90.694	450.94	0.80743	58.895	0.076995	supercritical
